# Time-averaged data for fix msd
# TimeStep c_msd[4]
1000 1.04308
2000 2.6008
3000 4.35878
4000 6.18986
5000 8.01218
6000 9.72789
7000 11.3762
8000 13.0201
9000 14.7728
10000 16.3125
11000 17.8792
12000 19.5746
13000 21.2566
14000 22.8732
15000 24.4293
16000 25.7302
17000 27.3392
18000 29.08
19000 30.8431
20000 32.5287
21000 34.4774
22000 36.1945
23000 37.8444
24000 39.9314
25000 42.0472
26000 43.606
27000 45.0996
28000 46.527
29000 48.4154
30000 50.5267
31000 52.2947
32000 53.8711
33000 55.6909
34000 57.4654
35000 59.5466
36000 61.3672
37000 63.0717
38000 64.7846
39000 66.3961
40000 68.0643
41000 69.3229
42000 71.1259
43000 73.2214
44000 75.2704
45000 77.2808
46000 79.1853
47000 80.496
48000 82.8517
49000 84.4499
50000 86.1091
51000 88.4486
52000 90.739
53000 92.4128
54000 93.9305
55000 95.2875
56000 96.3555
57000 97.5326
58000 98.6319
59000 100.644
60000 102.936
61000 105
62000 107.278
63000 109.192
64000 110.884
65000 112.369
66000 113.858
67000 115.634
68000 117.411
69000 118.574
70000 120.567
71000 122.975
72000 124.532
73000 125.735
74000 126.832
75000 128.313
76000 130.299
77000 131.976
78000 133.011
79000 134.378
80000 136.225
81000 137.873
82000 139.032
83000 140.457
84000 142.909
85000 146.213
86000 148.871
87000 151.628
88000 154.199
89000 155.852
90000 157.529
91000 158.707
92000 160.881
93000 162.921
94000 164.072
95000 165.771
96000 167.338
97000 169.606
98000 171.106
99000 172.084
100000 174.393
101000 176.167
102000 177.879
103000 178.829
104000 180.396
105000 182.212
106000 183.65
107000 184.83
108000 186.301
109000 187.463
110000 189.194
111000 190.986
112000 193.295
113000 194.736
114000 196.654
115000 198.628
116000 200.348
117000 201.89
118000 203.615
119000 205.822
120000 206.971
121000 208.82
122000 210.55
123000 212.359
124000 214.115
125000 216.741
126000 218.743
127000 220.733
128000 223.328
129000 225.034
130000 226.714
131000 228.908
132000 230.509
133000 231.555
134000 232.679
135000 234.549
136000 236.873
137000 238.253
138000 240.588
139000 243.54
140000 245.586
141000 246.04
142000 247.592
143000 249.93
144000 251.985
145000 254.254
146000 255.609
147000 257.235
148000 260.174
149000 262.308
150000 264.121
151000 265.393
152000 267.823
153000 270.228
154000 272.14
155000 273.776
156000 274.588
157000 276.415
158000 277.762
159000 279.772
160000 282.097
161000 284.122
162000 286.067
163000 287.248
164000 289.089
165000 291.425
166000 293.174
167000 294.442
168000 297.358
169000 298.649
170000 299.67
171000 301.295
172000 304.051
173000 306.282
174000 307.979
175000 308.608
176000 311.028
177000 311.732
178000 313.337
179000 316.981
180000 319.698
181000 320.537
182000 322.386
183000 324.162
184000 326.643
185000 330.054
186000 331.678
187000 332.979
188000 334.538
189000 338.186
190000 340.604
191000 342.518
192000 344.097
193000 345.073
194000 346.211
195000 346.676
196000 347.892
197000 348.856
198000 347.992
199000 348.208
200000 348.729
201000 350.117
202000 351.904
203000 353.986
204000 356.459
205000 358.872
206000 360.466
207000 362.435
208000 363.94
209000 365.554
210000 367.369
211000 369.97
212000 372.18
213000 374.425
214000 376.739
215000 377.47
216000 379.278
217000 381.259
218000 382.823
219000 383.959
220000 384.904
221000 386.54
222000 388.609
223000 390.551
224000 393.443
225000 396.591
226000 399.731
227000 401.795
228000 402.22
229000 404.166
230000 405.558
231000 407.381
232000 409.24
233000 411.235
234000 414.483
235000 416.581
236000 418.291
237000 421.076
238000 424.88
239000 425.611
240000 426.142
241000 427.352
242000 428.621
243000 430.232
244000 431.191
245000 432.21
246000 434.793
247000 436.719
248000 439.044
249000 440.406
250000 443.627
251000 446.46
252000 449.055
253000 451.394
254000 453.054
255000 455.311
256000 457.731
257000 461.21
258000 461.588
259000 463.322
260000 464.985
261000 466.336
262000 467.802
263000 469.379
264000 471.336
265000 474.39
266000 476.413
267000 478.075
268000 479.69
269000 480.949
270000 481.572
271000 484.538
272000 486.475
273000 490.211
274000 492.994
275000 496.019
276000 497.415
277000 498.12
278000 500.521
279000 502.038
280000 505.521
281000 507.849
282000 511.634
283000 514.153
284000 516.993
285000 519.934
286000 521.495
287000 523.291
288000 524.917
289000 527.026
290000 527.327
291000 529.772
292000 531.936
293000 534.296
294000 534.967
295000 535.875
296000 537.58
297000 539.469
298000 541.443
299000 543.693
300000 545.399
301000 547.298
302000 548.496
303000 551.033
304000 553.448
305000 555.323
306000 556.19
307000 558.955
308000 561.231
309000 563.739
310000 564.345
311000 564.705
312000 563.963
313000 565.19
314000 567.68
315000 569.888
316000 572.508
317000 575.612
318000 579.082
319000 582.501
320000 585.002
321000 587.418
322000 589.898
323000 592.45
324000 595.278
325000 597.087
326000 598.871
327000 600.787
328000 601.731
329000 604.539
330000 606.982
331000 608.517
332000 610.567
333000 612.801
334000 615.25
335000 617.972
336000 621.878
337000 625.425
338000 627.2
339000 628.483
340000 629.126
341000 630.048
342000 630.859
343000 632.451
344000 635.445
345000 637.77
346000 640.315
347000 641.473
348000 643.054
349000 646.166
350000 646.089
351000 647.335
352000 650.318
353000 653.094
354000 654.995
355000 657.93
356000 660.122
357000 661.679
358000 663.373
359000 666.02
360000 666.868
361000 670.172
362000 672.406
363000 673.893
364000 676.326
365000 675.999
366000 676.676
367000 678.223
368000 679.724
369000 680.987
370000 683.659
371000 683.671
372000 685.521
373000 687.046
374000 687.966
375000 690.584
376000 692.284
377000 693.848
378000 696.754
379000 697.288
380000 697.878
381000 699.263
382000 699.904
383000 702.281
384000 705.628
385000 708.322
386000 710.872
387000 712.91
388000 714.466
389000 715.96
390000 718.673
391000 722.978
392000 727
393000 728.408
394000 731.954
395000 734.005
396000 734.59
397000 737.203
398000 739.289
399000 742.772
400000 744.803
401000 748.089
402000 750.71
403000 753.804
404000 755.905
405000 757.768
406000 759.429
407000 761.07
408000 763.085
409000 765.315
410000 765.866
411000 768.361
412000 769.965
413000 771.707
414000 774.407
415000 775.767
416000 776.16
417000 776.908
418000 779.052
419000 779.942
420000 782.126
421000 784.366
422000 785.919
423000 788.544
424000 790.642
425000 792.512
426000 794.796
427000 798.992
428000 800.047
429000 800.649
430000 804.097
431000 806.776
432000 808.655
433000 812.358
434000 813.904
435000 815.675
436000 818.108
437000 820.007
438000 821.077
439000 823.561
440000 824.041
441000 823.477
442000 823.893
443000 826.322
444000 827.132
445000 828.819
446000 831.516
447000 832.886
448000 834.896
449000 836.502
450000 838.091
451000 842.028
452000 844.556
453000 846.062
454000 847.667
455000 850.096
456000 852.897
457000 855.76
458000 860.164
459000 864.752
460000 867.364
461000 869.894
462000 871.517
463000 873.034
464000 875.174
465000 877.248
466000 878.819
467000 879.448
468000 880.998
469000 881.425
470000 884.924
471000 888.563
472000 890.874
473000 891.103
474000 892.211
475000 893.414
476000 894.808
477000 895.938
478000 898.414
479000 904.028
480000 906.511
481000 907.977
482000 907.554
483000 908.841
484000 910.307
485000 912.105
486000 912.925
487000 915.066
488000 916.637
489000 919.311
490000 921.615
491000 925.497
492000 926.996
493000 930.401
494000 933.701
495000 936.27
496000 941.6
497000 945.004
498000 944.948
499000 948.101
500000 951.677
501000 954.472
502000 957.372
503000 959.582
504000 962.182
505000 964.067
506000 966.94
507000 969.232
508000 971.304
509000 973.558
510000 975.18
511000 978.076
512000 981.484
513000 984.247
514000 986.4
515000 989.342
516000 993.516
517000 994.809
518000 996.692
519000 999.357
520000 1002.34
521000 1006.01
522000 1007.45
523000 1007.79
524000 1009.55
525000 1012.11
526000 1014.64
527000 1015.55
528000 1017
529000 1019.32
530000 1022.3
531000 1025.65
532000 1028.52
533000 1029.55
534000 1030.85
535000 1031.73
536000 1033.21
537000 1034.55
538000 1036.81
539000 1038.57
540000 1041.85
541000 1045.72
542000 1046.82
543000 1049.78
544000 1053.27
545000 1057.12
546000 1059.66
547000 1063.24
548000 1064.86
549000 1066.34
550000 1067.68
551000 1071.34
552000 1074.75
553000 1076.48
554000 1076.64
555000 1077.76
556000 1079.8
557000 1081.88
558000 1084.77
559000 1089.59
560000 1091.29
561000 1091.84
562000 1093.87
563000 1097.53
564000 1099.52
565000 1101.38
566000 1105.17
567000 1108.12
568000 1109.44
569000 1111.09
570000 1113.81
571000 1116.9
572000 1118.1
573000 1117.55
574000 1119.32
575000 1120.58
576000 1120.72
577000 1123.55
578000 1126.12
579000 1128.33
580000 1128.81
581000 1129.22
582000 1130.02
583000 1131.52
584000 1134.74
585000 1137.66
586000 1140.95
587000 1142.22
588000 1146.43
589000 1149.83
590000 1149.6
591000 1153.19
592000 1154.08
593000 1155.98
594000 1158.5
595000 1163.48
596000 1165.97
597000 1166.61
598000 1167.48
599000 1165.68
600000 1166.36
601000 1167.84
602000 1171.17
603000 1172.49
604000 1175.06
605000 1177.85
606000 1179.71
607000 1184
608000 1186.45
609000 1189.33
610000 1191.19
611000 1195.76
612000 1198.56
613000 1200.96
614000 1202.84
615000 1204.6
616000 1205.96
617000 1206.47
618000 1210.47
619000 1213.45
620000 1213.86
621000 1214.29
622000 1216.26
623000 1217.76
624000 1219.47
625000 1220.82
626000 1222.27
627000 1224.48
628000 1228.48
629000 1230.96
630000 1234.85
631000 1238.67
632000 1241.55
633000 1246.72
634000 1251.06
635000 1255.88
636000 1258.41
637000 1260.1
638000 1262.65
639000 1264.59
640000 1267.75
641000 1270.99
642000 1274.1
643000 1278.43
644000 1279
645000 1281.32
646000 1284.37
647000 1285.46
648000 1287.81
649000 1288.23
650000 1288.24
651000 1289.82
652000 1290.4
653000 1293.45
654000 1295.11
655000 1297.58
656000 1298.12
657000 1297.72
658000 1301.68
659000 1305.2
660000 1305.78
661000 1304.96
662000 1306.5
663000 1308.14
664000 1308.41
665000 1310.45
666000 1312.54
667000 1314.19
668000 1314.97
669000 1316.5
670000 1317.5
671000 1320.5
672000 1320.87
673000 1323.08
674000 1325.69
675000 1327.05
676000 1328.25
677000 1329.88
678000 1331.96
679000 1335.86
680000 1339.2
681000 1340.05
682000 1343.34
683000 1344.05
684000 1346.51
685000 1349.54
686000 1351.39
687000 1353.78
688000 1355.53
689000 1356.84
690000 1359.45
691000 1363.51
692000 1365.4
693000 1368.39
694000 1373.32
695000 1376.19
696000 1377.33
697000 1380.11
698000 1381.96
699000 1382.12
700000 1384.09
701000 1384.66
702000 1386.29
703000 1388.53
704000 1390.38
705000 1391.62
706000 1391.68
707000 1391.16
708000 1393.44
709000 1395.92
710000 1397.98
711000 1399.05
712000 1402.51
713000 1404.21
714000 1406.38
715000 1407.04
716000 1408.26
717000 1409.79
718000 1412.35
719000 1414.82
720000 1416.94
721000 1420.26
722000 1425.33
723000 1425.94
724000 1428.53
725000 1432.41
726000 1433.3
727000 1434.48
728000 1434
729000 1433.26
730000 1433.4
731000 1432.88
732000 1433.61
733000 1434.78
734000 1438.53
735000 1440.3
736000 1443.09
737000 1445.65
738000 1444.45
739000 1444.81
740000 1446.58
741000 1447.88
742000 1449.77
743000 1450.14
744000 1451.9
745000 1453.64
746000 1451.9
747000 1450.85
748000 1451.29
749000 1453.08
750000 1453.13
751000 1455.48
752000 1456.18
753000 1454.66
754000 1455.21
755000 1456.72
756000 1460.06
757000 1463.86
758000 1467.11
759000 1469.66
760000 1472.6
761000 1476.67
762000 1479.96
763000 1482.34
764000 1484.46
765000 1484.78
766000 1487.44
767000 1490.94
768000 1496.45
769000 1500.88
770000 1501.36
771000 1503.46
772000 1502.49
773000 1503.53
774000 1505.58
775000 1506.8
776000 1507.62
777000 1508.45
778000 1507.84
779000 1508.1
780000 1510.96
781000 1512.37
782000 1512.21
783000 1515.85
784000 1519.01
785000 1519.9
786000 1521.83
787000 1522.48
788000 1524.93
789000 1528.29
790000 1531.71
791000 1531.61
792000 1532.9
793000 1535.78
794000 1536.44
795000 1538.14
796000 1538.59
797000 1539.41
798000 1542.53
799000 1544.9
800000 1546.68
801000 1548.87
802000 1548.55
803000 1548.61
804000 1550.33
805000 1551.21
806000 1554.1
807000 1557.61
808000 1559.76
809000 1562.73
810000 1567.16
811000 1570.35
812000 1571.16
813000 1571.41
814000 1574.26
815000 1577.97
816000 1580.23
817000 1580.11
818000 1581.58
819000 1582.47
820000 1584.31
821000 1584.58
822000 1588.14
823000 1590.83
824000 1591.71
825000 1590.99
826000 1592.82
827000 1596.52
828000 1601.47
829000 1602.2
830000 1603.78
831000 1604.99
832000 1604.18
833000 1602.84
834000 1602.36
835000 1600.98
836000 1602.61
837000 1605.84
838000 1609.21
839000 1612.13
840000 1613.38
841000 1613.2
842000 1614.1
843000 1617.18
844000 1618.84
845000 1620.33
846000 1621.99
847000 1623.52
848000 1626.85
849000 1628.19
850000 1629.22
851000 1628.48
852000 1629.95
853000 1633.32
854000 1634.24
855000 1637.56
856000 1640.88
857000 1644.11
858000 1645.28
859000 1645.76
860000 1647.66
861000 1650.49
862000 1650
863000 1651
864000 1651.77
865000 1654.58
866000 1657.85
867000 1658.35
868000 1661.55
869000 1663.2
870000 1664.94
871000 1665.24
872000 1666.65
873000 1668.43
874000 1671.54
875000 1677.13
876000 1680.56
877000 1686.45
878000 1690.52
879000 1691.41
880000 1691.58
881000 1691.32
882000 1689.61
883000 1694.22
884000 1697.64
885000 1699.2
886000 1699.91
887000 1700.35
888000 1701.59
889000 1704.26
890000 1705.78
891000 1709.35
892000 1708.81
893000 1713.39
894000 1716.75
895000 1718.18
896000 1720.9
897000 1722.95
898000 1727.2
899000 1730.74
900000 1731.04
901000 1731.24
902000 1732.44
903000 1732.14
904000 1732.95
905000 1733.5
906000 1736.09
907000 1741.01
908000 1744
909000 1746.43
910000 1750.49
911000 1752.03
912000 1751.54
913000 1750.96
914000 1748.63
915000 1749.66
916000 1752
917000 1753.91
918000 1757.5
919000 1759
920000 1760.5
921000 1761.93
922000 1765
923000 1767.29
924000 1769.36
925000 1771.65
926000 1772.47
927000 1773.34
928000 1775.07
929000 1773.7
930000 1779.32
931000 1782.24
932000 1788.58
933000 1789.76
934000 1790.98
935000 1793.57
936000 1795.33
937000 1795.98
938000 1797.16
939000 1798.74
940000 1799.79
941000 1801.74
942000 1803.24
943000 1805.13
944000 1804.87
945000 1805.18
946000 1805.18
947000 1806.17
948000 1808.44
949000 1810.99
950000 1812.45
951000 1813.13
952000 1811.6
953000 1811.62
954000 1810.52
955000 1811.13
956000 1812.26
957000 1812.41
958000 1813.85
959000 1814.44
960000 1813.69
961000 1816.37
962000 1819.36
963000 1824.9
964000 1827.64
965000 1830.65
966000 1833.09
967000 1835.68
968000 1839.39
969000 1841.07
970000 1842.53
971000 1842.65
972000 1845.6
973000 1845.97
974000 1846.41
975000 1850.42
976000 1851.02
977000 1853.57
978000 1853.09
979000 1852.55
980000 1855.15
981000 1855.94
982000 1857.17
983000 1857.64
984000 1859.32
985000 1861.05
986000 1861.38
987000 1860.74
988000 1862.78
989000 1864.99
990000 1869.92
991000 1875.08
992000 1876.8
993000 1879.69
994000 1884.75
995000 1887.45
996000 1891.68
997000 1895.81
998000 1899.43
999000 1900.49
1000000 1900.8
