# Time-averaged data for fix msd
# TimeStep c_msd[4]
1000 0.29834
2000 0.538276
3000 0.68876
4000 0.760499
5000 0.870772
6000 0.892166
7000 0.945389
8000 1.0399
9000 1.1019
10000 1.09753
11000 1.12973
12000 1.17504
13000 1.17552
14000 1.17896
15000 1.25659
16000 1.29559
17000 1.21963
18000 1.28299
19000 1.2908
20000 1.32557
21000 1.32273
22000 1.35619
23000 1.38565
24000 1.42976
25000 1.42001
26000 1.37695
27000 1.40812
28000 1.44911
29000 1.42053
30000 1.47273
31000 1.50776
32000 1.50761
33000 1.54513
34000 1.49959
35000 1.54342
36000 1.59333
37000 1.5769
38000 1.58045
39000 1.61123
40000 1.61341
41000 1.61156
42000 1.67347
43000 1.66961
44000 1.68443
45000 1.7599
46000 1.73078
47000 1.74641
48000 1.78561
49000 1.84077
50000 1.84472
51000 1.86099
52000 1.84558
53000 1.91587
54000 1.92793
55000 1.90638
56000 1.90771
57000 1.9582
58000 1.89125
59000 1.91567
60000 1.94294
61000 1.9013
62000 1.9113
63000 1.94793
64000 1.93407
65000 1.90663
66000 1.9428
67000 1.89924
68000 1.92844
69000 1.91219
70000 1.9403
71000 1.9829
72000 1.98954
73000 1.9626
74000 1.94172
75000 1.90167
76000 1.93871
77000 1.94789
78000 1.9291
79000 1.93523
80000 1.95074
81000 1.96476
82000 1.97343
83000 1.94803
84000 1.98581
85000 1.99959
86000 2.0095
87000 2.00358
88000 1.95647
89000 1.99839
90000 1.97986
91000 2.0104
92000 2.02986
93000 1.98866
94000 2.01023
95000 2.01924
96000 2.05031
97000 2.09056
98000 2.12912
99000 2.13896
100000 2.09921
101000 2.13452
102000 2.1629
103000 2.21893
104000 2.14574
105000 2.13199
106000 2.19063
107000 2.25096
108000 2.2503
109000 2.256
110000 2.32184
111000 2.27511
112000 2.23301
113000 2.26462
114000 2.30726
115000 2.3002
116000 2.31893
117000 2.27195
118000 2.23925
119000 2.29722
120000 2.30065
121000 2.32309
122000 2.317
123000 2.35225
124000 2.43817
125000 2.37286
126000 2.29461
127000 2.33904
128000 2.28301
129000 2.32915
130000 2.33579
131000 2.29868
132000 2.30286
133000 2.31598
134000 2.31111
135000 2.31305
136000 2.37936
137000 2.37361
138000 2.36429
139000 2.31849
140000 2.34517
141000 2.39774
142000 2.35981
143000 2.40055
144000 2.37594
145000 2.36672
146000 2.39811
147000 2.43506
148000 2.39385
149000 2.37261
150000 2.3595
151000 2.44487
152000 2.43528
153000 2.45411
154000 2.39505
155000 2.49032
156000 2.46773
157000 2.45851
158000 2.47259
159000 2.53681
160000 2.56338
161000 2.55241
162000 2.54199
163000 2.47331
164000 2.48525
165000 2.46074
166000 2.48366
167000 2.55928
168000 2.55062
169000 2.52469
170000 2.51887
171000 2.58253
172000 2.57683
173000 2.56166
174000 2.55667
175000 2.49024
176000 2.4868
177000 2.52475
178000 2.51053
179000 2.50308
180000 2.49546
181000 2.49366
182000 2.49445
183000 2.4826
184000 2.46944
185000 2.46129
186000 2.48832
187000 2.48403
188000 2.54396
189000 2.4697
190000 2.48906
191000 2.51693
192000 2.50346
193000 2.50556
194000 2.55126
195000 2.52921
196000 2.53019
197000 2.57138
198000 2.5477
199000 2.56377
200000 2.56233
201000 2.5719
202000 2.54881
203000 2.59159
204000 2.59904
205000 2.6592
206000 2.56759
207000 2.55634
208000 2.58561
209000 2.5955
210000 2.58501
211000 2.61029
212000 2.60606
213000 2.61327
214000 2.62236
215000 2.62281
216000 2.593
217000 2.59392
218000 2.6065
219000 2.66536
220000 2.66538
221000 2.63511
222000 2.61357
223000 2.63014
224000 2.65461
225000 2.69036
226000 2.68761
227000 2.6282
228000 2.68045
229000 2.68133
230000 2.66652
231000 2.66848
232000 2.69778
233000 2.70229
234000 2.62838
235000 2.74297
236000 2.75713
237000 2.78149
238000 2.66609
239000 2.65721
240000 2.72281
241000 2.7532
242000 2.75674
243000 2.76916
244000 2.69867
245000 2.68954
246000 2.7608
247000 2.78365
248000 2.75341
249000 2.73268
250000 2.7143
251000 2.72929
252000 2.71065
253000 2.67898
254000 2.76919
255000 2.77652
256000 2.69
257000 2.63795
258000 2.70148
259000 2.72603
260000 2.73789
261000 2.82617
262000 2.74347
263000 2.74549
264000 2.83518
265000 2.83598
266000 2.84237
267000 2.77429
268000 2.74363
269000 2.79168
270000 2.77104
271000 2.71379
272000 2.72448
273000 2.72561
274000 2.75462
275000 2.69083
276000 2.72542
277000 2.76569
278000 2.80571
279000 2.73225
280000 2.79269
281000 2.76716
282000 2.81798
283000 2.77548
284000 2.80261
285000 2.81124
286000 2.81542
287000 2.82152
288000 2.78337
289000 2.71082
290000 2.74087
291000 2.77503
292000 2.75057
293000 2.71835
294000 2.73457
295000 2.7621
296000 2.79146
297000 2.77286
298000 2.76073
299000 2.78854
300000 2.75878
301000 2.82573
302000 2.76624
303000 2.7812
304000 2.80447
305000 2.87854
306000 2.79059
307000 2.75382
308000 2.76999
309000 2.8505
310000 2.85334
311000 2.85119
312000 2.82739
313000 2.90914
314000 2.85772
315000 2.85181
316000 2.8541
317000 2.85612
318000 2.88874
319000 2.86495
320000 2.87396
321000 2.85481
322000 2.85767
323000 2.90163
324000 2.93984
325000 2.92379
326000 2.90505
327000 2.87878
328000 2.83678
329000 2.87694
330000 2.94398
331000 2.90757
332000 2.85615
333000 2.83158
334000 2.8655
335000 2.8741
336000 2.88919
337000 2.87385
338000 2.90578
339000 2.8757
340000 2.8803
341000 2.89913
342000 2.9006
343000 2.8352
344000 2.89283
345000 2.87929
346000 2.92993
347000 2.91064
348000 2.88762
349000 2.89885
350000 2.91761
351000 2.89992
352000 2.87471
353000 2.94742
354000 2.88149
355000 2.86176
356000 2.92244
357000 2.91693
358000 2.88501
359000 2.84637
360000 2.86291
361000 2.88532
362000 2.93566
363000 2.89811
364000 2.85753
365000 2.85774
366000 2.91912
367000 2.91534
368000 2.98447
369000 2.9192
370000 2.89067
371000 2.91583
372000 2.94003
373000 2.97256
374000 2.96951
375000 2.99013
376000 2.99013
377000 2.96962
378000 3.00377
379000 2.9655
380000 2.95967
381000 3.00159
382000 2.96577
383000 2.9687
384000 2.91474
385000 2.98721
386000 2.9276
387000 2.9084
388000 2.96955
389000 2.94226
390000 2.9619
391000 2.96935
392000 2.98418
393000 2.92947
394000 3.02945
395000 3.01349
396000 3.00173
397000 2.95548
398000 2.93257
399000 2.94996
400000 3.05406
401000 3.0333
402000 2.99416
403000 3.02955
404000 3.01271
405000 3.08748
406000 3.02198
407000 3.0609
408000 3.1051
409000 3.15336
410000 3.06107
411000 3.08897
412000 3.05123
413000 3.1262
414000 3.12232
415000 3.09233
416000 3.1081
417000 3.08013
418000 3.12709
419000 3.10529
420000 3.11682
421000 3.0461
422000 3.10554
423000 3.13225
424000 3.10839
425000 3.03273
426000 3.05364
427000 3.10279
428000 3.15174
429000 3.10985
430000 3.0871
431000 3.12188
432000 3.07517
433000 3.0679
434000 2.98217
435000 3.0276
436000 3.07091
437000 3.05596
438000 3.1047
439000 2.98427
440000 3.05937
441000 3.08696
442000 3.10172
443000 3.04739
444000 3.09593
445000 3.07962
446000 3.0262
447000 3.12641
448000 3.16297
449000 3.0583
450000 3.07642
451000 3.05856
452000 3.05468
453000 3.0508
454000 3.08556
455000 3.03257
456000 3.09711
457000 3.10012
458000 3.08989
459000 3.08909
460000 3.03383
461000 2.99823
462000 3.08271
463000 3.08592
464000 3.08109
465000 3.08765
466000 3.09112
467000 3.09719
468000 3.0828
469000 3.06531
470000 3.12422
471000 3.12006
472000 3.15157
473000 3.12967
474000 3.1553
475000 3.122
476000 3.14146
477000 3.15185
478000 3.03805
479000 3.07774
480000 3.16539
481000 3.17595
482000 3.18554
483000 3.08903
484000 3.13867
485000 3.11196
486000 3.15548
487000 3.12001
488000 3.12738
489000 3.18102
490000 3.16027
491000 3.17848
492000 3.18104
493000 3.15152
494000 3.14757
495000 3.17288
496000 3.16567
497000 3.18229
498000 3.19319
499000 3.22701
500000 3.15669
501000 3.14872
502000 3.17237
503000 3.16099
504000 3.07887
505000 3.1207
506000 3.13029
507000 3.15669
508000 3.17527
509000 3.15389
510000 3.17887
511000 3.17399
512000 3.16164
513000 3.18461
514000 3.18039
515000 3.21527
516000 3.23522
517000 3.20577
518000 3.19715
519000 3.18788
520000 3.20551
521000 3.17507
522000 3.14081
523000 3.23103
524000 3.28003
525000 3.21175
526000 3.21818
527000 3.2568
528000 3.22586
529000 3.20848
530000 3.25778
531000 3.2801
532000 3.26411
533000 3.27747
534000 3.21461
535000 3.23152
536000 3.25085
537000 3.23377
538000 3.28775
539000 3.23806
540000 3.2256
541000 3.18179
542000 3.27691
543000 3.28003
544000 3.23551
545000 3.17168
546000 3.21985
547000 3.2184
548000 3.29705
549000 3.28116
550000 3.30916
551000 3.30911
552000 3.32857
553000 3.47532
554000 3.38721
555000 3.3911
556000 3.41737
557000 3.47256
558000 3.46414
559000 3.39137
560000 3.35392
561000 3.44952
562000 3.44816
563000 3.31549
564000 3.38422
565000 3.32167
566000 3.37426
567000 3.3542
568000 3.3723
569000 3.35217
570000 3.39867
571000 3.39207
572000 3.44883
573000 3.38751
574000 3.39622
575000 3.3992
576000 3.39478
577000 3.44944
578000 3.45505
579000 3.32418
580000 3.32229
581000 3.30525
582000 3.31921
583000 3.34812
584000 3.31083
585000 3.32125
586000 3.28533
587000 3.30731
588000 3.33775
589000 3.33301
590000 3.32573
591000 3.37432
592000 3.34864
593000 3.29453
594000 3.33648
595000 3.32924
596000 3.29415
597000 3.37827
598000 3.30951
599000 3.30631
600000 3.33795
601000 3.42335
602000 3.27823
603000 3.27993
604000 3.31757
605000 3.36894
606000 3.3204
607000 3.26108
608000 3.28331
609000 3.36905
610000 3.32564
611000 3.29066
612000 3.37145
613000 3.29591
614000 3.30038
615000 3.3415
616000 3.33294
617000 3.30321
618000 3.30201
619000 3.32253
620000 3.35512
621000 3.39309
622000 3.20638
623000 3.30435
624000 3.36065
625000 3.37015
626000 3.28757
627000 3.28992
628000 3.31106
629000 3.29341
630000 3.27418
631000 3.26051
632000 3.28237
633000 3.34372
634000 3.31008
635000 3.21665
636000 3.28653
637000 3.29968
638000 3.30264
639000 3.34847
640000 3.31154
641000 3.31392
642000 3.30041
643000 3.31037
644000 3.31574
645000 3.26681
646000 3.26296
647000 3.33246
648000 3.32368
649000 3.31624
650000 3.39617
651000 3.34475
652000 3.33251
653000 3.33721
654000 3.39565
655000 3.42445
656000 3.44049
657000 3.41322
658000 3.31079
659000 3.36801
660000 3.38918
661000 3.37367
662000 3.36874
663000 3.38604
664000 3.36627
665000 3.39867
666000 3.41263
667000 3.37769
668000 3.32768
669000 3.32319
670000 3.35997
671000 3.3908
672000 3.37279
673000 3.35094
674000 3.37216
675000 3.42895
676000 3.43087
677000 3.34896
678000 3.43301
679000 3.50941
680000 3.37525
681000 3.38978
682000 3.45316
683000 3.44612
684000 3.45721
685000 3.49726
686000 3.44572
687000 3.39112
688000 3.35396
689000 3.44545
690000 3.53701
691000 3.47581
692000 3.47835
693000 3.44763
694000 3.50257
695000 3.48834
696000 3.44324
697000 3.42112
698000 3.51775
699000 3.48401
700000 3.39746
701000 3.42391
702000 3.47046
703000 3.48988
704000 3.44634
705000 3.41816
706000 3.41931
707000 3.4079
708000 3.44392
709000 3.49257
710000 3.49232
711000 3.55103
712000 3.50234
713000 3.5013
714000 3.36245
715000 3.43676
716000 3.56313
717000 3.51788
718000 3.42107
719000 3.40801
720000 3.40511
721000 3.45593
722000 3.45852
723000 3.53022
724000 3.55936
725000 3.43599
726000 3.44525
727000 3.47815
728000 3.50526
729000 3.49291
730000 3.45628
731000 3.48583
732000 3.56265
733000 3.51249
734000 3.48276
735000 3.54296
736000 3.588
737000 3.5723
738000 3.54625
739000 3.57029
740000 3.58094
741000 3.5649
742000 3.63989
743000 3.70285
744000 3.66583
745000 3.64067
746000 3.63693
747000 3.667
748000 3.64689
749000 3.67493
750000 3.63873
751000 3.56591
752000 3.66348
753000 3.6711
754000 3.68817
755000 3.71827
756000 3.69392
757000 3.62715
758000 3.6174
759000 3.68927
760000 3.57904
761000 3.51693
762000 3.56363
763000 3.62166
764000 3.59072
765000 3.63439
766000 3.61041
767000 3.56047
768000 3.5532
769000 3.62389
770000 3.71818
771000 3.61901
772000 3.59131
773000 3.58774
774000 3.59795
775000 3.6228
776000 3.67061
777000 3.69299
778000 3.61642
779000 3.60657
780000 3.64011
781000 3.68798
782000 3.64659
783000 3.61162
784000 3.59997
785000 3.60958
786000 3.63118
787000 3.66712
788000 3.62446
789000 3.57194
790000 3.59394
791000 3.63703
792000 3.64674
793000 3.6551
794000 3.64211
795000 3.63761
796000 3.71206
797000 3.68384
798000 3.62881
799000 3.55167
800000 3.62439
801000 3.63223
802000 3.61225
803000 3.71911
804000 3.65966
805000 3.658
806000 3.60911
807000 3.69439
808000 3.67508
809000 3.67104
810000 3.65284
811000 3.6227
812000 3.70744
813000 3.74693
814000 3.66618
815000 3.6628
816000 3.68685
817000 3.7254
818000 3.6621
819000 3.69106
820000 3.71896
821000 3.74806
822000 3.64324
823000 3.66007
824000 3.66474
825000 3.66699
826000 3.5996
827000 3.63973
828000 3.72957
829000 3.73285
830000 3.61216
831000 3.58621
832000 3.61242
833000 3.71432
834000 3.70424
835000 3.62146
836000 3.71303
837000 3.73776
838000 3.61423
839000 3.65151
840000 3.63506
841000 3.67295
842000 3.66715
843000 3.67699
844000 3.62544
845000 3.66427
846000 3.71421
847000 3.72502
848000 3.68695
849000 3.62406
850000 3.66099
851000 3.72225
852000 3.70643
853000 3.74258
854000 3.72022
855000 3.71672
856000 3.7079
857000 3.82905
858000 3.80752
859000 3.79249
860000 3.75858
861000 3.70348
862000 3.73915
863000 3.82501
864000 3.77651
865000 3.75454
866000 3.71958
867000 3.75885
868000 3.7458
869000 3.71637
870000 3.74115
871000 3.76987
872000 3.69231
873000 3.66789
874000 3.7333
875000 3.71691
876000 3.73872
877000 3.73363
878000 3.73007
879000 3.6716
880000 3.70283
881000 3.69501
882000 3.71346
883000 3.69594
884000 3.62451
885000 3.72178
886000 3.71556
887000 3.65818
888000 3.67944
889000 3.72442
890000 3.75068
891000 3.69208
892000 3.72796
893000 3.72521
894000 3.74169
895000 3.79704
896000 3.72675
897000 3.76357
898000 3.70755
899000 3.67828
900000 3.79632
901000 3.82899
902000 3.78747
903000 3.82225
904000 3.81965
905000 3.76873
906000 3.8275
907000 3.85514
908000 3.75809
909000 3.76554
910000 3.79549
911000 3.7951
912000 3.71705
913000 3.80823
914000 3.74415
915000 3.83163
916000 3.81617
917000 3.76774
918000 3.73416
919000 3.84074
920000 3.80647
921000 3.78221
922000 3.7705
923000 3.82251
924000 3.79032
925000 3.78302
926000 3.85834
927000 3.83573
928000 3.82465
929000 3.89689
930000 3.83442
931000 3.84419
932000 3.82316
933000 3.8291
934000 3.88404
935000 3.86812
936000 3.83778
937000 3.87559
938000 3.85659
939000 3.87208
940000 3.83315
941000 3.79113
942000 3.79065
943000 3.89379
944000 3.82908
945000 3.84757
946000 3.7849
947000 3.81626
948000 3.84132
949000 3.82994
950000 3.86872
951000 3.89089
952000 3.84576
953000 3.86159
954000 3.86337
955000 3.77781
956000 3.78487
957000 3.80594
958000 3.8232
959000 3.77963
960000 3.85791
961000 3.83997
962000 3.82879
963000 3.90468
964000 3.84208
965000 3.86477
966000 3.94038
967000 3.98006
968000 3.95009
969000 3.97835
970000 3.89061
971000 3.94302
972000 3.93086
973000 3.97096
974000 3.97638
975000 3.87666
976000 3.95772
977000 3.98236
978000 3.94448
979000 3.96208
980000 3.87497
981000 3.96458
982000 3.94879
983000 3.95829
984000 3.9252
985000 3.94729
986000 3.95096
987000 3.99659
988000 3.94461
989000 3.94421
990000 3.96585
991000 4.01553
992000 4.00176
993000 3.98115
994000 4.01538
995000 4.06425
996000 3.92745
997000 3.96363
998000 3.965
999000 3.92446
1000000 3.99927
