# Time-averaged data for fix msd
# TimeStep c_msd[4]
100 0.147759
200 0.584531
300 1.31932
400 2.2843
500 3.43914
600 4.60862
700 5.77793
800 6.91696
900 8.01119
1000 8.96594
1100 9.74348
1200 10.3246
1300 10.9988
1400 11.837
1500 12.812
1600 14.0097
1700 15.3626
1800 16.8085
1900 18.3914
2000 20.3108
2100 22.3364
2200 24.2124
2300 26.0985
2400 27.8638
2500 29.3731
2600 30.91
2700 32.4157
2800 34.1549
2900 35.6036
3000 36.7967
3100 37.6522
3200 38.7619
3300 39.7748
3400 40.9758
3500 42.5753
3600 44.2587
3700 45.9019
3800 47.5606
3900 49.3118
4000 51.0364
4100 53.1856
4200 54.7835
4300 56.3486
4400 57.9334
4500 59.2662
4600 60.4916
4700 61.8483
4800 63.4364
4900 65.1024
5000 67.007
5100 68.7181
5200 69.8458
5300 70.705
5400 71.4923
5500 72.0048
5600 72.0349
5700 72.9981
5800 74.146
5900 75.2097
6000 76.888
6100 79.0634
6200 80.7338
6300 82.6067
6400 84.2939
6500 85.9747
6600 87.9375
6700 90.3055
6800 93.0401
6900 96.6226
7000 100.47
7100 104.143
7200 106.936
7300 109.857
7400 113.084
7500 116.143
7600 119.038
7700 122.012
7800 123.959
7900 125.696
8000 127.354
8100 128.964
8200 130.055
8300 131.027
8400 132.177
8500 133.567
8600 135.418
8700 137.207
8800 138.919
8900 139.55
9000 139.4
9100 139.448
9200 139.671
9300 140.615
9400 141.745
9500 143.167
9600 143.614
9700 144.173
9800 144.769
9900 145.363
10000 146.398
10100 147.447
10200 148.231
10300 149.788
10400 151.597
10500 153.639
10600 155.844
10700 158.145
10800 160.936
10900 163.446
11000 165.897
11100 168.157
11200 170.889
11300 173.894
11400 176.897
11500 179.386
11600 181.656
11700 184.338
11800 187.665
11900 190.549
12000 193.438
12100 196.044
12200 197.86
12300 198.746
12400 198.979
12500 199.437
12600 200.506
12700 201.712
12800 202.741
12900 204.643
13000 206.324
13100 208.392
13200 210.159
13300 212.494
13400 214.022
13500 215.159
13600 217.152
13700 219.848
13800 223.572
13900 226.382
14000 228.22
14100 230.656
14200 230.69
14300 230.401
14400 231.04
14500 232.003
14600 232.609
14700 233.293
14800 233.277
14900 232.334
15000 232.732
15100 233.51
15200 233.101
15300 233.195
15400 233.874
15500 234.544
15600 234.783
15700 235.422
15800 236.124
15900 235.925
16000 235.154
16100 234.054
16200 233.416
16300 232.719
16400 232.734
16500 232.607
16600 232.634
16700 232.566
16800 232.574
16900 232.782
17000 234.13
17100 235.479
17200 236.798
17300 236.863
17400 236.384
17500 235.773
17600 235.168
17700 234.79
17800 234.732
17900 235.373
18000 236.555
18100 238.68
18200 240.368
18300 240.961
18400 241.876
18500 243.182
18600 244.999
18700 247.278
18800 249.793
18900 251.473
19000 253.138
19100 254.839
19200 256.605
19300 258.647
19400 260.954
19500 262.559
19600 265.192
19700 267.652
19800 269.492
19900 270.856
20000 272.624
20100 274.007
20200 275.521
20300 276.934
20400 277.853
20500 278.32
20600 279.671
20700 280.2
20800 281.785
20900 283.66
21000 284.828
21100 285.945
21200 286.798
21300 288.943
21400 290.231
21500 290.816
21600 290.504
21700 290.142
21800 290.375
21900 290.733
22000 291.897
22100 293.026
22200 294.524
22300 296.287
22400 297.631
22500 298.608
22600 300.651
22700 302.734
22800 304.501
22900 305.562
23000 306.504
23100 307.876
23200 309.934
23300 311.583
23400 312.683
23500 314.126
23600 315.998
23700 317.47
23800 319.201
23900 320.394
24000 320.231
24100 320.654
24200 321.281
24300 321.687
24400 322.629
24500 324.22
24600 325.278
24700 326.106
24800 327.698
24900 329.256
25000 331.508
25100 332.909
25200 333.976
25300 335.055
25400 336.488
25500 336.792
25600 337.291
25700 337.118
25800 338.153
25900 339.836
26000 341.531
26100 343.373
26200 345.057
26300 346.758
26400 348.747
26500 351.448
26600 353.616
26700 354.505
26800 355.708
26900 357.106
27000 358.084
27100 358.983
27200 359.239
27300 359.266
27400 360.514
27500 361.864
27600 361.616
27700 361.909
27800 361.761
27900 361.564
28000 361.952
28100 361.806
28200 362.402
28300 362.703
28400 363.472
28500 363.767
28600 364.98
28700 365.327
28800 367.06
28900 369.308
29000 370.613
29100 371.935
29200 374.234
29300 376.803
29400 379.329
29500 381.42
29600 383.226
29700 384.771
29800 385.982
29900 387.403
30000 390.142
30100 392.423
30200 394.616
30300 396.515
30400 398.097
30500 397.856
30600 397.541
30700 398.812
30800 399.888
30900 400.91
31000 402.304
31100 404.7
31200 407.243
31300 408.219
31400 409.748
31500 411.755
31600 413.516
31700 415.479
31800 418.283
31900 420.361
32000 420.722
32100 421.705
32200 424.535
32300 427.243
32400 430.688
32500 434.996
32600 438.097
32700 440.809
32800 443.477
32900 446.044
33000 447.939
33100 448.194
33200 447.422
33300 447.723
33400 449.029
33500 450.777
33600 453.653
33700 456.346
33800 458.579
33900 460.061
34000 461.063
34100 463.603
34200 465.876
34300 467.154
34400 467.967
34500 469.196
34600 470.531
34700 471.065
34800 472.218
34900 474.457
35000 477.062
35100 479.567
35200 481.923
35300 484.27
35400 487.445
35500 489.711
35600 491.906
35700 495.226
35800 497.839
35900 500.05
36000 501.55
36100 503.493
36200 505.746
36300 507.649
36400 508.904
36500 509.055
36600 509.16
36700 509.713
36800 511.528
36900 514.447
37000 515.445
37100 516.828
37200 518.122
37300 520.195
37400 523.586
37500 527.331
37600 529.32
37700 530.11
37800 531.087
37900 530.351
38000 529.366
38100 529.14
38200 529.283
38300 529.824
38400 530.925
38500 532.693
38600 535.145
38700 537.12
38800 539.989
38900 542.092
39000 544.94
39100 547.528
39200 550.587
39300 553.28
39400 553.954
39500 554.614
39600 556.361
39700 558.03
39800 559.69
39900 561.182
40000 560.823
40100 559.1
40200 558.623
40300 558.151
40400 558.442
40500 560.139
40600 561.229
40700 562.349
40800 563.874
40900 564.615
41000 563.536
41100 561.411
41200 560.625
41300 560.595
41400 561.146
41500 562.965
41600 565.101
41700 566.738
41800 569.376
41900 572.453
42000 574.54
42100 575.465
42200 577.48
42300 579.694
42400 580.157
42500 581.005
42600 583.679
42700 585.957
42800 588.465
42900 591.026
43000 593.017
43100 594.017
43200 593.273
43300 592.267
43400 592.126
43500 592.65
43600 592.752
43700 593.105
43800 593.85
43900 594.014
44000 593.306
44100 593.287
44200 593.109
44300 594.085
44400 594.717
44500 596.051
44600 597.523
44700 599.036
44800 600.457
44900 601.4
45000 600.945
45100 598.879
45200 596.981
45300 595.085
45400 593.095
45500 591.093
45600 591.123
45700 591.786
45800 592.762
45900 594.662
46000 597.104
46100 598.445
46200 598.873
46300 599.52
46400 598.589
46500 598.752
46600 598.373
46700 598.732
46800 597.85
46900 596.22
47000 594.756
47100 594.33
47200 591.937
47300 590.085
47400 588.888
47500 588.623
47600 588.521
47700 588.706
47800 590.461
47900 592.522
48000 593.859
48100 593.248
48200 593.458
48300 593.262
48400 592.638
48500 592.906
48600 594.242
48700 595.833
48800 596.711
48900 598.461
49000 599.051
49100 599.896
49200 600.431
49300 600.603
49400 600.627
49500 601.58
49600 604.391
49700 605.59
49800 606.454
49900 605.891
50000 602.466
50100 600.548
50200 600.398
50300 599.681
50400 599.658
50500 600.518
50600 602.635
50700 604.771
50800 606.597
50900 608.993
51000 612.242
51100 615.715
51200 619.521
51300 624.187
51400 628.482
51500 631.746
51600 633.803
51700 635.546
51800 638.118
51900 640.66
52000 641.925
52100 642.318
52200 641.879
52300 642.363
52400 642.876
52500 642.546
52600 643.563
52700 644.865
52800 647.437
52900 650.613
53000 653.998
53100 656.485
53200 658.804
53300 661.165
53400 663.861
53500 666.07
53600 668.371
53700 671.217
53800 672.243
53900 673.762
54000 675.928
54100 678.914
54200 680.75
54300 681.348
54400 681.876
54500 680.572
54600 678.387
54700 675.489
54800 673.723
54900 672.76
55000 673.325
55100 673.558
55200 675.682
55300 676.858
55400 677.663
55500 678.689
55600 679.286
55700 681.052
55800 682.185
55900 683.342
56000 684.208
56100 684.799
56200 687.033
56300 688.163
56400 689.607
56500 691.125
56600 692.822
56700 693.736
56800 694.879
56900 698.061
57000 701.473
57100 706.284
57200 711.588
57300 715.15
57400 719.208
57500 723.926
57600 728.895
57700 732.646
57800 735.667
57900 738.335
58000 741.83
58100 745.459
58200 747.622
58300 749.509
58400 752.72
58500 755.807
58600 759.683
58700 762.368
58800 766.256
58900 771.355
59000 776.296
59100 780.045
59200 784.353
59300 787.954
59400 792.261
59500 793.175
59600 793.773
59700 793.73
59800 793.041
59900 794.014
60000 794.412
60100 796.287
60200 797.533
60300 798.322
60400 798.978
60500 800.649
60600 802.92
60700 804.065
60800 805.167
60900 807.698
61000 809.221
61100 811.033
61200 812.854
61300 814.549
61400 814.486
61500 814.345
61600 814.74
61700 815.719
61800 817.22
61900 818.272
62000 821.287
62100 822.511
62200 821.291
62300 820.502
62400 821.816
62500 821.837
62600 822.588
62700 824.397
62800 826.687
62900 828.992
63000 831.851
63100 833.696
63200 835.53
63300 836.974
63400 836.571
63500 835.194
63600 832.693
63700 831.855
63800 833.496
63900 835.737
64000 837.537
64100 838.659
64200 839.405
64300 840.267
64400 842.346
64500 845.689
64600 848.918
64700 852.045
64800 854.773
64900 856.848
65000 857.769
65100 859.305
65200 859.846
65300 861.286
65400 861.336
65500 861.807
65600 861.932
65700 861.888
65800 861.308
65900 859.772
66000 858.434
66100 857.772
66200 857.651
66300 857.8
66400 860.626
66500 864.261
66600 867.288
66700 870.064
66800 870.327
66900 870.705
67000 871.785
67100 873.598
67200 875.659
67300 877.145
67400 877.27
67500 876.429
67600 877.503
67700 878.236
67800 879.34
67900 879.964
68000 878.307
68100 878.141
68200 878.792
68300 878.127
68400 875.057
68500 871.849
68600 872.017
68700 872.454
68800 872.388
68900 874.956
69000 878.262
69100 880.383
69200 883.817
69300 887.493
69400 890.869
69500 894.673
69600 897.901
69700 901.921
69800 906.28
69900 910.097
70000 913.324
70100 916.383
70200 920.596
70300 924.227
70400 928.559
70500 933.796
70600 936.107
70700 937.2
70800 938.254
70900 939.878
71000 942.306
71100 944.799
71200 946.245
71300 947.936
71400 951.322
71500 953.732
71600 953.927
71700 953.235
71800 949.621
71900 946.507
72000 945.807
72100 946.317
72200 946.763
72300 946.103
72400 946.848
72500 948.414
72600 951.379
72700 952.232
72800 952.057
72900 951.003
73000 949.624
73100 946.801
73200 944.56
73300 941.428
73400 940.405
73500 941.849
73600 944.714
73700 945.687
73800 946.103
73900 946.827
74000 946.09
74100 942.992
74200 939.571
74300 936.752
74400 934.883
74500 931.637
74600 929.657
74700 927.545
74800 926.416
74900 927.605
75000 928.934
75100 929.365
75200 929.704
75300 928.695
75400 929.178
75500 929.268
75600 929.037
75700 929.445
75800 931.727
75900 932.979
76000 933.483
76100 935.128
76200 939.083
76300 943.171
76400 945.407
76500 947.459
76600 948.701
76700 950.774
76800 952.432
76900 954.044
77000 956.945
77100 957.805
77200 957.211
77300 957.084
77400 956.671
77500 956.873
77600 957.435
77700 958.948
77800 961.675
77900 965.3
78000 967.352
78100 968.259
78200 968.868
78300 969.925
78400 969.204
78500 969.702
78600 970.668
78700 972.165
78800 973.716
78900 973.826
79000 973.005
79100 973.428
79200 975.825
79300 976.958
79400 975.43
79500 973.423
79600 973.795
79700 974.481
79800 972.547
79900 970.367
80000 968.8
80100 968.149
80200 966.795
80300 966.564
80400 967.523
80500 968.507
80600 970.678
80700 971.246
80800 971.782
80900 972.728
81000 975.889
81100 980.156
81200 982.959
81300 986.229
81400 990.756
81500 994.939
81600 999.499
81700 1003.52
81800 1006.73
81900 1009.87
82000 1009.77
82100 1009.8
82200 1008.91
82300 1008.59
82400 1007
82500 1005.28
82600 1004.39
82700 1005.61
82800 1006.7
82900 1008.19
83000 1008.56
83100 1009.83
83200 1011.07
83300 1012.27
83400 1013.91
83500 1015.71
83600 1018.07
83700 1019.72
83800 1022.37
83900 1024.88
84000 1029.25
84100 1032.95
84200 1037.47
84300 1042.72
84400 1046.97
84500 1048.33
84600 1048.87
84700 1051.81
84800 1055.15
84900 1056.11
85000 1059.62
85100 1061.58
85200 1062.16
85300 1062.84
85400 1067.28
85500 1072.83
85600 1078.65
85700 1082.99
85800 1087.99
85900 1092.61
86000 1096.99
86100 1101.41
86200 1106.42
86300 1111.19
86400 1115.15
86500 1119.94
86600 1124.55
86700 1129.16
86800 1132.54
86900 1134.44
87000 1137.26
87100 1138.81
87200 1140.31
87300 1139.39
87400 1138.18
87500 1139.01
87600 1138.55
87700 1138.17
87800 1140.35
87900 1143.38
88000 1145.47
88100 1151.12
88200 1156.28
88300 1160.82
88400 1164.03
88500 1169.33
88600 1173.9
88700 1178.63
88800 1184.95
88900 1191.61
89000 1196.55
89100 1201.48
89200 1204.4
89300 1207.53
89400 1209.52
89500 1211.48
89600 1212.93
89700 1213.77
89800 1214.52
89900 1216.84
90000 1218.6
90100 1218.8
90200 1217.69
90300 1217.4
90400 1218.83
90500 1218.11
90600 1218.56
90700 1220.79
90800 1221.96
90900 1222.66
91000 1222.41
91100 1222.98
91200 1223.11
91300 1222.71
91400 1222.88
91500 1222.88
91600 1221.91
91700 1222.5
91800 1224.14
91900 1225.2
92000 1227.98
92100 1230.59
92200 1231.97
92300 1230.77
92400 1229.69
92500 1229.68
92600 1229.91
92700 1230.52
92800 1230.69
92900 1231.49
93000 1232.25
93100 1233.95
93200 1235.47
93300 1239.63
93400 1241.33
93500 1242.33
93600 1244.49
93700 1245.08
93800 1247.08
93900 1249.12
94000 1251.9
94100 1253.81
94200 1255.24
94300 1256.59
94400 1257.47
94500 1258.73
94600 1260.06
94700 1262.55
94800 1265.69
94900 1267.57
95000 1268.41
95100 1270.82
95200 1271.88
95300 1273.95
95400 1278.61
95500 1282.29
95600 1285.69
95700 1287.76
95800 1288.02
95900 1288.45
96000 1288.75
96100 1291.2
96200 1292.53
96300 1293.01
96400 1294.33
96500 1297.17
96600 1301.45
96700 1307.93
96800 1313.32
96900 1319.41
97000 1323.32
97100 1324.67
97200 1325.43
97300 1325.21
97400 1325.04
97500 1326.05
97600 1326.97
97700 1326.66
97800 1327.93
97900 1329.43
98000 1331.26
98100 1333.32
98200 1336.23
98300 1339.69
98400 1344.63
98500 1351.25
98600 1359.7
98700 1366.12
98800 1370.97
98900 1376.09
99000 1381.64
99100 1387.07
99200 1392.63
99300 1396.32
99400 1398.6
99500 1400.52
99600 1404.13
99700 1406.93
99800 1407.9
99900 1411.34
100000 1415.08
