# DATE: 2025-11-28 UNITS: lj Created by pair_write
# Pair potential hybrid/overlay for atom types 2 2: i,r,energy,force

totalpotential22
N 100 R 0.25 3

       1  0.25                   66.3155844430798       662.90245227168      
       2  0.277777777777778      49.4418125465893       553.928816357861     
       3  0.305555555555556      35.439900338404        455.959127589309     
       4  0.333333333333333      24.0179004362858       368.019900928632     
       5  0.361111111111111      14.9097563804675       289.219313219153     
       6  0.388888888888889      7.87312840855182       218.740517606693     
       7  0.416666666666667      2.68739732304448       155.835498890014     
       8  0.444444444444444     -0.848167961543386      99.8194262892293     
       9  0.472222222222222     -2.91609244559494       50.0654636110716     
      10  0.5                   -3.682238832369         6                    
      11  0.527777777777778     -3.29722428320132      -32.9017325828468     
      12  0.555555555555556     -1.89772044381498      -67.1196862943179     
      13  0.583333333333333      0.392353784218668     -97.0926974000872     
      14  0.611111111111111      3.46073801608257      -123.221885665441     
      15  0.638888888888889      5.18065118681821       5.29498141550757     
      16  0.666666666666667      5.03539167908796       5.16424785855035     
      17  0.694444444444444      4.89371864138229       5.03674212461524     
      18  0.722222222222222      4.75554352344078       4.91238451846789     
      19  0.75                   4.62077996131675       4.79109731255626     
      20  0.777777777777778      4.48934372339694       4.67280469842843     
      21  0.805555555555556      4.36115265775403       4.55743273934981     
      22  0.833333333333333      4.23612664079902       4.44490932409031     
      23  0.861111111111111      4.11418752720139       4.33516412185243     
      24  0.888888888888889      3.99525910104566       4.22812853831228     
      25  0.916666666666667      3.87926702819405       4.12373567274583     
      26  0.944444444444444      3.76613880982517       4.02192027621383     
      27  0.972222222222222      3.65580373711989       3.92261871077908     
      28  1                      3.54819284706606       3.82576890973064     
      29  1.02777777777778       3.44323887935437       3.73131033879012     
      30  1.05555555555556       3.34087623433846       3.6391839582758      
      31  1.08333333333333       3.241040932033         3.54933218620089     
      32  1.11111111111111       3.14367057212415       3.46169886228292     
      33  1.13888888888889       3.04870429496728       3.37622921284173     
      34  1.16666666666667       2.95608274354775       3.29286981656416     
      35  1.19444444444444       2.86574802638084       3.21156857111394     
      36  1.22222222222222       2.77764368132768       3.1322746605661      
      37  1.25                   2.69171464030457       3.0549385236453      
      38  1.27777777777778       2.60790719486363       2.97951182274846     
      39  1.30555555555556       2.52616896262332       2.90594741373217     
      40  1.33333333333333       2.44644885452767       2.83419931644609     
      41  1.36111111111111       2.36869704291401       2.76422268599379     
      42  1.38888888888889       2.29286493036905       2.69597378470333     
      43  1.41666666666667       2.2189051193539        2.6294099547897      
      44  1.44444444444444       2.14677138257908       2.56448959169236     
      45  1.47222222222222       2.07641863411096       2.50117211807105     
      46  1.5                    2.00780290119156       2.43941795844359     
      47  1.52777777777778       1.94088129675419       2.37918851444996     
      48  1.55555555555556       1.87561199261758       2.32044614072701     
      49  1.58333333333333       1.81195419334195       2.26315412137894     
      50  1.61111111111111       1.74986811073052       2.20727664702865     
      51  1.63888888888889       1.68931493896058       2.15277879243571     
      52  1.66666666666667       1.63025683032861       2.09962649466693     
      53  1.69444444444444       1.5726568715942        2.04778653180596     
      54  1.72222222222222       1.5164790609081        1.99722650218848     
      55  1.75                   1.4616882853099        1.9479148041501      
      56  1.77777777777778       1.40825029878126       1.89982061627432     
      57  1.80555555555556       1.35613170084104       1.85291387812812     
      58  1.83333333333333       1.30529991566892       1.80716527147321     
      59  1.86111111111111       1.25572317174446       1.7625462019412      
      60  1.88888888888889       1.20737048198884       1.71902878116114     
      61  1.91666666666667       1.16021162439695       1.67658580932844     
      62  1.94444444444444       1.11421712314765       1.63519075820408     
      63  1.97222222222222       1.06935823018041       1.59481775453356     
      64  2                      1.02560690722685       1.55544156387535     
      65  2.02777777777778       0.982935808285881      1.51703757482848     
      66  2.05555555555556       0.941318262531614      1.47958178364964     
      67  2.08333333333333       0.900728257643186      1.44305077925005     
      68  2.11111111111111       0.861140423546222      1.40742172856279     
      69  2.13888888888889       0.82253001655572       1.37267236227133     
      70  2.16666666666667       0.784872903910436      1.33878096089058     
      71  2.19444444444444       0.748145548689123      1.3057263411914      
      72  2.22222222222222       0.712324995099191      1.27348784296046     
      73  2.25                   0.677388854128589      1.24204531608692     
      74  2.27777777777778       0.643315289551941      1.21137910796793     
      75  2.30555555555556       0.610083004282198      1.18147005122516     
      76  2.33333333333333       0.577671227059265      1.15229945172452     
      77  2.36111111111111       0.546059699467284      1.12384907689174     
      78  2.38888888888889       0.515228663272469      1.09610114431641     
      79  2.41666666666667       0.485158848073561      1.06903831063739     
      80  2.44444444444444       0.455831459257205      1.04264366070267     
      81  2.47222222222222       0.427228166250705      1.01690069699682     
      82  2.5                    0.399331091064815      0.991793329329519    
      83  2.52777777777778       0.372122797119416      0.967305864778661    
      84  2.55555555555556       0.345586278345089      0.943422997881766    
      85  2.58333333333333       0.319704948553761      0.920129801069571    
      86  2.61111111111111       0.294462631071805      0.89741171533581     
      87  2.63888888888889       0.269843548629087      0.875254541137364    
      88  2.66666666666667       0.245832313497662      0.853644429519081    
      89  2.69444444444444       0.222413917873939      0.832567873457731    
      90  2.72222222222222       0.199573724498322      0.812011699419676    
      91  2.75                   0.177297457506439      0.791963059126981    
      92  2.77777777777778       0.155571193506266      0.772409421526825    
      93  2.80555555555556       0.134381352875553      0.753338564959183    
      94  2.83333333333333       0.113714691274117      0.734738569517891    
      95  2.86111111111111       0.0935582913657018     0.716597809600318    
      96  2.88888888888889       0.0738995547442175     0.698904946640982    
      97  2.91666666666667       0.0547261940593295     0.681648922024583    
      98  2.94444444444444       0.0360262253364635     0.664818950174003    
      99  2.97222222222222       0.0177879604864328     0.648404511808976    
     100  3                      0                      0                    
