# DATE: 2025-11-28 UNITS: lj Created by pair_write
# Pair potential hybrid/overlay for atom types 1 2: i,r,energy,force

totalpotential12
N 100 R 0.25 3

       1  0.25                   253.030465969109       1463.69364115406     
       2  0.277777777777778      214.735753075557       1296.21811640855     
       3  0.305555555555556      180.875258352978       1144.20026816738     
       4  0.333333333333333      151.038205287656       1006.31960350592     
       5  0.361111111111111      124.848961942643       881.36466655271      
       6  0.388888888888889      101.96413691953        768.224179189593     
       7  0.416666666666667      82.0699113552934       665.87889586719      
       8  0.444444444444444      64.8795879250596       573.394115202621     
       9  0.472222222222222      50.1313393495149       489.912795620463     
      10  0.5                    37.5861403111498       414.649226523752     
      11  0.527777777777778      27.0258679763812       346.883210369642     
      12  0.555555555555556      18.251557509812        285.954714600811     
      13  0.583333333333333      11.0818000608091       231.258955673988     
      14  0.611111111111111      5.35127170880716       182.241880453717     
      15  0.638888888888889      0.909382779306089      138.396013024027     
      16  0.666666666666667     -2.38096220611267       99.2566375321704     
      17  0.694444444444444     -4.64450289933797       64.3982900350728     
      18  0.722222222222222     -5.99466804814679       33.4315344868576     
      19  0.75                  -6.53453454226507       6                    
      20  0.777777777777778     -6.35770754447825      -18.2223416529162     
      21  0.805555555555556     -5.54912810770697      -39.5336776423019     
      22  0.833333333333333     -4.18581416345417      -58.2066525826409     
      23  0.861111111111111     -2.33754029288366      -74.4904802966315     
      24  0.888888888888889     -0.0674612557038055    -88.61288389386       
      25  0.916666666666667      2.56731614904916      -100.781878007094     
      26  0.944444444444444      4.71642118387585       5.03674212461524     
      27  0.972222222222222      4.57824606593434       4.91238451846789     
      28  1                      4.44348250381031       4.79109731255626     
      29  1.02777777777778       4.3120462658905        4.67280469842843     
      30  1.05555555555556       4.18385520024759       4.55743273934981     
      31  1.08333333333333       4.05882918329258       4.44490932409031     
      32  1.11111111111111       3.93689006969495       4.33516412185243     
      33  1.13888888888889       3.81796164353922       4.22812853831228     
      34  1.16666666666667       3.70196957068761       4.12373567274583     
      35  1.19444444444444       3.58884135231873       4.02192027621384     
      36  1.22222222222222       3.47850627961345       3.92261871077908     
      37  1.25                   3.37089538955962       3.82576890973064     
      38  1.27777777777778       3.26594142184793       3.73131033879012     
      39  1.30555555555556       3.16357877683202       3.6391839582758      
      40  1.33333333333333       3.06374347452657       3.54933218620089     
      41  1.36111111111111       2.96637311461771       3.46169886228292     
      42  1.38888888888889       2.87140683746084       3.37622921284173     
      43  1.41666666666667       2.77878528604131       3.29286981656416     
      44  1.44444444444444       2.6884505688744        3.21156857111394     
      45  1.47222222222222       2.60034622382124       3.1322746605661      
      46  1.5                    2.51441718279813       3.0549385236453      
      47  1.52777777777778       2.43060973735719       2.97951182274846     
      48  1.55555555555556       2.34887150511688       2.90594741373217     
      49  1.58333333333333       2.26915139702123       2.83419931644609     
      50  1.61111111111111       2.19139958540757       2.7642226859938      
      51  1.63888888888889       2.11556747286261       2.69597378470333     
      52  1.66666666666667       2.04160766184746       2.6294099547897      
      53  1.69444444444444       1.96947392507264       2.56448959169236     
      54  1.72222222222222       1.89912117660452       2.50117211807105     
      55  1.75                   1.83050544368513       2.43941795844359     
      56  1.77777777777778       1.76358383924775       2.37918851444996     
      57  1.80555555555556       1.69831453511114       2.32044614072701     
      58  1.83333333333333       1.63465673583551       2.26315412137894     
      59  1.86111111111111       1.57257065322408       2.20727664702865     
      60  1.88888888888889       1.51201748145414       2.15277879243571     
      61  1.91666666666667       1.45295937282217       2.09962649466693     
      62  1.94444444444444       1.39535941408776       2.04778653180596     
      63  1.97222222222222       1.33918160340166       1.99722650218848     
      64  2                      1.28439082780346       1.9479148041501      
      65  2.02777777777778       1.23095284127482       1.89982061627432     
      66  2.05555555555556       1.1788342433346        1.85291387812812     
      67  2.08333333333333       1.12800245816248       1.80716527147321     
      68  2.11111111111111       1.07842571423802       1.7625462019412      
      69  2.13888888888889       1.0300730244824        1.71902878116114     
      70  2.16666666666667       0.982914166890513      1.67658580932844     
      71  2.19444444444444       0.936919665641215      1.63519075820408     
      72  2.22222222222222       0.892060772673975      1.59481775453356     
      73  2.25                   0.848309449720409      1.55544156387535     
      74  2.27777777777778       0.805638350779441      1.51703757482848     
      75  2.30555555555556       0.764020805025175      1.47958178364964     
      76  2.33333333333333       0.723430800136746      1.44305077925005     
      77  2.36111111111111       0.683842966039783      1.40742172856279     
      78  2.38888888888889       0.645232559049281      1.37267236227133     
      79  2.41666666666667       0.607575446403997      1.33878096089058     
      80  2.44444444444444       0.570848091182684      1.3057263411914      
      81  2.47222222222222       0.535027537592752      1.27348784296046     
      82  2.5                    0.50009139662215       1.24204531608692     
      83  2.52777777777778       0.466017832045501      1.21137910796793     
      84  2.55555555555556       0.432785546775759      1.18147005122516     
      85  2.58333333333333       0.400373769552826      1.15229945172452     
      86  2.61111111111111       0.368762241960845      1.12384907689174     
      87  2.63888888888889       0.33793120576603       1.09610114431641     
      88  2.66666666666667       0.307861390567121      1.06903831063739     
      89  2.69444444444444       0.278534001750766      1.04264366070267     
      90  2.72222222222222       0.249930708744266      1.01690069699682     
      91  2.75                   0.222033633558375      0.991793329329519    
      92  2.77777777777778       0.194825339612977      0.96730586477866     
      93  2.80555555555556       0.168288820838649      0.943422997881766    
      94  2.83333333333333       0.142407491047322      0.920129801069571    
      95  2.86111111111111       0.117165173565365      0.89741171533581     
      96  2.88888888888889       0.0925460911226476     0.875254541137364    
      97  2.91666666666667       0.0685348559912224     0.853644429519081    
      98  2.94444444444444       0.0451164603674999     0.832567873457731    
      99  2.97222222222222       0.0222762669918832     0.812011699419676    
     100  3                      0                      0                    
