# DATE: 2025-11-28 UNITS: lj Created by pair_write
# Pair potential hybrid/overlay for atom types 1 1: i,r,energy,force

totalpotential11
N 100 R 0.25 3

       1  0.25                   350.35269205406        1549.58875484154     
       2  0.277777777777778      309.45446475543        1397.40368576481     
       3  0.305555555555556      272.595731302992       1258.55156095413     
       4  0.333333333333333      239.421821829405       1131.91853771553     
       5  0.361111111111111      209.607724692052       1016.48178841619     
       6  0.388888888888889      182.855661887212       911.302143293013     
       7  0.416666666666667      158.892860500714       815.517324779546     
       8  0.444444444444444      137.469504431882       728.33572592273      
       9  0.472222222222222      118.356851891601       649.030689258219     
      10  0.5                    101.345505338082       576.935246007035     
      11  0.527777777777778      86.2438215835789       511.437278670397     
      12  0.555555555555556      72.8764507893117       451.975073056688     
      13  0.583333333333333      61.0829939710435       398.033228494818     
      14  0.611111111111111      50.7167694704494       349.138897491033     
      15  0.638888888888889      41.6436796134115       304.858328388551     
      16  0.666666666666667      33.7411694810069       264.793686707596     
      17  0.694444444444444      26.8972703671418       228.580132792002     
      18  0.722222222222222      21.0097210930273       195.883135181233     
      19  0.75                   15.985160897178        166.396000775825     
      20  0.777777777777778      11.7383881241313       139.837604381422     
      21  0.805555555555556      8.19167939917825       115.950301612313     
      22  0.833333333333333      5.27416440329064       94.4980104193425     
      23  0.861111111111111      2.92125175510509       75.2644476882802     
      24  0.888888888888889      1.0741018680186        58.0515084413604     
      25  0.916666666666667     -0.320857017311557      42.6777761743274     
      26  0.944444444444444     -1.31237311917431       28.9771537809163     
      27  0.972222222222222     -1.94477893274032       16.7976053626435     
      28  1                     -2.25836553420287       6                    
      29  1.02777777777778      -2.2897260877969       -3.54295072298557     
      30  1.05555555555556      -2.07207105364071      -11.9476689902859     
      31  1.08333333333333      -1.63551739316872      -19.3206077651945     
      32  1.11111111111111      -1.00735388389159      -25.7590749278222     
      33  1.13888888888889      -0.212284485038319     -31.3519904125383     
      34  1.16666666666667       0.727348460883405     -36.1805817475548     
      35  1.19444444444444       1.79135954952641      -40.3190229650773     
      36  1.22222222222222       2.96153265045143      -43.8350214514195     
      37  1.25                   4.22144887025194       4.79109731255626     
      38  1.27777777777778       4.09001263233212       4.67280469842843     
      39  1.30555555555556       3.96182156668921       4.55743273934981     
      40  1.33333333333333       3.83679554973421       4.44490932409031     
      41  1.36111111111111       3.71485643613657       4.33516412185243     
      42  1.38888888888889       3.59592800998085       4.22812853831228     
      43  1.41666666666667       3.47993593712924       4.12373567274583     
      44  1.44444444444444       3.36680771876035       4.02192027621384     
      45  1.47222222222222       3.25647264605507       3.92261871077908     
      46  1.5                    3.14886175600125       3.82576890973064     
      47  1.52777777777778       3.04390778828956       3.73131033879012     
      48  1.55555555555556       2.94154514327365       3.6391839582758      
      49  1.58333333333333       2.84170984096819       3.54933218620089     
      50  1.61111111111111       2.74433948105933       3.46169886228292     
      51  1.63888888888889       2.64937320390246       3.37622921284173     
      52  1.66666666666667       2.55675165248293       3.29286981656416     
      53  1.69444444444444       2.46641693531602       3.21156857111394     
      54  1.72222222222222       2.37831259026286       3.1322746605661      
      55  1.75                   2.29238354923975       3.0549385236453      
      56  1.77777777777778       2.20857610379882       2.97951182274846     
      57  1.80555555555556       2.12683787155851       2.90594741373217     
      58  1.83333333333333       2.04711776346285       2.83419931644609     
      59  1.86111111111111       1.96936595184919       2.76422268599379     
      60  1.88888888888889       1.89353383930423       2.69597378470333     
      61  1.91666666666667       1.81957402828908       2.6294099547897      
      62  1.94444444444444       1.74744029151427       2.56448959169236     
      63  1.97222222222222       1.67708754304615       2.50117211807105     
      64  2                      1.60847181012675       2.43941795844359     
      65  2.02777777777778       1.54155020568938       2.37918851444996     
      66  2.05555555555556       1.47628090155276       2.32044614072701     
      67  2.08333333333333       1.41262310227714       2.26315412137894     
      68  2.11111111111111       1.35053701966571       2.20727664702865     
      69  2.13888888888889       1.28998384789577       2.15277879243571     
      70  2.16666666666667       1.23092573926379       2.09962649466693     
      71  2.19444444444444       1.17332578052938       2.04778653180596     
      72  2.22222222222222       1.11714796984329       1.99722650218848     
      73  2.25                   1.06235719424509       1.9479148041501      
      74  2.27777777777778       1.00891920771645       1.89982061627432     
      75  2.30555555555556       0.956800609776222      1.85291387812812     
      76  2.33333333333333       0.905968824604103      1.80716527147321     
      77  2.36111111111111       0.856392080679641      1.7625462019412      
      78  2.38888888888889       0.808039390924024      1.71902878116114     
      79  2.41666666666667       0.760880533332139      1.67658580932844     
      80  2.44444444444444       0.71488603208284       1.63519075820408     
      81  2.47222222222222       0.6700271391156        1.59481775453356     
      82  2.5                    0.626275816162033      1.55544156387535     
      83  2.52777777777778       0.583604717221066      1.51703757482848     
      84  2.55555555555556       0.5419871714668        1.47958178364964     
      85  2.58333333333333       0.50139716657837       1.44305077925005     
      86  2.61111111111111       0.461809332481407      1.40742172856279     
      87  2.63888888888889       0.423198925490906      1.37267236227133     
      88  2.66666666666667       0.385541812845622      1.33878096089058     
      89  2.69444444444444       0.348814457624309      1.3057263411914      
      90  2.72222222222222       0.312993904034377      1.27348784296046     
      91  2.75                   0.278057763063774      1.24204531608692     
      92  2.77777777777778       0.243984198487126      1.21137910796793     
      93  2.80555555555556       0.210751913217384      1.18147005122516     
      94  2.83333333333333       0.17834013599445       1.15229945172452     
      95  2.86111111111111       0.14672860840247       1.12384907689174     
      96  2.88888888888889       0.115897572207654      1.09610114431641     
      97  2.91666666666667       0.085827757008746      1.06903831063739     
      98  2.94444444444444       0.0565003681923903     1.04264366070267     
      99  2.97222222222222       0.0278970751858902     1.01690069699682     
     100  3                      0                      0                    
