# Time-averaged data for fix msd
# TimeStep c_msd[4]
400 0.013106
500 0.0963002
600 0.235747
700 0.415472
800 0.626868
900 0.863502
1000 1.11798
1100 1.3879
1200 1.67296
1300 1.96879
1400 2.27169
1500 2.58285
1600 2.90618
1700 3.23628
1800 3.56885
1900 3.90752
2000 4.25048
2100 4.58911
2200 4.92925
2300 5.27298
2400 5.61554
2500 5.95744
2600 6.30017
2700 6.64755
2800 6.99723
2900 7.34029
3000 7.68612
3100 8.03413
3200 8.37879
3300 8.72583
3400 9.07371
3500 9.41865
3600 9.7569
3700 10.0969
3800 10.4368
3900 10.7826
4000 11.1219
4100 11.465
4200 11.8109
4300 12.1536
4400 12.5038
4500 12.8576
4600 13.216
4700 13.5715
4800 13.9251
4900 14.2827
5000 14.6325
5100 14.9829
5200 15.3462
5300 15.7026
5400 16.066
5500 16.4271
5600 16.7837
5700 17.1449
5800 17.5148
5900 17.8689
6000 18.2282
6100 18.5957
6200 18.9632
6300 19.3373
6400 19.7216
6500 20.1085
6600 20.4908
6700 20.8643
6800 21.223
6900 21.5744
7000 21.927
7100 22.2764
7200 22.6308
7300 22.9658
7400 23.3131
7500 23.6791
7600 24.037
7700 24.3935
7800 24.7582
7900 25.1312
8000 25.5079
8100 25.8767
8200 26.2231
8300 26.5642
8400 26.9007
8500 27.2462
8600 27.6183
8700 27.9939
8800 28.365
8900 28.7342
9000 29.106
9100 29.4721
9200 29.8388
9300 30.2025
9400 30.5822
9500 30.9623
9600 31.3567
9700 31.7418
9800 32.1124
9900 32.4941
10000 32.8665
10100 33.2343
10200 33.5958
10300 33.9697
10400 34.3427
10500 34.7101
10600 35.0746
10700 35.441
10800 35.8074
10900 36.1521
11000 36.51
11100 36.8815
11200 37.2503
11300 37.612
11400 37.9627
11500 38.3099
11600 38.6516
11700 38.9873
11800 39.3183
11900 39.6487
12000 39.9884
12100 40.3395
12200 40.6959
12300 41.0494
12400 41.4019
12500 41.782
12600 42.1442
12700 42.4906
12800 42.8342
12900 43.1691
13000 43.5064
13100 43.8572
13200 44.2164
13300 44.5738
13400 44.9331
13500 45.2798
13600 45.6146
13700 45.9461
13800 46.2746
13900 46.6004
14000 46.9409
14100 47.2859
14200 47.6293
14300 47.9593
14400 48.2931
14500 48.6213
14600 48.9842
14700 49.3414
14800 49.6894
14900 50.0482
15000 50.4013
15100 50.7565
15200 51.1161
15300 51.4629
15400 51.8039
15500 52.1428
15600 52.4697
15700 52.7912
15800 53.1204
15900 53.461
16000 53.8136
16100 54.1641
16200 54.5187
16300 54.8854
16400 55.2536
16500 55.6086
16600 55.9603
16700 56.3119
16800 56.676
16900 57.039
17000 57.4044
17100 57.7686
17200 58.1353
17300 58.5035
17400 58.8748
17500 59.2453
17600 59.6286
17700 59.98
17800 60.3341
17900 60.6967
18000 61.0389
18100 61.3913
18200 61.7441
18300 62.1055
18400 62.4746
18500 62.8356
18600 63.2033
18700 63.5612
18800 63.9443
18900 64.3157
19000 64.6672
19100 64.9992
19200 65.3286
19300 65.6769
19400 66.047
19500 66.3916
19600 66.7673
19700 67.1208
19800 67.4631
19900 67.8048
20000 68.1725
20100 68.5368
20200 68.9052
20300 69.2737
20400 69.6449
20500 69.9986
20600 70.3367
20700 70.6677
20800 71.0024
20900 71.3575
21000 71.7271
21100 72.0849
21200 72.4028
21300 72.7398
21400 73.0859
21500 73.4405
21600 73.7919
21700 74.1198
21800 74.4471
21900 74.8027
22000 75.1768
22100 75.5547
22200 75.9168
22300 76.302
22400 76.7001
22500 77.1142
22600 77.4948
22700 77.8835
22800 78.2681
22900 78.6504
23000 79.0252
23100 79.3881
23200 79.758
23300 80.1328
23400 80.5055
23500 80.8777
23600 81.2423
23700 81.6116
23800 81.9938
23900 82.352
24000 82.6783
24100 83.0214
24200 83.3796
24300 83.745
24400 84.0914
24500 84.4144
24600 84.7346
24700 85.0709
24800 85.3994
24900 85.7173
25000 86.0209
25100 86.3281
25200 86.6531
25300 86.9965
25400 87.3315
25500 87.67
25600 88.0025
25700 88.3431
25800 88.6788
25900 89.0266
26000 89.3917
26100 89.7661
26200 90.1095
26300 90.4311
26400 90.7615
26500 91.1103
26600 91.4776
26700 91.8463
26800 92.2105
26900 92.5665
27000 92.9362
27100 93.3012
27200 93.6898
27300 94.0697
27400 94.4413
27500 94.8115
27600 95.1589
27700 95.52
27800 95.8624
27900 96.1919
28000 96.5308
28100 96.8777
28200 97.2205
28300 97.5534
28400 97.8949
28500 98.2186
28600 98.523
28700 98.8326
28800 99.1545
28900 99.4778
29000 99.8141
29100 100.174
29200 100.549
29300 100.907
29400 101.249
29500 101.588
29600 101.954
29700 102.319
29800 102.694
29900 103.066
30000 103.41
30100 103.762
30200 104.13
30300 104.516
30400 104.872
30500 105.257
30600 105.617
30700 105.997
30800 106.353
30900 106.709
31000 107.06
31100 107.447
31200 107.846
31300 108.225
31400 108.586
31500 108.925
31600 109.268
31700 109.611
31800 109.966
31900 110.329
32000 110.683
32100 111.051
32200 111.39
32300 111.771
32400 112.14
32500 112.516
32600 112.911
32700 113.309
32800 113.7
32900 114.077
33000 114.464
33100 114.88
33200 115.304
33300 115.685
33400 116.028
33500 116.387
33600 116.743
33700 117.128
33800 117.537
33900 117.905
34000 118.25
34100 118.586
34200 118.912
34300 119.231
34400 119.581
34500 119.943
34600 120.294
34700 120.66
34800 121.015
34900 121.365
35000 121.7
35100 122.049
35200 122.408
35300 122.753
35400 123.071
35500 123.399
35600 123.722
35700 124.069
35800 124.422
35900 124.797
36000 125.16
36100 125.523
36200 125.912
36300 126.302
36400 126.692
36500 127.076
36600 127.45
36700 127.839
36800 128.227
36900 128.632
37000 129.013
37100 129.384
37200 129.758
37300 130.149
37400 130.546
37500 130.915
37600 131.269
37700 131.604
37800 131.94
37900 132.294
38000 132.675
38100 133.064
38200 133.449
38300 133.846
38400 134.249
38500 134.632
38600 135.022
38700 135.39
38800 135.777
38900 136.165
39000 136.541
39100 136.909
39200 137.259
39300 137.587
39400 137.896
39500 138.201
39600 138.513
39700 138.847
39800 139.188
39900 139.552
40000 139.945
40100 140.312
40200 140.66
40300 141.048
40400 141.464
40500 141.872
40600 142.287
40700 142.66
40800 143.028
40900 143.4
41000 143.772
41100 144.121
41200 144.479
41300 144.832
41400 145.181
41500 145.548
41600 145.903
41700 146.237
41800 146.578
41900 146.946
42000 147.316
42100 147.661
42200 148.001
42300 148.3
42400 148.625
42500 148.941
42600 149.259
42700 149.598
42800 149.924
42900 150.278
43000 150.666
43100 151.062
43200 151.439
43300 151.807
43400 152.154
43500 152.517
43600 152.861
43700 153.214
43800 153.577
43900 153.964
44000 154.358
44100 154.754
44200 155.122
44300 155.512
44400 155.898
44500 156.301
44600 156.69
44700 157.073
44800 157.439
44900 157.759
45000 158.089
45100 158.442
45200 158.779
45300 159.149
45400 159.5
45500 159.851
45600 160.178
45700 160.481
45800 160.818
45900 161.181
46000 161.52
46100 161.851
46200 162.22
46300 162.597
46400 162.989
46500 163.354
46600 163.713
46700 164.075
46800 164.48
46900 164.866
47000 165.272
47100 165.695
47200 166.094
47300 166.475
47400 166.823
47500 167.163
47600 167.515
47700 167.867
47800 168.233
47900 168.596
48000 168.973
48100 169.316
48200 169.672
48300 170.018
48400 170.36
48500 170.724
48600 171.112
48700 171.479
48800 171.827
48900 172.146
49000 172.517
49100 172.853
49200 173.172
49300 173.483
49400 173.801
49500 174.122
49600 174.459
49700 174.799
49800 175.174
49900 175.49
50000 175.814
50100 176.137
50200 176.454
50300 176.739
50400 177.014
50500 177.297
50600 177.57
50700 177.864
50800 178.168
50900 178.501
51000 178.869
51100 179.225
51200 179.575
51300 179.929
51400 180.3
51500 180.653
51600 180.995
51700 181.343
51800 181.714
51900 182.059
52000 182.405
52100 182.733
52200 183.066
52300 183.415
52400 183.782
52500 184.148
52600 184.485
52700 184.836
52800 185.169
52900 185.526
53000 185.928
53100 186.295
53200 186.641
53300 186.983
53400 187.33
53500 187.692
53600 188.056
53700 188.4
53800 188.752
53900 189.053
54000 189.385
54100 189.719
54200 190.075
54300 190.431
54400 190.785
54500 191.163
54600 191.543
54700 191.919
54800 192.284
54900 192.632
55000 192.984
55100 193.327
55200 193.682
55300 194.01
55400 194.332
55500 194.674
55600 195.052
55700 195.445
55800 195.856
55900 196.264
56000 196.658
56100 197.054
56200 197.45
56300 197.875
56400 198.291
56500 198.71
56600 199.145
56700 199.566
56800 199.924
56900 200.271
57000 200.661
57100 201.025
57200 201.408
57300 201.728
57400 202.031
57500 202.345
57600 202.641
57700 202.964
57800 203.319
57900 203.67
58000 204.023
58100 204.357
58200 204.692
58300 205.021
58400 205.372
58500 205.721
58600 206.08
58700 206.44
58800 206.771
58900 207.09
59000 207.424
59100 207.745
59200 208.061
59300 208.375
59400 208.714
59500 209.069
59600 209.394
59700 209.726
59800 210.091
59900 210.513
60000 210.932
60100 211.318
60200 211.7
60300 212.068
60400 212.397
60500 212.72
60600 213.04
60700 213.364
60800 213.689
60900 214.024
61000 214.337
61100 214.658
61200 214.987
61300 215.341
61400 215.741
61500 216.125
61600 216.52
61700 216.907
61800 217.278
61900 217.659
62000 218.082
62100 218.467
62200 218.823
62300 219.193
62400 219.496
62500 219.802
62600 220.094
62700 220.39
62800 220.693
62900 221.055
63000 221.373
63100 221.708
63200 222.022
63300 222.353
63400 222.682
63500 222.998
63600 223.338
63700 223.669
63800 224.013
63900 224.407
64000 224.779
64100 225.129
64200 225.492
64300 225.883
64400 226.257
64500 226.573
64600 226.889
64700 227.177
64800 227.468
64900 227.764
65000 228.074
65100 228.393
65200 228.691
65300 229.04
65400 229.376
65500 229.716
65600 230.081
65700 230.446
65800 230.814
65900 231.193
66000 231.54
66100 231.903
66200 232.269
66300 232.645
66400 233.039
66500 233.413
66600 233.791
66700 234.156
66800 234.526
66900 234.916
67000 235.352
67100 235.746
67200 236.114
67300 236.498
67400 236.876
67500 237.269
67600 237.686
67700 238.105
67800 238.559
67900 238.955
68000 239.353
68100 239.715
68200 240.081
68300 240.445
68400 240.798
68500 241.16
68600 241.505
68700 241.819
68800 242.155
68900 242.477
69000 242.8
69100 243.12
69200 243.457
69300 243.799
69400 244.136
69500 244.461
69600 244.811
69700 245.192
69800 245.587
69900 245.956
70000 246.306
70100 246.682
70200 247.072
70300 247.45
70400 247.815
70500 248.172
70600 248.523
70700 248.891
70800 249.233
70900 249.579
71000 249.965
71100 250.395
71200 250.807
71300 251.19
71400 251.61
71500 251.981
71600 252.36
71700 252.75
71800 253.106
71900 253.481
72000 253.851
72100 254.201
72200 254.478
72300 254.75
72400 255.053
72500 255.332
72600 255.65
72700 256.003
72800 256.372
72900 256.759
73000 257.139
73100 257.574
73200 257.978
73300 258.351
73400 258.675
73500 258.995
73600 259.283
73700 259.559
73800 259.861
73900 260.192
74000 260.568
74100 260.943
74200 261.337
74300 261.727
74400 262.11
74500 262.49
74600 262.859
74700 263.192
74800 263.547
74900 263.86
75000 264.167
75100 264.49
75200 264.827
75300 265.15
75400 265.423
75500 265.706
75600 265.989
75700 266.32
75800 266.66
75900 267.005
76000 267.387
76100 267.75
76200 268.072
76300 268.39
76400 268.744
76500 269.108
76600 269.462
76700 269.831
76800 270.233
76900 270.667
77000 271.057
77100 271.447
77200 271.81
77300 272.163
77400 272.517
77500 272.843
77600 273.171
77700 273.489
77800 273.805
77900 274.127
78000 274.432
78100 274.736
78200 275.066
78300 275.414
78400 275.739
78500 276.078
78600 276.416
78700 276.749
78800 277.058
78900 277.346
79000 277.646
79100 277.961
79200 278.246
79300 278.535
79400 278.835
79500 279.166
79600 279.501
79700 279.855
79800 280.261
79900 280.669
80000 281.094
80100 281.478
80200 281.862
80300 282.252
80400 282.672
80500 283.054
80600 283.415
80700 283.793
80800 284.154
80900 284.502
81000 284.868
81100 285.162
81200 285.467
81300 285.804
81400 286.135
81500 286.486
81600 286.807
81700 287.073
81800 287.377
81900 287.744
82000 288.102
82100 288.461
82200 288.862
82300 289.242
82400 289.654
82500 290.041
82600 290.375
82700 290.697
82800 291.063
82900 291.425
83000 291.8
83100 292.176
83200 292.509
83300 292.825
83400 293.16
83500 293.509
83600 293.853
83700 294.161
83800 294.507
83900 294.881
84000 295.277
84100 295.627
84200 295.981
84300 296.324
84400 296.674
84500 297.019
84600 297.38
84700 297.737
84800 298.068
84900 298.39
85000 298.724
85100 299.029
85200 299.332
85300 299.644
85400 299.972
85500 300.328
85600 300.635
85700 300.925
85800 301.228
85900 301.551
86000 301.881
86100 302.124
86200 302.401
86300 302.686
86400 302.983
86500 303.329
86600 303.677
86700 304.018
86800 304.369
86900 304.755
87000 305.135
87100 305.526
87200 305.936
87300 306.318
87400 306.692
87500 307.088
87600 307.455
87700 307.824
87800 308.165
87900 308.509
88000 308.841
88100 309.195
88200 309.561
88300 309.951
88400 310.336
88500 310.727
88600 311.115
88700 311.51
88800 311.862
88900 312.229
89000 312.598
89100 312.964
89200 313.344
89300 313.75
89400 314.1
89500 314.448
89600 314.727
89700 315.002
89800 315.308
89900 315.591
90000 315.854
90100 316.159
90200 316.529
90300 316.881
90400 317.224
90500 317.588
90600 317.968
90700 318.313
90800 318.621
90900 318.932
91000 319.214
91100 319.453
91200 319.739
91300 320.025
91400 320.279
91500 320.534
91600 320.807
91700 321.122
91800 321.458
91900 321.81
92000 322.189
92100 322.57
92200 322.94
92300 323.276
92400 323.615
92500 323.953
92600 324.323
92700 324.666
92800 325.019
92900 325.376
93000 325.69
93100 326.036
93200 326.387
93300 326.789
93400 327.184
93500 327.564
93600 327.951
93700 328.332
93800 328.702
93900 329.058
94000 329.463
94100 329.901
94200 330.315
94300 330.679
94400 330.983
94500 331.285
94600 331.627
94700 331.987
94800 332.355
94900 332.703
95000 333.086
95100 333.45
95200 333.784
95300 334.119
95400 334.47
95500 334.83
95600 335.19
95700 335.529
95800 335.873
95900 336.147
96000 336.425
96100 336.726
96200 337.091
96300 337.477
96400 337.869
96500 338.273
96600 338.661
96700 339.028
96800 339.38
96900 339.722
97000 340.041
97100 340.299
97200 340.558
97300 340.843
97400 341.148
97500 341.457
97600 341.745
97700 341.99
97800 342.247
97900 342.541
98000 342.88
98100 343.231
98200 343.588
98300 343.943
98400 344.353
98500 344.738
98600 345.077
98700 345.47
98800 345.878
98900 346.231
99000 346.597
99100 346.986
99200 347.413
99300 347.791
99400 348.138
99500 348.476
99600 348.834
99700 349.189
99800 349.535
99900 349.918
100000 350.309
100100 350.665
100200 351.033
100300 351.416
