# Time-averaged data for fix com
# TimeStep c_com[1] c_com[2] c_com[3]
100 1.78575 1.91296 1.8687
200 1.78575 1.91296 1.8687
300 1.78575 1.91296 1.8687
400 1.78575 1.91296 1.8687
500 1.78575 1.91296 1.8687
600 1.78575 1.91296 1.8687
700 1.78575 1.91296 1.8687
800 1.78575 1.91296 1.8687
900 1.78575 1.91296 1.8687
1000 1.78575 1.91296 1.8687
1100 1.78575 1.91296 1.8687
1200 1.78575 1.91296 1.8687
1300 1.78575 1.91296 1.8687
1400 1.78575 1.91296 1.8687
1500 1.78575 1.91296 1.8687
1600 1.78575 1.91296 1.8687
1700 1.78575 1.91296 1.8687
1800 1.78575 1.91296 1.8687
1900 1.78575 1.91296 1.8687
2000 1.78575 1.91296 1.8687
2100 1.78575 1.91296 1.8687
2200 1.78575 1.91296 1.8687
2300 1.78575 1.91296 1.8687
2400 1.78575 1.91296 1.8687
2500 1.78575 1.91296 1.8687
2600 1.78575 1.91296 1.8687
2700 1.78575 1.91296 1.8687
2800 1.78575 1.91296 1.8687
2900 1.78575 1.91296 1.8687
3000 1.78575 1.91296 1.8687
3100 1.78575 1.91296 1.8687
3200 1.78575 1.91296 1.8687
3300 1.78575 1.91296 1.8687
3400 1.78575 1.91296 1.8687
3500 1.78575 1.91296 1.8687
3600 1.78575 1.91296 1.8687
3700 1.78575 1.91296 1.8687
3800 1.78575 1.91296 1.8687
3900 1.78575 1.91296 1.8687
4000 1.78575 1.91296 1.8687
4100 1.78575 1.91296 1.8687
4200 1.78575 1.91296 1.8687
4300 1.78575 1.91296 1.8687
4400 1.78575 1.91296 1.8687
4500 1.78575 1.91296 1.8687
4600 1.78575 1.91296 1.8687
4700 1.78575 1.91296 1.8687
4800 1.78575 1.91296 1.8687
4900 1.78575 1.91296 1.8687
5000 1.78575 1.91296 1.8687
5100 1.78575 1.91296 1.8687
5200 1.78575 1.91296 1.8687
5300 1.78575 1.91296 1.8687
5400 1.78575 1.91296 1.8687
5500 1.78575 1.91296 1.8687
5600 1.78575 1.91296 1.8687
5700 1.78575 1.91296 1.8687
5800 1.78575 1.91296 1.8687
5900 1.78575 1.91296 1.8687
6000 1.78575 1.91296 1.8687
6100 1.78575 1.91296 1.8687
6200 1.78575 1.91296 1.8687
6300 1.78575 1.91296 1.8687
6400 1.78575 1.91296 1.8687
6500 1.78575 1.91296 1.8687
6600 1.78575 1.91296 1.8687
6700 1.78575 1.91296 1.8687
6800 1.78575 1.91296 1.8687
6900 1.78575 1.91296 1.8687
7000 1.78575 1.91296 1.8687
7100 1.78575 1.91296 1.8687
7200 1.78575 1.91296 1.8687
7300 1.78575 1.91296 1.8687
7400 1.78575 1.91296 1.8687
7500 1.78575 1.91296 1.8687
7600 1.78575 1.91296 1.8687
7700 1.78575 1.91296 1.8687
7800 1.78575 1.91296 1.8687
7900 1.78575 1.91296 1.8687
8000 1.78575 1.91296 1.8687
8100 1.78575 1.91296 1.8687
8200 1.78575 1.91296 1.8687
8300 1.78575 1.91296 1.8687
8400 1.78575 1.91296 1.8687
8500 1.78575 1.91296 1.8687
8600 1.78575 1.91296 1.8687
8700 1.78575 1.91296 1.8687
8800 1.78575 1.91296 1.8687
8900 1.78575 1.91296 1.8687
9000 1.78575 1.91296 1.8687
9100 1.78575 1.91296 1.8687
9200 1.78575 1.91296 1.8687
9300 1.78575 1.91296 1.8687
9400 1.78575 1.91296 1.8687
9500 1.78575 1.91296 1.8687
9600 1.78575 1.91296 1.8687
9700 1.78575 1.91296 1.8687
9800 1.78575 1.91296 1.8687
9900 1.78575 1.91296 1.8687
10000 1.78575 1.91296 1.8687
10100 1.78575 1.91296 1.8687
10200 1.78575 1.91296 1.8687
10300 1.78575 1.91296 1.8687
10400 1.78575 1.91296 1.8687
10500 1.78575 1.91296 1.8687
10600 1.78575 1.91296 1.8687
10700 1.78575 1.91296 1.8687
10800 1.78575 1.91296 1.8687
10900 1.78575 1.91296 1.8687
11000 1.78575 1.91296 1.8687
11100 1.78575 1.91296 1.8687
11200 1.78575 1.91296 1.8687
11300 1.78575 1.91296 1.8687
11400 1.78575 1.91296 1.8687
11500 1.78575 1.91296 1.8687
11600 1.78575 1.91296 1.8687
11700 1.78575 1.91296 1.8687
11800 1.78575 1.91296 1.8687
11900 1.78575 1.91296 1.8687
12000 1.78575 1.91296 1.8687
12100 1.78575 1.91296 1.8687
12200 1.78575 1.91296 1.8687
12300 1.78575 1.91296 1.8687
12400 1.78575 1.91296 1.8687
12500 1.78575 1.91296 1.8687
12600 1.78575 1.91296 1.8687
12700 1.78575 1.91296 1.8687
12800 1.78575 1.91296 1.8687
12900 1.78575 1.91296 1.8687
13000 1.78575 1.91296 1.8687
13100 1.78575 1.91296 1.8687
13200 1.78575 1.91296 1.8687
13300 1.78575 1.91296 1.8687
13400 1.78575 1.91296 1.8687
13500 1.78575 1.91296 1.8687
13600 1.78575 1.91296 1.8687
13700 1.78575 1.91296 1.8687
13800 1.78575 1.91296 1.8687
13900 1.78575 1.91296 1.8687
14000 1.78575 1.91296 1.8687
14100 1.78575 1.91296 1.8687
14200 1.78575 1.91296 1.8687
14300 1.78575 1.91296 1.8687
14400 1.78575 1.91296 1.8687
14500 1.78575 1.91296 1.8687
14600 1.78575 1.91296 1.8687
14700 1.78575 1.91296 1.8687
14800 1.78575 1.91296 1.8687
14900 1.78575 1.91296 1.8687
15000 1.78575 1.91296 1.8687
15100 1.78575 1.91296 1.8687
15200 1.78575 1.91296 1.8687
15300 1.78575 1.91296 1.8687
15400 1.78575 1.91296 1.8687
15500 1.78575 1.91296 1.8687
15600 1.78575 1.91296 1.8687
15700 1.78575 1.91296 1.8687
15800 1.78575 1.91296 1.8687
15900 1.78575 1.91296 1.8687
16000 1.78575 1.91296 1.8687
16100 1.78575 1.91296 1.8687
16200 1.78575 1.91296 1.8687
16300 1.78575 1.91296 1.8687
16400 1.78575 1.91296 1.8687
16500 1.78575 1.91296 1.8687
16600 1.78575 1.91296 1.8687
16700 1.78575 1.91296 1.8687
16800 1.78575 1.91296 1.8687
16900 1.78575 1.91296 1.8687
17000 1.78575 1.91296 1.8687
17100 1.78575 1.91296 1.8687
17200 1.78575 1.91296 1.8687
17300 1.78575 1.91296 1.8687
17400 1.78575 1.91296 1.8687
17500 1.78575 1.91296 1.8687
17600 1.78575 1.91296 1.8687
17700 1.78575 1.91296 1.8687
17800 1.78575 1.91296 1.8687
17900 1.78575 1.91296 1.8687
18000 1.78575 1.91296 1.8687
18100 1.78575 1.91296 1.8687
18200 1.78575 1.91296 1.8687
18300 1.78575 1.91296 1.8687
18400 1.78575 1.91296 1.8687
18500 1.78575 1.91296 1.8687
18600 1.78575 1.91296 1.8687
18700 1.78575 1.91296 1.8687
18800 1.78575 1.91296 1.8687
18900 1.78575 1.91296 1.8687
19000 1.78575 1.91296 1.8687
19100 1.78575 1.91296 1.8687
19200 1.78575 1.91296 1.8687
19300 1.78575 1.91296 1.8687
19400 1.78575 1.91296 1.8687
19500 1.78575 1.91296 1.8687
19600 1.78575 1.91296 1.8687
19700 1.78575 1.91296 1.8687
19800 1.78575 1.91296 1.8687
19900 1.78575 1.91296 1.8687
20000 1.78575 1.91296 1.8687
20100 1.78575 1.91296 1.8687
20200 1.78575 1.91296 1.8687
20300 1.78575 1.91296 1.8687
20400 1.78575 1.91296 1.8687
20500 1.78575 1.91296 1.8687
20600 1.78575 1.91296 1.8687
20700 1.78575 1.91296 1.8687
20800 1.78575 1.91296 1.8687
20900 1.78575 1.91296 1.8687
21000 1.78575 1.91296 1.8687
21100 1.78575 1.91296 1.8687
21200 1.78575 1.91296 1.8687
21300 1.78575 1.91296 1.8687
21400 1.78575 1.91296 1.8687
21500 1.78575 1.91296 1.8687
21600 1.78575 1.91296 1.8687
21700 1.78575 1.91296 1.8687
21800 1.78575 1.91296 1.8687
21900 1.78575 1.91296 1.8687
22000 1.78575 1.91296 1.8687
22100 1.78575 1.91296 1.8687
22200 1.78575 1.91296 1.8687
22300 1.78575 1.91296 1.8687
22400 1.78575 1.91296 1.8687
22500 1.78575 1.91296 1.8687
22600 1.78575 1.91296 1.8687
22700 1.78575 1.91296 1.8687
22800 1.78575 1.91296 1.8687
22900 1.78575 1.91296 1.8687
23000 1.78575 1.91296 1.8687
23100 1.78575 1.91296 1.8687
23200 1.78575 1.91296 1.8687
23300 1.78575 1.91296 1.8687
23400 1.78575 1.91296 1.8687
23500 1.78575 1.91296 1.8687
23600 1.78575 1.91296 1.8687
23700 1.78575 1.91296 1.8687
23800 1.78575 1.91296 1.8687
23900 1.78575 1.91296 1.8687
24000 1.78575 1.91296 1.8687
24100 1.78575 1.91296 1.8687
24200 1.78575 1.91296 1.8687
24300 1.78575 1.91296 1.8687
24400 1.78575 1.91296 1.8687
24500 1.78575 1.91296 1.8687
24600 1.78575 1.91296 1.8687
24700 1.78575 1.91296 1.8687
24800 1.78575 1.91296 1.8687
24900 1.78575 1.91296 1.8687
25000 1.78575 1.91296 1.8687
25100 1.78575 1.91296 1.8687
25200 1.78575 1.91296 1.8687
25300 1.78575 1.91296 1.8687
25400 1.78575 1.91296 1.8687
25500 1.78575 1.91296 1.8687
25600 1.78575 1.91296 1.8687
25700 1.78575 1.91296 1.8687
25800 1.78575 1.91296 1.8687
25900 1.78575 1.91296 1.8687
26000 1.78575 1.91296 1.8687
26100 1.78575 1.91296 1.8687
26200 1.78575 1.91296 1.8687
26300 1.78575 1.91296 1.8687
26400 1.78575 1.91296 1.8687
26500 1.78575 1.91296 1.8687
26600 1.78575 1.91296 1.8687
26700 1.78575 1.91296 1.8687
26800 1.78575 1.91296 1.8687
26900 1.78575 1.91296 1.8687
27000 1.78575 1.91296 1.8687
27100 1.78575 1.91296 1.8687
27200 1.78575 1.91296 1.8687
27300 1.78575 1.91296 1.8687
27400 1.78575 1.91296 1.8687
27500 1.78575 1.91296 1.8687
27600 1.78575 1.91296 1.8687
27700 1.78575 1.91296 1.8687
27800 1.78575 1.91296 1.8687
27900 1.78575 1.91296 1.8687
28000 1.78575 1.91296 1.8687
28100 1.78575 1.91296 1.8687
28200 1.78575 1.91296 1.8687
28300 1.78575 1.91296 1.8687
28400 1.78575 1.91296 1.8687
28500 1.78575 1.91296 1.8687
28600 1.78575 1.91296 1.8687
28700 1.78575 1.91296 1.8687
28800 1.78575 1.91296 1.8687
28900 1.78575 1.91296 1.8687
29000 1.78575 1.91296 1.8687
29100 1.78575 1.91296 1.8687
29200 1.78575 1.91296 1.8687
29300 1.78575 1.91296 1.8687
29400 1.78575 1.91296 1.8687
29500 1.78575 1.91296 1.8687
29600 1.78575 1.91296 1.8687
29700 1.78575 1.91296 1.8687
29800 1.78575 1.91296 1.8687
29900 1.78575 1.91296 1.8687
30000 1.78575 1.91296 1.8687
30100 1.78575 1.91296 1.8687
30200 1.78575 1.91296 1.8687
30300 1.78575 1.91296 1.8687
30400 1.78575 1.91296 1.8687
30500 1.78575 1.91296 1.8687
30600 1.78575 1.91296 1.8687
30700 1.78575 1.91296 1.8687
30800 1.78575 1.91296 1.8687
30900 1.78575 1.91296 1.8687
31000 1.78575 1.91296 1.8687
31100 1.78575 1.91296 1.8687
31200 1.78575 1.91296 1.8687
31300 1.78575 1.91296 1.8687
31400 1.78575 1.91296 1.8687
31500 1.78575 1.91296 1.8687
31600 1.78575 1.91296 1.8687
31700 1.78575 1.91296 1.8687
31800 1.78575 1.91296 1.8687
31900 1.78575 1.91296 1.8687
32000 1.78575 1.91296 1.8687
32100 1.78575 1.91296 1.8687
32200 1.78575 1.91296 1.8687
32300 1.78575 1.91296 1.8687
32400 1.78575 1.91296 1.8687
32500 1.78575 1.91296 1.8687
32600 1.78575 1.91296 1.8687
32700 1.78575 1.91296 1.8687
32800 1.78575 1.91296 1.8687
32900 1.78575 1.91296 1.8687
33000 1.78575 1.91296 1.8687
33100 1.78575 1.91296 1.8687
33200 1.78575 1.91296 1.8687
33300 1.78575 1.91296 1.8687
33400 1.78575 1.91296 1.8687
33500 1.78575 1.91296 1.8687
33600 1.78575 1.91296 1.8687
33700 1.78575 1.91296 1.8687
33800 1.78575 1.91296 1.8687
33900 1.78575 1.91296 1.8687
34000 1.78575 1.91296 1.8687
34100 1.78575 1.91296 1.8687
34200 1.78575 1.91296 1.8687
34300 1.78575 1.91296 1.8687
34400 1.78575 1.91296 1.8687
34500 1.78575 1.91296 1.8687
34600 1.78575 1.91296 1.8687
34700 1.78575 1.91296 1.8687
34800 1.78575 1.91296 1.8687
34900 1.78575 1.91296 1.8687
35000 1.78575 1.91296 1.8687
35100 1.78575 1.91296 1.8687
35200 1.78575 1.91296 1.8687
35300 1.78575 1.91296 1.8687
35400 1.78575 1.91296 1.8687
35500 1.78575 1.91296 1.8687
35600 1.78575 1.91296 1.8687
35700 1.78575 1.91296 1.8687
35800 1.78575 1.91296 1.8687
35900 1.78575 1.91296 1.8687
36000 1.78575 1.91296 1.8687
36100 1.78575 1.91296 1.8687
36200 1.78575 1.91296 1.8687
36300 1.78575 1.91296 1.8687
36400 1.78575 1.91296 1.8687
36500 1.78575 1.91296 1.8687
36600 1.78575 1.91296 1.8687
36700 1.78575 1.91296 1.8687
36800 1.78575 1.91296 1.8687
36900 1.78575 1.91296 1.8687
37000 1.78575 1.91296 1.8687
37100 1.78575 1.91296 1.8687
37200 1.78575 1.91296 1.8687
37300 1.78575 1.91296 1.8687
37400 1.78575 1.91296 1.8687
37500 1.78575 1.91296 1.8687
37600 1.78575 1.91296 1.8687
37700 1.78575 1.91296 1.8687
37800 1.78575 1.91296 1.8687
37900 1.78575 1.91296 1.8687
38000 1.78575 1.91296 1.8687
38100 1.78575 1.91296 1.8687
38200 1.78575 1.91296 1.8687
38300 1.78575 1.91296 1.8687
38400 1.78575 1.91296 1.8687
38500 1.78575 1.91296 1.8687
38600 1.78575 1.91296 1.8687
38700 1.78575 1.91296 1.8687
38800 1.78575 1.91296 1.8687
38900 1.78575 1.91296 1.8687
39000 1.78575 1.91296 1.8687
39100 1.78575 1.91296 1.8687
39200 1.78575 1.91296 1.8687
39300 1.78575 1.91296 1.8687
39400 1.78575 1.91296 1.8687
39500 1.78575 1.91296 1.8687
39600 1.78575 1.91296 1.8687
39700 1.78575 1.91296 1.8687
39800 1.78575 1.91296 1.8687
39900 1.78575 1.91296 1.8687
40000 1.78575 1.91296 1.8687
40100 1.78575 1.91296 1.8687
40200 1.78575 1.91296 1.8687
40300 1.78575 1.91296 1.8687
40400 1.78575 1.91296 1.8687
40500 1.78575 1.91296 1.8687
40600 1.78575 1.91296 1.8687
40700 1.78575 1.91296 1.8687
40800 1.78575 1.91296 1.8687
40900 1.78575 1.91296 1.8687
41000 1.78575 1.91296 1.8687
41100 1.78575 1.91296 1.8687
41200 1.78575 1.91296 1.8687
41300 1.78575 1.91296 1.8687
41400 1.78575 1.91296 1.8687
41500 1.78575 1.91296 1.8687
41600 1.78575 1.91296 1.8687
41700 1.78575 1.91296 1.8687
41800 1.78575 1.91296 1.8687
41900 1.78575 1.91296 1.8687
42000 1.78575 1.91296 1.8687
42100 1.78575 1.91296 1.8687
42200 1.78575 1.91296 1.8687
42300 1.78575 1.91296 1.8687
42400 1.78575 1.91296 1.8687
42500 1.78575 1.91296 1.8687
42600 1.78575 1.91296 1.8687
42700 1.78575 1.91296 1.8687
42800 1.78575 1.91296 1.8687
42900 1.78575 1.91296 1.8687
43000 1.78575 1.91296 1.8687
43100 1.78575 1.91296 1.8687
43200 1.78575 1.91296 1.8687
43300 1.78575 1.91296 1.8687
43400 1.78575 1.91296 1.8687
43500 1.78575 1.91296 1.8687
43600 1.78575 1.91296 1.8687
43700 1.78575 1.91296 1.8687
43800 1.78575 1.91296 1.8687
43900 1.78575 1.91296 1.8687
44000 1.78575 1.91296 1.8687
44100 1.78575 1.91296 1.8687
44200 1.78575 1.91296 1.8687
44300 1.78575 1.91296 1.8687
44400 1.78575 1.91296 1.8687
44500 1.78575 1.91296 1.8687
44600 1.78575 1.91296 1.8687
44700 1.78575 1.91296 1.8687
44800 1.78575 1.91296 1.8687
44900 1.78575 1.91296 1.8687
45000 1.78575 1.91296 1.8687
45100 1.78575 1.91296 1.8687
45200 1.78575 1.91296 1.8687
45300 1.78575 1.91296 1.8687
45400 1.78575 1.91296 1.8687
45500 1.78575 1.91296 1.8687
45600 1.78575 1.91296 1.8687
45700 1.78575 1.91296 1.8687
45800 1.78575 1.91296 1.8687
45900 1.78575 1.91296 1.8687
46000 1.78575 1.91296 1.8687
46100 1.78575 1.91296 1.8687
46200 1.78575 1.91296 1.8687
46300 1.78575 1.91296 1.8687
46400 1.78575 1.91296 1.8687
46500 1.78575 1.91296 1.8687
46600 1.78575 1.91296 1.8687
46700 1.78575 1.91296 1.8687
46800 1.78575 1.91296 1.8687
46900 1.78575 1.91296 1.8687
47000 1.78575 1.91296 1.8687
47100 1.78575 1.91296 1.8687
47200 1.78575 1.91296 1.8687
47300 1.78575 1.91296 1.8687
47400 1.78575 1.91296 1.8687
47500 1.78575 1.91296 1.8687
47600 1.78575 1.91296 1.8687
47700 1.78575 1.91296 1.8687
47800 1.78575 1.91296 1.8687
47900 1.78575 1.91296 1.8687
48000 1.78575 1.91296 1.8687
48100 1.78575 1.91296 1.8687
48200 1.78575 1.91296 1.8687
48300 1.78575 1.91296 1.8687
48400 1.78575 1.91296 1.8687
48500 1.78575 1.91296 1.8687
48600 1.78575 1.91296 1.8687
48700 1.78575 1.91296 1.8687
48800 1.78575 1.91296 1.8687
48900 1.78575 1.91296 1.8687
49000 1.78575 1.91296 1.8687
49100 1.78575 1.91296 1.8687
49200 1.78575 1.91296 1.8687
49300 1.78575 1.91296 1.8687
49400 1.78575 1.91296 1.8687
49500 1.78575 1.91296 1.8687
49600 1.78575 1.91296 1.8687
49700 1.78575 1.91296 1.8687
49800 1.78575 1.91296 1.8687
49900 1.78575 1.91296 1.8687
50000 1.78575 1.91296 1.8687
50100 1.78575 1.91296 1.8687
50200 1.78575 1.91296 1.8687
50300 1.78575 1.91296 1.8687
50400 1.78575 1.91296 1.8687
50500 1.78575 1.91296 1.8687
50600 1.78575 1.91296 1.8687
50700 1.78575 1.91296 1.8687
50800 1.78575 1.91296 1.8687
50900 1.78575 1.91296 1.8687
51000 1.78575 1.91296 1.8687
51100 1.78575 1.91296 1.8687
51200 1.78575 1.91296 1.8687
51300 1.78575 1.91296 1.8687
51400 1.78575 1.91296 1.8687
51500 1.78575 1.91296 1.8687
51600 1.78575 1.91296 1.8687
51700 1.78575 1.91296 1.8687
51800 1.78575 1.91296 1.8687
51900 1.78575 1.91296 1.8687
52000 1.78575 1.91296 1.8687
52100 1.78575 1.91296 1.8687
52200 1.78575 1.91296 1.8687
52300 1.78575 1.91296 1.8687
52400 1.78575 1.91296 1.8687
52500 1.78575 1.91296 1.8687
52600 1.78575 1.91296 1.8687
52700 1.78575 1.91296 1.8687
52800 1.78575 1.91296 1.8687
52900 1.78575 1.91296 1.8687
53000 1.78575 1.91296 1.8687
53100 1.78575 1.91296 1.8687
53200 1.78575 1.91296 1.8687
53300 1.78575 1.91296 1.8687
53400 1.78575 1.91296 1.8687
53500 1.78575 1.91296 1.8687
53600 1.78575 1.91296 1.8687
53700 1.78575 1.91296 1.8687
53800 1.78575 1.91296 1.8687
53900 1.78575 1.91296 1.8687
54000 1.78575 1.91296 1.8687
54100 1.78575 1.91296 1.8687
54200 1.78575 1.91296 1.8687
54300 1.78575 1.91296 1.8687
54400 1.78575 1.91296 1.8687
54500 1.78575 1.91296 1.8687
54600 1.78575 1.91296 1.8687
54700 1.78575 1.91296 1.8687
54800 1.78575 1.91296 1.8687
54900 1.78575 1.91296 1.8687
55000 1.78575 1.91296 1.8687
55100 1.78575 1.91296 1.8687
55200 1.78575 1.91296 1.8687
55300 1.78575 1.91296 1.8687
55400 1.78575 1.91296 1.8687
55500 1.78575 1.91296 1.8687
55600 1.78575 1.91296 1.8687
55700 1.78575 1.91296 1.8687
55800 1.78575 1.91296 1.8687
55900 1.78575 1.91296 1.8687
56000 1.78575 1.91296 1.8687
56100 1.78575 1.91296 1.8687
56200 1.78575 1.91296 1.8687
56300 1.78575 1.91296 1.8687
56400 1.78575 1.91296 1.8687
56500 1.78575 1.91296 1.8687
56600 1.78575 1.91296 1.8687
56700 1.78575 1.91296 1.8687
56800 1.78575 1.91296 1.8687
56900 1.78575 1.91296 1.8687
57000 1.78575 1.91296 1.8687
57100 1.78575 1.91296 1.8687
57200 1.78575 1.91296 1.8687
57300 1.78575 1.91296 1.8687
57400 1.78575 1.91296 1.8687
57500 1.78575 1.91296 1.8687
57600 1.78575 1.91296 1.8687
57700 1.78575 1.91296 1.8687
57800 1.78575 1.91296 1.8687
57900 1.78575 1.91296 1.8687
58000 1.78575 1.91296 1.8687
58100 1.78575 1.91296 1.8687
58200 1.78575 1.91296 1.8687
58300 1.78575 1.91296 1.8687
58400 1.78575 1.91296 1.8687
58500 1.78575 1.91296 1.8687
58600 1.78575 1.91296 1.8687
58700 1.78575 1.91296 1.8687
58800 1.78575 1.91296 1.8687
58900 1.78575 1.91296 1.8687
59000 1.78575 1.91296 1.8687
59100 1.78575 1.91296 1.8687
59200 1.78575 1.91296 1.8687
59300 1.78575 1.91296 1.8687
59400 1.78575 1.91296 1.8687
59500 1.78575 1.91296 1.8687
59600 1.78575 1.91296 1.8687
59700 1.78575 1.91296 1.8687
59800 1.78575 1.91296 1.8687
59900 1.78575 1.91296 1.8687
60000 1.78575 1.91296 1.8687
60100 1.78575 1.91296 1.8687
60200 1.78575 1.91296 1.8687
60300 1.78575 1.91296 1.8687
60400 1.78575 1.91296 1.8687
60500 1.78575 1.91296 1.8687
60600 1.78575 1.91296 1.8687
60700 1.78575 1.91296 1.8687
60800 1.78575 1.91296 1.8687
60900 1.78575 1.91296 1.8687
61000 1.78575 1.91296 1.8687
61100 1.78575 1.91296 1.8687
61200 1.78575 1.91296 1.8687
61300 1.78575 1.91296 1.8687
61400 1.78575 1.91296 1.8687
61500 1.78575 1.91296 1.8687
61600 1.78575 1.91296 1.8687
61700 1.78575 1.91296 1.8687
61800 1.78575 1.91296 1.8687
61900 1.78575 1.91296 1.8687
62000 1.78575 1.91296 1.8687
62100 1.78575 1.91296 1.8687
62200 1.78575 1.91296 1.8687
62300 1.78575 1.91296 1.8687
62400 1.78575 1.91296 1.8687
62500 1.78575 1.91296 1.8687
62600 1.78575 1.91296 1.8687
62700 1.78575 1.91296 1.8687
62800 1.78575 1.91296 1.8687
62900 1.78575 1.91296 1.8687
63000 1.78575 1.91296 1.8687
63100 1.78575 1.91296 1.8687
63200 1.78575 1.91296 1.8687
63300 1.78575 1.91296 1.8687
63400 1.78575 1.91296 1.8687
63500 1.78575 1.91296 1.8687
63600 1.78575 1.91296 1.8687
63700 1.78575 1.91296 1.8687
63800 1.78575 1.91296 1.8687
63900 1.78575 1.91296 1.8687
64000 1.78575 1.91296 1.8687
64100 1.78575 1.91296 1.8687
64200 1.78575 1.91296 1.8687
64300 1.78575 1.91296 1.8687
64400 1.78575 1.91296 1.8687
64500 1.78575 1.91296 1.8687
64600 1.78575 1.91296 1.8687
64700 1.78575 1.91296 1.8687
64800 1.78575 1.91296 1.8687
64900 1.78575 1.91296 1.8687
65000 1.78575 1.91296 1.8687
65100 1.78575 1.91296 1.8687
65200 1.78575 1.91296 1.8687
65300 1.78575 1.91296 1.8687
65400 1.78575 1.91296 1.8687
65500 1.78575 1.91296 1.8687
65600 1.78575 1.91296 1.8687
65700 1.78575 1.91296 1.8687
65800 1.78575 1.91296 1.8687
65900 1.78575 1.91296 1.8687
66000 1.78575 1.91296 1.8687
66100 1.78575 1.91296 1.8687
66200 1.78575 1.91296 1.8687
66300 1.78575 1.91296 1.8687
66400 1.78575 1.91296 1.8687
66500 1.78575 1.91296 1.8687
66600 1.78575 1.91296 1.8687
66700 1.78575 1.91296 1.8687
66800 1.78575 1.91296 1.8687
66900 1.78575 1.91296 1.8687
67000 1.78575 1.91296 1.8687
67100 1.78575 1.91296 1.8687
67200 1.78575 1.91296 1.8687
67300 1.78575 1.91296 1.8687
67400 1.78575 1.91296 1.8687
67500 1.78575 1.91296 1.8687
67600 1.78575 1.91296 1.8687
67700 1.78575 1.91296 1.8687
67800 1.78575 1.91296 1.8687
67900 1.78575 1.91296 1.8687
68000 1.78575 1.91296 1.8687
68100 1.78575 1.91296 1.8687
68200 1.78575 1.91296 1.8687
68300 1.78575 1.91296 1.8687
68400 1.78575 1.91296 1.8687
68500 1.78575 1.91296 1.8687
68600 1.78575 1.91296 1.8687
68700 1.78575 1.91296 1.8687
68800 1.78575 1.91296 1.8687
68900 1.78575 1.91296 1.8687
69000 1.78575 1.91296 1.8687
69100 1.78575 1.91296 1.8687
69200 1.78575 1.91296 1.8687
69300 1.78575 1.91296 1.8687
69400 1.78575 1.91296 1.8687
69500 1.78575 1.91296 1.8687
69600 1.78575 1.91296 1.8687
69700 1.78575 1.91296 1.8687
69800 1.78575 1.91296 1.8687
69900 1.78575 1.91296 1.8687
70000 1.78575 1.91296 1.8687
70100 1.78575 1.91296 1.8687
70200 1.78575 1.91296 1.8687
70300 1.78575 1.91296 1.8687
70400 1.78575 1.91296 1.8687
70500 1.78575 1.91296 1.8687
70600 1.78575 1.91296 1.8687
70700 1.78575 1.91296 1.8687
70800 1.78575 1.91296 1.8687
70900 1.78575 1.91296 1.8687
71000 1.78575 1.91296 1.8687
71100 1.78575 1.91296 1.8687
71200 1.78575 1.91296 1.8687
71300 1.78575 1.91296 1.8687
71400 1.78575 1.91296 1.8687
71500 1.78575 1.91296 1.8687
71600 1.78575 1.91296 1.8687
71700 1.78575 1.91296 1.8687
71800 1.78575 1.91296 1.8687
71900 1.78575 1.91296 1.8687
72000 1.78575 1.91296 1.8687
72100 1.78575 1.91296 1.8687
72200 1.78575 1.91296 1.8687
72300 1.78575 1.91296 1.8687
72400 1.78575 1.91296 1.8687
72500 1.78575 1.91296 1.8687
72600 1.78575 1.91296 1.8687
72700 1.78575 1.91296 1.8687
72800 1.78575 1.91296 1.8687
72900 1.78575 1.91296 1.8687
73000 1.78575 1.91296 1.8687
73100 1.78575 1.91296 1.8687
73200 1.78575 1.91296 1.8687
73300 1.78575 1.91296 1.8687
73400 1.78575 1.91296 1.8687
73500 1.78575 1.91296 1.8687
73600 1.78575 1.91296 1.8687
73700 1.78575 1.91296 1.8687
73800 1.78575 1.91296 1.8687
73900 1.78575 1.91296 1.8687
74000 1.78575 1.91296 1.8687
74100 1.78575 1.91296 1.8687
74200 1.78575 1.91296 1.8687
74300 1.78575 1.91296 1.8687
74400 1.78575 1.91296 1.8687
74500 1.78575 1.91296 1.8687
74600 1.78575 1.91296 1.8687
74700 1.78575 1.91296 1.8687
74800 1.78575 1.91296 1.8687
74900 1.78575 1.91296 1.8687
75000 1.78575 1.91296 1.8687
75100 1.78575 1.91296 1.8687
75200 1.78575 1.91296 1.8687
75300 1.78575 1.91296 1.8687
75400 1.78575 1.91296 1.8687
75500 1.78575 1.91296 1.8687
75600 1.78575 1.91296 1.8687
75700 1.78575 1.91296 1.8687
75800 1.78575 1.91296 1.8687
75900 1.78575 1.91296 1.8687
76000 1.78575 1.91296 1.8687
76100 1.78575 1.91296 1.8687
76200 1.78575 1.91296 1.8687
76300 1.78575 1.91296 1.8687
76400 1.78575 1.91296 1.8687
76500 1.78575 1.91296 1.86869
76600 1.78575 1.91296 1.86869
76700 1.78575 1.91296 1.86869
76800 1.78575 1.91296 1.86869
76900 1.78575 1.91296 1.86869
77000 1.78575 1.91296 1.86869
77100 1.78575 1.91296 1.86869
77200 1.78575 1.91296 1.86869
77300 1.78575 1.91296 1.86869
77400 1.78575 1.91296 1.86869
77500 1.78575 1.91296 1.86869
77600 1.78575 1.91296 1.86869
77700 1.78575 1.91296 1.86869
77800 1.78575 1.91296 1.86869
77900 1.78575 1.91296 1.86869
78000 1.78575 1.91296 1.86869
78100 1.78575 1.91296 1.86869
78200 1.78575 1.91296 1.86869
78300 1.78575 1.91296 1.86869
78400 1.78575 1.91296 1.86869
78500 1.78575 1.91296 1.86869
78600 1.78575 1.91296 1.86869
78700 1.78575 1.91296 1.86869
78800 1.78575 1.91296 1.86869
78900 1.78575 1.91296 1.86869
79000 1.78575 1.91296 1.86869
79100 1.78575 1.91296 1.86869
79200 1.78575 1.91296 1.86869
79300 1.78575 1.91296 1.86869
79400 1.78575 1.91296 1.86869
79500 1.78575 1.91296 1.86869
79600 1.78575 1.91296 1.86869
79700 1.78575 1.91296 1.86869
79800 1.78575 1.91296 1.86869
79900 1.78575 1.91296 1.86869
80000 1.78575 1.91296 1.86869
80100 1.78575 1.91296 1.86869
80200 1.78575 1.91296 1.86869
80300 1.78575 1.91296 1.86869
80400 1.78575 1.91296 1.86869
80500 1.78575 1.91296 1.86869
80600 1.78575 1.91296 1.86869
80700 1.78575 1.91296 1.86869
80800 1.78575 1.91296 1.86869
80900 1.78575 1.91296 1.86869
81000 1.78575 1.91296 1.86869
81100 1.78575 1.91296 1.86869
81200 1.78575 1.91296 1.86869
81300 1.78575 1.91296 1.86869
81400 1.78575 1.91296 1.86869
81500 1.78575 1.91296 1.86869
81600 1.78575 1.91296 1.86869
81700 1.78575 1.91296 1.86869
81800 1.78575 1.91296 1.86869
81900 1.78575 1.91296 1.86869
82000 1.78575 1.91296 1.86869
82100 1.78575 1.91296 1.86869
82200 1.78575 1.91296 1.86869
82300 1.78575 1.91296 1.86869
82400 1.78575 1.91296 1.86869
82500 1.78575 1.91296 1.86869
82600 1.78575 1.91296 1.86869
82700 1.78575 1.91296 1.86869
82800 1.78575 1.91296 1.86869
82900 1.78575 1.91296 1.86869
83000 1.78575 1.91296 1.86869
83100 1.78575 1.91297 1.86869
83200 1.78575 1.91297 1.86869
83300 1.78575 1.91297 1.86869
83400 1.78575 1.91297 1.86869
83500 1.78575 1.91297 1.86868
83600 1.78575 1.91297 1.86868
83700 1.78575 1.91297 1.86868
83800 1.78575 1.91297 1.86868
83900 1.78575 1.91297 1.86868
84000 1.78575 1.91297 1.86868
84100 1.78575 1.91297 1.86868
84200 1.78575 1.91297 1.86868
84300 1.78575 1.91297 1.86868
84400 1.78575 1.91297 1.86868
84500 1.78575 1.91297 1.86868
84600 1.78575 1.91297 1.86868
84700 1.78575 1.91297 1.86868
84800 1.78575 1.91297 1.86868
84900 1.78575 1.91297 1.86868
85000 1.78576 1.91297 1.86868
85100 1.78576 1.91297 1.86868
85200 1.78576 1.91297 1.86868
85300 1.78576 1.91297 1.86868
85400 1.78576 1.91297 1.86868
85500 1.78576 1.91297 1.86868
85600 1.78576 1.91297 1.86867
85700 1.78576 1.91297 1.86867
85800 1.78576 1.91297 1.86867
85900 1.78576 1.91297 1.86867
86000 1.78576 1.91297 1.86867
86100 1.78576 1.91297 1.86867
86200 1.78576 1.91297 1.86867
86300 1.78576 1.91297 1.86867
86400 1.78576 1.91297 1.86867
86500 1.78576 1.91297 1.86867
86600 1.78576 1.91297 1.86867
86700 1.78576 1.91298 1.86867
86800 1.78576 1.91298 1.86867
86900 1.78576 1.91298 1.86867
87000 1.78576 1.91298 1.86866
87100 1.78576 1.91298 1.86866
87200 1.78576 1.91298 1.86866
87300 1.78576 1.91298 1.86866
87400 1.78576 1.91298 1.86866
87500 1.78576 1.91298 1.86866
87600 1.78577 1.91298 1.86866
87700 1.78577 1.91298 1.86866
87800 1.78577 1.91298 1.86866
87900 1.78577 1.91298 1.86866
88000 1.78577 1.91298 1.86865
88100 1.78577 1.91298 1.86865
88200 1.78577 1.91298 1.86865
88300 1.78577 1.91298 1.86865
88400 1.78577 1.91298 1.86865
88500 1.78577 1.91299 1.86865
88600 1.78577 1.91299 1.86865
88700 1.78577 1.91299 1.86865
88800 1.78577 1.91299 1.86864
88900 1.78577 1.91299 1.86864
89000 1.78577 1.91299 1.86864
89100 1.78577 1.91299 1.86864
89200 1.78578 1.91299 1.86864
89300 1.78578 1.91299 1.86864
89400 1.78578 1.91299 1.86863
89500 1.78578 1.91299 1.86863
89600 1.78578 1.91299 1.86863
89700 1.78578 1.91299 1.86863
89800 1.78578 1.913 1.86863
89900 1.78578 1.913 1.86863
90000 1.78578 1.913 1.86862
90100 1.78578 1.913 1.86862
90200 1.78578 1.913 1.86862
90300 1.78579 1.913 1.86862
90400 1.78579 1.913 1.86862
90500 1.78579 1.913 1.86861
90600 1.78579 1.913 1.86861
90700 1.78579 1.913 1.86861
90800 1.78579 1.91301 1.86861
90900 1.78579 1.91301 1.86861
91000 1.78579 1.91301 1.8686
91100 1.78579 1.91301 1.8686
91200 1.7858 1.91301 1.8686
91300 1.7858 1.91301 1.8686
91400 1.7858 1.91301 1.86859
91500 1.7858 1.91302 1.86859
91600 1.7858 1.91302 1.86859
91700 1.7858 1.91302 1.86858
91800 1.7858 1.91302 1.86858
91900 1.78581 1.91302 1.86858
92000 1.78581 1.91302 1.86858
92100 1.78581 1.91302 1.86857
92200 1.78581 1.91303 1.86857
92300 1.78581 1.91303 1.86856
92400 1.78582 1.91303 1.86856
92500 1.78582 1.91303 1.86856
92600 1.78582 1.91303 1.86855
92700 1.78582 1.91304 1.86855
92800 1.78582 1.91304 1.86855
92900 1.78583 1.91304 1.86854
93000 1.78583 1.91304 1.86854
93100 1.78583 1.91305 1.86853
93200 1.78583 1.91305 1.86853
93300 1.78583 1.91305 1.86852
93400 1.78584 1.91305 1.86852
93500 1.78584 1.91306 1.86851
93600 1.78584 1.91306 1.86851
93700 1.78585 1.91306 1.8685
93800 1.78585 1.91306 1.8685
93900 1.78585 1.91307 1.86849
94000 1.78585 1.91307 1.86849
94100 1.78586 1.91307 1.86848
94200 1.78586 1.91308 1.86847
94300 1.78586 1.91308 1.86847
94400 1.78587 1.91308 1.86846
94500 1.78587 1.91309 1.86845
94600 1.78587 1.91309 1.86845
94700 1.78588 1.91309 1.86844
94800 1.78588 1.9131 1.86843
94900 1.78588 1.9131 1.86843
95000 1.78589 1.91311 1.86842
95100 1.78589 1.91311 1.86841
95200 1.7859 1.91311 1.8684
95300 1.7859 1.91312 1.86839
95400 1.7859 1.91312 1.86839
95500 1.78591 1.91313 1.86838
95600 1.78591 1.91313 1.86837
95700 1.78592 1.91314 1.86836
95800 1.78592 1.91314 1.86835
95900 1.78593 1.91315 1.86834
96000 1.78593 1.91315 1.86833
96100 1.78594 1.91316 1.86832
96200 1.78594 1.91316 1.86831
96300 1.78595 1.91317 1.8683
96400 1.78595 1.91317 1.86829
96500 1.78596 1.91318 1.86828
96600 1.78597 1.91318 1.86827
96700 1.78597 1.91319 1.86826
96800 1.78598 1.9132 1.86824
96900 1.78598 1.9132 1.86823
97000 1.78599 1.91321 1.86822
97100 1.786 1.91322 1.8682
97200 1.786 1.91322 1.86819
97300 1.78601 1.91323 1.86818
97400 1.78602 1.91324 1.86816
97500 1.78603 1.91325 1.86815
97600 1.78604 1.91326 1.86813
97700 1.78604 1.91326 1.86811
97800 1.78605 1.91327 1.8681
97900 1.78606 1.91328 1.86808
98000 1.78607 1.91329 1.86806
98100 1.78608 1.9133 1.86805
98200 1.78609 1.91331 1.86803
98300 1.7861 1.91332 1.86801
98400 1.78611 1.91333 1.86799
98500 1.78612 1.91334 1.86797
98600 1.78613 1.91335 1.86795
98700 1.78614 1.91336 1.86792
98800 1.78615 1.91338 1.8679
98900 1.78617 1.91339 1.86788
99000 1.78618 1.9134 1.86785
99100 1.78619 1.91341 1.86783
99200 1.7862 1.91343 1.8678
99300 1.78622 1.91344 1.86778
99400 1.78623 1.91346 1.86775
99500 1.78625 1.91347 1.86772
99600 1.78626 1.91349 1.86769
99700 1.78628 1.9135 1.86766
99800 1.78629 1.91352 1.86763
99900 1.78631 1.91354 1.8676
100000 1.78633 1.91355 1.86756
