# Time-averaged data for fix msd
# TimeStep c_msd[4]
100 0.147996
200 0.589227
300 1.30174
400 2.19796
500 3.09213
600 4.12127
700 5.25793
800 6.37713
900 7.55948
1000 9.03884
1100 10.7542
1200 12.5278
1300 14.2601
1400 15.9095
1500 17.3142
1600 18.5958
1700 19.5962
1800 20.4987
1900 21.6588
2000 23.2725
2100 24.8173
2200 26.7349
2300 28.7548
2400 30.7296
2500 32.7307
2600 34.5819
2700 36.8262
2800 38.901
2900 40.974
3000 43.1771
3100 45.4737
3200 47.0322
3300 48.3897
3400 49.717
3500 51.0001
3600 52.4243
3700 53.7337
3800 55.3016
3900 56.5531
4000 58.5259
4100 60.5085
4200 62.65
4300 64.638
4400 66.7372
4500 68.5775
4600 70.529
4700 71.6074
4800 72.9497
4900 75.0884
5000 77.3429
5100 79.728
5200 81.9534
5300 83.443
5400 84.1427
5500 85.1431
5600 86.5425
5700 88.0895
5800 89.0488
5900 90.3173
6000 91.9632
6100 93.7912
6200 95.5254
6300 97.6149
6400 99.8021
6500 101.688
6600 103.007
6700 104.232
6800 104.847
6900 105.786
7000 106.873
7100 107.665
7200 108.656
7300 109.716
7400 110.803
7500 112.192
7600 113.667
7700 114.585
7800 115.666
7900 117.052
8000 118.393
8100 120.328
8200 122.382
8300 123.981
8400 125.423
8500 127.362
8600 130.102
8700 133.003
8800 136.379
8900 140.409
9000 144.252
9100 147.414
9200 150.277
9300 152.983
9400 156.529
9500 159.731
9600 162.35
9700 165.326
9800 167.887
9900 170.515
10000 173.222
10100 176.161
10200 179.495
10300 183.456
10400 186.65
10500 188.604
10600 190.341
10700 193.276
10800 196.17
10900 198.366
11000 199.771
11100 201.54
11200 203.878
11300 206.627
11400 209.839
11500 213.767
11600 216.788
11700 219.917
11800 222.737
11900 224.198
12000 225.543
12100 227.104
12200 228.722
12300 229.987
12400 230.66
12500 230.898
12600 231.937
12700 233.295
12800 234.72
12900 236.6
13000 238.642
13100 240.509
13200 241.723
13300 243.38
13400 245.524
13500 247.566
13600 249.25
13700 250.976
13800 252.631
13900 255.412
14000 258.491
14100 261.084
14200 264.112
14300 267.72
14400 271.206
14500 274.435
14600 277.568
14700 280.34
14800 283.319
14900 286.154
15000 287.778
15100 288.716
15200 289.539
15300 290.19
15400 290.858
15500 291.959
15600 292.668
15700 294.485
15800 296.867
15900 298.491
16000 299.955
16100 301.421
16200 302.459
16300 303.315
16400 303.724
16500 304.049
16600 304.72
16700 305.448
16800 306.186
16900 307.316
17000 309.069
17100 311.044
17200 312.472
17300 314.4
17400 316.321
17500 318.35
17600 319.871
17700 321.066
17800 322.848
17900 324.974
18000 327.167
18100 329.548
18200 332.479
18300 335.24
18400 339.388
18500 344.778
18600 349.297
18700 353.506
18800 357.649
18900 360.946
19000 364.322
19100 368.858
19200 372.472
19300 375.59
19400 378.729
19500 382.421
19600 386.256
19700 390.08
19800 392.477
19900 394.914
20000 397.241
20100 399.481
20200 401.798
20300 404.397
20400 407.577
20500 410.108
20600 412.915
20700 417.358
20800 421.842
20900 425.107
21000 427.848
21100 430.708
21200 433.031
21300 435.106
21400 437.267
21500 438.082
21600 438.405
21700 439.609
21800 441.376
21900 443.759
22000 447.071
22100 450.584
22200 454.055
22300 456.138
22400 459.489
22500 463.095
22600 466.177
22700 468.919
22800 471.29
22900 473.506
23000 475.844
23100 476.871
23200 479.548
23300 483.095
23400 486.588
23500 489.831
23600 493.299
23700 497.35
23800 500.471
23900 503.224
24000 505.752
24100 508.069
24200 512.439
24300 517.239
24400 521.932
24500 526.363
24600 531.249
24700 536.849
24800 540.999
24900 544.662
25000 548.159
25100 552.028
25200 554.587
25300 555.184
25400 556.49
25500 559.447
25600 564.25
25700 568.246
25800 570.869
25900 573.738
26000 576.54
26100 578.063
26200 581.002
26300 583.884
26400 586.449
26500 587.723
26600 589.743
26700 592.402
26800 593.96
26900 594.27
27000 595.153
27100 596.365
27200 598.4
27300 601.147
27400 604.782
27500 607.838
27600 610.737
27700 613.864
27800 616.799
27900 619.524
28000 622.755
28100 626.8
28200 631.311
28300 635.931
28400 640.173
28500 643.384
28600 646.204
28700 647.625
28800 648.858
28900 651.665
29000 655.796
29100 659.99
29200 664.68
29300 667.875
29400 671.067
29500 673.94
29600 675.929
29700 676.85
29800 677.511
29900 679.538
30000 683.306
30100 687.495
30200 691.239
30300 693.616
30400 696.353
30500 699.474
30600 702.6
30700 704.425
30800 707.105
30900 710.977
31000 712.783
31100 714.586
31200 715.281
31300 714.632
31400 714.582
31500 713.919
31600 713.393
31700 713.923
31800 714.566
31900 715.736
32000 716.548
32100 717.944
32200 719.472
32300 722.12
32400 724.781
32500 729.689
32600 735.456
32700 740.515
32800 746.053
32900 750.783
33000 754.262
33100 756.498
33200 758.149
33300 759.847
33400 758.838
33500 759.313
33600 761.593
33700 762.898
33800 764.772
33900 766.489
34000 768.036
34100 769.891
34200 773.008
34300 776.665
34400 781.348
34500 786.625
34600 791.671
34700 798.702
34800 805.318
34900 811.38
35000 816.393
35100 820.572
35200 824.607
35300 828.185
35400 832.654
35500 837.585
35600 840.936
35700 843.074
35800 844.794
35900 845.762
36000 847.104
36100 848.993
36200 851.444
36300 854.967
36400 857.889
36500 860.243
36600 862.623
36700 863.769
36800 864.745
36900 866.123
37000 867.744
37100 868.433
37200 869.147
37300 868.534
37400 867.889
37500 867.303
37600 866.164
37700 864.663
37800 862.555
37900 860.295
38000 857.349
38100 855.124
38200 853.762
38300 852.288
38400 851.663
38500 852.247
38600 856.016
38700 860.637
38800 864.576
38900 868.606
39000 872.896
39100 877.36
39200 882.19
39300 888.268
39400 894.019
39500 898.821
39600 902.465
39700 907.244
39800 911.238
39900 914.196
40000 915.075
40100 918.727
40200 921.704
40300 923.857
40400 927.39
40500 930.319
40600 932.602
40700 934.41
40800 938.172
40900 942.963
41000 946.745
41100 951.245
41200 955.315
41300 959.242
41400 960.936
41500 961.79
41600 962.694
41700 963.361
41800 963.822
41900 963.548
42000 963.583
42100 964.359
42200 965.461
42300 966.557
42400 968.205
42500 968.689
42600 970.021
42700 972.04
42800 975.96
42900 978.706
43000 981.588
43100 987.188
43200 992.702
43300 996.887
43400 1002.43
43500 1006.74
43600 1009.72
43700 1012.28
43800 1016.82
43900 1022.51
44000 1027.96
44100 1031.62
44200 1034.46
44300 1037.18
44400 1040.35
44500 1043.28
44600 1047.36
44700 1053.09
44800 1058.99
44900 1064.47
45000 1070.33
45100 1075.96
45200 1082.24
45300 1087.19
45400 1091.27
45500 1095.8
45600 1099.45
45700 1101.86
45800 1104.06
45900 1106.52
46000 1109.62
46100 1113.23
46200 1118.1
46300 1122.37
46400 1125.76
46500 1127.73
46600 1130.81
46700 1133.04
46800 1135.29
46900 1137.57
47000 1139.85
47100 1142.32
47200 1144.86
47300 1147.27
47400 1148.98
47500 1152.97
47600 1157.47
47700 1162.77
47800 1167.39
47900 1170.02
48000 1172.34
48100 1171.49
48200 1168.47
48300 1166.98
48400 1164.9
48500 1163.35
48600 1164.49
48700 1166.23
48800 1169.13
48900 1173.76
49000 1178.3
49100 1183.13
49200 1188.28
49300 1193.68
49400 1198.66
49500 1203.68
49600 1208.39
49700 1212.89
49800 1215.63
49900 1217.03
50000 1219.2
50100 1220.87
50200 1222.19
50300 1223.73
50400 1223.05
50500 1220.47
50600 1217.52
50700 1216.66
50800 1215.92
50900 1216.5
51000 1219.08
51100 1222.36
51200 1225.52
51300 1229.32
51400 1233.05
51500 1233.83
51600 1234.61
51700 1233.87
51800 1235.35
51900 1239.74
52000 1244.16
52100 1246.15
52200 1247.63
52300 1248.48
52400 1247.73
52500 1247.34
52600 1247.9
52700 1248.96
52800 1248.66
52900 1247.96
53000 1247.01
53100 1244.72
53200 1243.47
53300 1242.12
53400 1237.09
53500 1235.81
53600 1235.12
53700 1235.54
53800 1237.66
53900 1240.02
54000 1242.64
54100 1243.95
54200 1246.84
54300 1250.11
54400 1253.05
54500 1256.67
54600 1259.91
54700 1261.49
54800 1262.89
54900 1265.12
55000 1267.73
55100 1271.13
55200 1273.65
55300 1276.08
55400 1278.92
55500 1280.65
55600 1280.11
55700 1279.27
55800 1275.86
55900 1273.41
56000 1272.36
56100 1271.54
56200 1271.73
56300 1271.57
56400 1272.11
56500 1273.17
56600 1275.45
56700 1276.96
56800 1278.29
56900 1280.71
57000 1282.69
57100 1283.87
57200 1286.05
57300 1287.34
57400 1287.15
57500 1285.65
57600 1282.51
57700 1279.59
57800 1276.88
57900 1274.81
58000 1272.46
58100 1270.94
58200 1272.61
58300 1274.77
58400 1276.11
58500 1277.5
58600 1278.73
58700 1279.12
58800 1278.57
58900 1277.25
59000 1277.11
59100 1277.07
59200 1275.85
59300 1275.3
59400 1274.38
59500 1275
59600 1275.61
59700 1276.97
59800 1280.6
59900 1282.5
60000 1284.01
60100 1286.28
60200 1288.4
60300 1290.12
60400 1291.39
60500 1295.77
60600 1300.17
60700 1304.52
60800 1308.2
60900 1311.88
61000 1312.99
61100 1313.41
61200 1316.47
61300 1320.19
61400 1325.56
61500 1331.64
61600 1337.08
61700 1341.77
61800 1343.36
61900 1343.07
62000 1343.91
62100 1345.43
62200 1348.98
62300 1353.47
62400 1358.83
62500 1364.96
62600 1369.36
62700 1374.89
62800 1380.07
62900 1384.75
63000 1389.34
63100 1394.71
63200 1399.18
63300 1403.93
63400 1408.21
63500 1409.95
63600 1409.43
63700 1407.3
63800 1407.99
63900 1409.86
64000 1413.76
64100 1418.83
64200 1423.45
64300 1428.43
64400 1434.54
64500 1440.67
64600 1445.64
64700 1449.26
64800 1453.46
64900 1458.47
65000 1463.14
65100 1466.27
65200 1468.87
65300 1471.3
65400 1473.82
65500 1475.24
65600 1476.58
65700 1479.18
65800 1481.25
65900 1485.2
66000 1489.98
66100 1492.34
66200 1493.07
66300 1491.94
66400 1490.96
66500 1493.57
66600 1494.25
66700 1492.63
66800 1491.62
66900 1489.91
67000 1487.96
67100 1487.92
67200 1490.76
67300 1492.61
67400 1493.84
67500 1495.25
67600 1498.13
67700 1501.51
67800 1504.91
67900 1508.09
68000 1511.92
68100 1513.45
68200 1514.41
68300 1516.06
68400 1517.62
68500 1518.8
68600 1519.03
68700 1520.4
68800 1522.35
68900 1524.55
69000 1528.41
69100 1532.9
69200 1538.11
69300 1541.7
69400 1545.37
69500 1548.26
69600 1549.76
69700 1553.44
69800 1556.2
69900 1556.65
70000 1557.83
70100 1559.48
70200 1560.83
70300 1561.55
70400 1561.2
70500 1561.62
70600 1562.56
70700 1562.34
70800 1561.49
70900 1562.16
71000 1562.69
71100 1563.15
71200 1564.76
71300 1565.23
71400 1566.76
71500 1566.43
71600 1565.12
71700 1562.82
71800 1560.84
71900 1559.43
72000 1558.11
72100 1559.38
72200 1561.24
72300 1563.24
72400 1564.73
72500 1566.7
72600 1566.96
72700 1567.15
72800 1568.34
72900 1572.93
73000 1577.81
73100 1583.17
73200 1588.64
73300 1592.78
73400 1596.77
73500 1599.16
73600 1599.99
73700 1601.01
73800 1604.03
73900 1606.69
74000 1610.4
74100 1615.55
74200 1619.98
74300 1623.51
74400 1625.08
74500 1627.98
74600 1631.9
74700 1635.22
74800 1638.63
74900 1642.08
75000 1644.06
75100 1645.47
75200 1645.89
75300 1646.36
75400 1648.24
75500 1650.22
75600 1652.96
75700 1653.58
75800 1655.65
75900 1659.05
76000 1660.34
76100 1662.12
76200 1665.08
76300 1666.6
76400 1666.7
76500 1667.06
76600 1667.52
76700 1665.48
76800 1665.09
76900 1666.34
77000 1670.08
77100 1673.75
77200 1676.76
77300 1681.58
77400 1685.12
77500 1685.14
77600 1686.99
77700 1692.67
77800 1696.83
77900 1700.42
78000 1704.92
78100 1707.18
78200 1711.38
78300 1714.17
78400 1715.53
78500 1720.27
78600 1726.95
78700 1730.35
78800 1735.52
78900 1738.96
79000 1739.81
79100 1740.64
79200 1740.39
79300 1738.07
79400 1734.49
79500 1732.77
79600 1732.82
79700 1731.68
79800 1730.2
79900 1728.73
80000 1726.87
80100 1723.43
80200 1719.35
80300 1713.53
80400 1708.61
80500 1704.98
80600 1702.77
80700 1701.19
80800 1702.18
80900 1704.79
81000 1706.4
81100 1705.85
81200 1703.48
81300 1700.27
81400 1698.02
81500 1696.5
81600 1696.18
81700 1696.17
81800 1696.2
81900 1697.19
82000 1700.82
82100 1703.59
82200 1705.1
82300 1704.17
82400 1703.53
82500 1705.19
82600 1708.28
82700 1710.33
82800 1712.33
82900 1715.7
83000 1720.93
83100 1724.67
83200 1728.13
83300 1730.86
83400 1735.36
83500 1739.37
83600 1742.57
83700 1743.53
83800 1744.97
83900 1745.6
84000 1745.21
84100 1745.23
84200 1746.93
84300 1753.18
84400 1756.99
84500 1761.11
84600 1763.72
84700 1767.62
84800 1771.1
84900 1774.68
85000 1779.19
85100 1781.61
85200 1783.83
85300 1786.12
85400 1786.32
85500 1786.14
85600 1784.22
85700 1781.72
85800 1781.92
85900 1782.92
86000 1788.11
86100 1794.64
86200 1801.76
86300 1808.17
86400 1813.21
86500 1818.37
86600 1822.22
86700 1825.27
86800 1829.49
86900 1833.02
87000 1835.84
87100 1841.06
87200 1844.04
87300 1844.95
87400 1843.64
87500 1845.52
87600 1847.54
87700 1848.32
87800 1849.43
87900 1851.16
88000 1851.69
88100 1853.87
88200 1855.14
88300 1857.05
88400 1860.2
88500 1864.63
88600 1868.4
88700 1871.47
88800 1874.81
88900 1879.4
89000 1884.06
89100 1886.34
89200 1885.87
89300 1884.48
89400 1884.33
89500 1885.03
89600 1885.14
89700 1883.85
89800 1883.97
89900 1884.51
90000 1885.97
90100 1886.26
90200 1887.22
90300 1887.06
90400 1887.32
90500 1887.63
90600 1888.88
90700 1889.81
90800 1889.69
90900 1888.88
91000 1891.14
91100 1893.14
91200 1895.75
91300 1900.06
91400 1903.57
91500 1906.02
91600 1908.55
91700 1910.25
91800 1909.29
91900 1908.82
92000 1909.76
92100 1911.42
92200 1914.39
92300 1917.21
92400 1920.23
92500 1925.21
92600 1928.25
92700 1930.57
92800 1932.14
92900 1934.75
93000 1938.83
93100 1941.55
93200 1944.99
93300 1949.19
93400 1955.52
93500 1960.74
93600 1968.16
93700 1976.64
93800 1981.14
93900 1985.66
94000 1988.72
94100 1990.18
94200 1993.8
94300 1996.41
94400 1997.35
94500 1995.52
94600 1995.31
94700 1994.27
94800 1994.96
94900 1996.69
95000 1998.36
95100 2000.92
95200 2004.4
95300 2008.77
95400 2014.22
95500 2019.39
95600 2023.65
95700 2026.8
95800 2032.02
95900 2038.18
96000 2041.83
96100 2043.36
96200 2045.12
96300 2046.25
96400 2047.12
96500 2048.36
96600 2049.67
96700 2048.5
96800 2049.26
96900 2051.1
97000 2053.22
97100 2054.99
97200 2058.05
97300 2064.23
97400 2071.53
97500 2077.71
97600 2083.3
97700 2086.48
97800 2085.29
97900 2085.37
98000 2084.92
98100 2085.35
98200 2085.63
98300 2085.43
98400 2086.52
98500 2088.03
98600 2088.44
98700 2089.42
98800 2090.48
98900 2095.05
99000 2100.06
99100 2105.19
99200 2110.22
99300 2115.16
99400 2120.2
99500 2122.9
99600 2125.86
99700 2127.71
99800 2127.29
99900 2128.13
100000 2128.28
