# Time-averaged data for fix com
# TimeStep c_com[1] c_com[2] c_com[3]
400 8.36968 8.79313 8.63981
500 8.36968 8.79313 8.63981
600 8.36968 8.79313 8.63981
700 8.36968 8.79313 8.63981
800 8.36968 8.79313 8.63981
900 8.36968 8.79313 8.63981
1000 8.36968 8.79313 8.63981
1100 8.36968 8.79313 8.63981
1200 8.36968 8.79313 8.63981
1300 8.36968 8.79313 8.63981
1400 8.36968 8.79313 8.63981
1500 8.36968 8.79313 8.63981
1600 8.36968 8.79313 8.63981
1700 8.36968 8.79313 8.63981
1800 8.36968 8.79313 8.63981
1900 8.36968 8.79313 8.63981
2000 8.36968 8.79313 8.63981
2100 8.36968 8.79313 8.63981
2200 8.36968 8.79313 8.63981
2300 8.36968 8.79313 8.63981
2400 8.36968 8.79313 8.63981
2500 8.36968 8.79313 8.63981
2600 8.36968 8.79313 8.63981
2700 8.36968 8.79313 8.63981
2800 8.36968 8.79313 8.63981
2900 8.36968 8.79313 8.63981
3000 8.36968 8.79313 8.63981
3100 8.36968 8.79313 8.63981
3200 8.36968 8.79313 8.63981
3300 8.36968 8.79313 8.63981
3400 8.36968 8.79313 8.63981
3500 8.36968 8.79313 8.63981
3600 8.36968 8.79313 8.63981
3700 8.36968 8.79313 8.63981
3800 8.36968 8.79313 8.63981
3900 8.36968 8.79313 8.63981
4000 8.36968 8.79313 8.63981
4100 8.36968 8.79313 8.63981
4200 8.36968 8.79313 8.63981
4300 8.36968 8.79313 8.63981
4400 8.36968 8.79313 8.63981
4500 8.36968 8.79313 8.63981
4600 8.36968 8.79313 8.63981
4700 8.36968 8.79313 8.63981
4800 8.36968 8.79313 8.63981
4900 8.36968 8.79313 8.63981
5000 8.36968 8.79313 8.63981
5100 8.36968 8.79313 8.63981
5200 8.36968 8.79313 8.63981
5300 8.36968 8.79313 8.63981
5400 8.36968 8.79313 8.63981
5500 8.36968 8.79313 8.63981
5600 8.36968 8.79313 8.63981
5700 8.36968 8.79313 8.63981
5800 8.36968 8.79313 8.63981
5900 8.36968 8.79313 8.63981
6000 8.36968 8.79313 8.63981
6100 8.36968 8.79313 8.63981
6200 8.36968 8.79313 8.63981
6300 8.36968 8.79313 8.63981
6400 8.36968 8.79313 8.63981
6500 8.36968 8.79313 8.63981
6600 8.36968 8.79313 8.63981
6700 8.36968 8.79313 8.63981
6800 8.36968 8.79313 8.63981
6900 8.36968 8.79313 8.63981
7000 8.36968 8.79313 8.63981
7100 8.36968 8.79313 8.63981
7200 8.36968 8.79313 8.63981
7300 8.36968 8.79313 8.63981
7400 8.36968 8.79313 8.63981
7500 8.36968 8.79313 8.63981
7600 8.36968 8.79313 8.63981
7700 8.36968 8.79313 8.63981
7800 8.36968 8.79313 8.63981
7900 8.36968 8.79313 8.63981
8000 8.36968 8.79313 8.63981
8100 8.36968 8.79313 8.63981
8200 8.36968 8.79313 8.63981
8300 8.36968 8.79313 8.63981
8400 8.36968 8.79313 8.63981
8500 8.36968 8.79313 8.63981
8600 8.36968 8.79313 8.63981
8700 8.36968 8.79313 8.63981
8800 8.36968 8.79313 8.63981
8900 8.36968 8.79313 8.63981
9000 8.36968 8.79313 8.63981
9100 8.36968 8.79313 8.63981
9200 8.36968 8.79313 8.63981
9300 8.36968 8.79313 8.63981
9400 8.36968 8.79313 8.63981
9500 8.36968 8.79313 8.63981
9600 8.36968 8.79313 8.63981
9700 8.36968 8.79313 8.63981
9800 8.36968 8.79313 8.63981
9900 8.36968 8.79313 8.63981
10000 8.36968 8.79313 8.63981
10100 8.36968 8.79313 8.63981
10200 8.36968 8.79313 8.63981
10300 8.36968 8.79313 8.63981
10400 8.36968 8.79313 8.63981
10500 8.36968 8.79313 8.63981
10600 8.36968 8.79313 8.63981
10700 8.36968 8.79313 8.63981
10800 8.36968 8.79313 8.63981
10900 8.36968 8.79313 8.63981
11000 8.36968 8.79313 8.63981
11100 8.36968 8.79313 8.63981
11200 8.36968 8.79313 8.63981
11300 8.36968 8.79313 8.63981
11400 8.36968 8.79313 8.63981
11500 8.36968 8.79313 8.63981
11600 8.36968 8.79313 8.63981
11700 8.36968 8.79313 8.63981
11800 8.36968 8.79313 8.63981
11900 8.36968 8.79313 8.63981
12000 8.36968 8.79313 8.63981
12100 8.36968 8.79313 8.63981
12200 8.36968 8.79313 8.63981
12300 8.36968 8.79313 8.63981
12400 8.36968 8.79313 8.63981
12500 8.36968 8.79313 8.63981
12600 8.36968 8.79313 8.63981
12700 8.36968 8.79313 8.63981
12800 8.36968 8.79313 8.63981
12900 8.36968 8.79313 8.63981
13000 8.36968 8.79313 8.63981
13100 8.36968 8.79313 8.63981
13200 8.36968 8.79313 8.63981
13300 8.36968 8.79313 8.63981
13400 8.36968 8.79313 8.63981
13500 8.36968 8.79313 8.63981
13600 8.36968 8.79313 8.63981
13700 8.36968 8.79313 8.63981
13800 8.36968 8.79313 8.63981
13900 8.36968 8.79313 8.63981
14000 8.36968 8.79313 8.63981
14100 8.36968 8.79313 8.63981
14200 8.36968 8.79313 8.63981
14300 8.36968 8.79313 8.63981
14400 8.36968 8.79313 8.63981
14500 8.36968 8.79313 8.63981
14600 8.36968 8.79313 8.63981
14700 8.36968 8.79313 8.63981
14800 8.36968 8.79313 8.63981
14900 8.36968 8.79313 8.63981
15000 8.36968 8.79313 8.63981
15100 8.36968 8.79313 8.63981
15200 8.36968 8.79313 8.63981
15300 8.36968 8.79313 8.63981
15400 8.36968 8.79313 8.63981
15500 8.36968 8.79313 8.63981
15600 8.36968 8.79313 8.63981
15700 8.36968 8.79313 8.63981
15800 8.36968 8.79313 8.63981
15900 8.36968 8.79313 8.63981
16000 8.36968 8.79313 8.63981
16100 8.36968 8.79313 8.63981
16200 8.36968 8.79313 8.63981
16300 8.36968 8.79313 8.63981
16400 8.36968 8.79313 8.63981
16500 8.36968 8.79313 8.63981
16600 8.36968 8.79313 8.63981
16700 8.36968 8.79313 8.63981
16800 8.36968 8.79313 8.63981
16900 8.36968 8.79313 8.63981
17000 8.36968 8.79313 8.63981
17100 8.36968 8.79313 8.63981
17200 8.36968 8.79313 8.63981
17300 8.36968 8.79313 8.63981
17400 8.36968 8.79313 8.63981
17500 8.36968 8.79313 8.63981
17600 8.36968 8.79313 8.63981
17700 8.36968 8.79313 8.63981
17800 8.36968 8.79313 8.63981
17900 8.36968 8.79313 8.63981
18000 8.36968 8.79313 8.63981
18100 8.36968 8.79313 8.63981
18200 8.36968 8.79313 8.63981
18300 8.36968 8.79313 8.63981
18400 8.36968 8.79313 8.63981
18500 8.36968 8.79313 8.63981
18600 8.36968 8.79313 8.63981
18700 8.36968 8.79313 8.63981
18800 8.36968 8.79313 8.63981
18900 8.36968 8.79313 8.63981
19000 8.36968 8.79313 8.63981
19100 8.36968 8.79313 8.63981
19200 8.36968 8.79313 8.63981
19300 8.36968 8.79313 8.63981
19400 8.36968 8.79313 8.63981
19500 8.36968 8.79313 8.63981
19600 8.36968 8.79313 8.63981
19700 8.36968 8.79313 8.63981
19800 8.36968 8.79313 8.63981
19900 8.36968 8.79313 8.63981
20000 8.36968 8.79313 8.63981
20100 8.36968 8.79313 8.63981
20200 8.36968 8.79313 8.63981
20300 8.36968 8.79313 8.63981
20400 8.36968 8.79313 8.63981
20500 8.36968 8.79313 8.63981
20600 8.36968 8.79313 8.63981
20700 8.36968 8.79313 8.63981
20800 8.36968 8.79313 8.63981
20900 8.36968 8.79313 8.63981
21000 8.36968 8.79313 8.63981
21100 8.36968 8.79313 8.63981
21200 8.36968 8.79313 8.63981
21300 8.36968 8.79313 8.63981
21400 8.36968 8.79313 8.63981
21500 8.36968 8.79313 8.63981
21600 8.36968 8.79313 8.63981
21700 8.36968 8.79313 8.63981
21800 8.36968 8.79313 8.63981
21900 8.36968 8.79313 8.63981
22000 8.36968 8.79313 8.63981
22100 8.36968 8.79313 8.63981
22200 8.36968 8.79313 8.63981
22300 8.36968 8.79313 8.63981
22400 8.36968 8.79313 8.63981
22500 8.36968 8.79313 8.63981
22600 8.36968 8.79313 8.63981
22700 8.36968 8.79313 8.63981
22800 8.36968 8.79313 8.63981
22900 8.36968 8.79313 8.63981
23000 8.36968 8.79313 8.63981
23100 8.36968 8.79313 8.63981
23200 8.36968 8.79313 8.63981
23300 8.36968 8.79313 8.63981
23400 8.36968 8.79313 8.63981
23500 8.36968 8.79313 8.63981
23600 8.36968 8.79313 8.63981
23700 8.36968 8.79313 8.63981
23800 8.36968 8.79313 8.63981
23900 8.36968 8.79313 8.63981
24000 8.36968 8.79313 8.63981
24100 8.36968 8.79313 8.63981
24200 8.36968 8.79313 8.63981
24300 8.36968 8.79313 8.63981
24400 8.36968 8.79313 8.63981
24500 8.36968 8.79313 8.63981
24600 8.36968 8.79313 8.63981
24700 8.36968 8.79313 8.63981
24800 8.36968 8.79313 8.63981
24900 8.36968 8.79313 8.63981
25000 8.36968 8.79313 8.63981
25100 8.36968 8.79313 8.63981
25200 8.36968 8.79313 8.63981
25300 8.36968 8.79313 8.63981
25400 8.36968 8.79313 8.63981
25500 8.36968 8.79313 8.63981
25600 8.36968 8.79313 8.63981
25700 8.36968 8.79313 8.63981
25800 8.36968 8.79313 8.63981
25900 8.36968 8.79313 8.63981
26000 8.36968 8.79313 8.63981
26100 8.36968 8.79313 8.63981
26200 8.36968 8.79313 8.63981
26300 8.36968 8.79313 8.63981
26400 8.36968 8.79313 8.63981
26500 8.36968 8.79313 8.63981
26600 8.36968 8.79313 8.63981
26700 8.36968 8.79313 8.63981
26800 8.36968 8.79313 8.63981
26900 8.36968 8.79313 8.63981
27000 8.36968 8.79313 8.63981
27100 8.36968 8.79313 8.63981
27200 8.36968 8.79313 8.63981
27300 8.36968 8.79313 8.63981
27400 8.36968 8.79313 8.63981
27500 8.36968 8.79313 8.63981
27600 8.36968 8.79313 8.63981
27700 8.36968 8.79313 8.63981
27800 8.36968 8.79313 8.63981
27900 8.36968 8.79313 8.63981
28000 8.36968 8.79313 8.63981
28100 8.36968 8.79313 8.63981
28200 8.36968 8.79313 8.63981
28300 8.36968 8.79313 8.63981
28400 8.36968 8.79313 8.63981
28500 8.36968 8.79313 8.63981
28600 8.36968 8.79313 8.63981
28700 8.36968 8.79313 8.63981
28800 8.36968 8.79313 8.63981
28900 8.36968 8.79313 8.63981
29000 8.36968 8.79313 8.63981
29100 8.36968 8.79313 8.63981
29200 8.36968 8.79313 8.63981
29300 8.36968 8.79313 8.63981
29400 8.36968 8.79313 8.63981
29500 8.36968 8.79313 8.63981
29600 8.36968 8.79313 8.63981
29700 8.36968 8.79313 8.63981
29800 8.36968 8.79313 8.63981
29900 8.36968 8.79313 8.63981
30000 8.36968 8.79313 8.63981
30100 8.36968 8.79313 8.63981
30200 8.36968 8.79313 8.63981
30300 8.36968 8.79313 8.63981
30400 8.36968 8.79313 8.63981
30500 8.36968 8.79313 8.63981
30600 8.36968 8.79313 8.63981
30700 8.36968 8.79313 8.63981
30800 8.36968 8.79313 8.63981
30900 8.36968 8.79313 8.63981
31000 8.36968 8.79313 8.63981
31100 8.36968 8.79313 8.63981
31200 8.36968 8.79313 8.63981
31300 8.36968 8.79313 8.63981
31400 8.36968 8.79313 8.63981
31500 8.36968 8.79313 8.63981
31600 8.36968 8.79313 8.63981
31700 8.36968 8.79313 8.63981
31800 8.36968 8.79313 8.63981
31900 8.36968 8.79313 8.63981
32000 8.36968 8.79313 8.63981
32100 8.36968 8.79313 8.63981
32200 8.36968 8.79313 8.63981
32300 8.36968 8.79313 8.63981
32400 8.36968 8.79313 8.63981
32500 8.36968 8.79313 8.63981
32600 8.36968 8.79313 8.63981
32700 8.36968 8.79313 8.63981
32800 8.36968 8.79313 8.63981
32900 8.36968 8.79313 8.63981
33000 8.36968 8.79313 8.63981
33100 8.36968 8.79313 8.63981
33200 8.36968 8.79313 8.63981
33300 8.36968 8.79313 8.63981
33400 8.36968 8.79313 8.63981
33500 8.36968 8.79313 8.63981
33600 8.36968 8.79313 8.63981
33700 8.36968 8.79313 8.63981
33800 8.36968 8.79313 8.63981
33900 8.36968 8.79313 8.63981
34000 8.36968 8.79313 8.63981
34100 8.36968 8.79313 8.63981
34200 8.36968 8.79313 8.63981
34300 8.36968 8.79313 8.63981
34400 8.36968 8.79313 8.63981
34500 8.36968 8.79313 8.63981
34600 8.36968 8.79313 8.63981
34700 8.36968 8.79313 8.63981
34800 8.36968 8.79313 8.63981
34900 8.36968 8.79313 8.63981
35000 8.36968 8.79313 8.63981
35100 8.36968 8.79313 8.63981
35200 8.36968 8.79313 8.63981
35300 8.36968 8.79313 8.63981
35400 8.36968 8.79313 8.63981
35500 8.36968 8.79313 8.63981
35600 8.36968 8.79313 8.63981
35700 8.36968 8.79313 8.63981
35800 8.36968 8.79313 8.63981
35900 8.36968 8.79313 8.63981
36000 8.36968 8.79313 8.63981
36100 8.36968 8.79313 8.63981
36200 8.36968 8.79313 8.63981
36300 8.36968 8.79313 8.63981
36400 8.36968 8.79313 8.63981
36500 8.36968 8.79313 8.63981
36600 8.36968 8.79313 8.63981
36700 8.36968 8.79313 8.63981
36800 8.36968 8.79313 8.63981
36900 8.36968 8.79313 8.63981
37000 8.36968 8.79313 8.63981
37100 8.36968 8.79313 8.63981
37200 8.36968 8.79313 8.63981
37300 8.36968 8.79313 8.63981
37400 8.36968 8.79313 8.63981
37500 8.36968 8.79313 8.63981
37600 8.36968 8.79313 8.63981
37700 8.36968 8.79313 8.63981
37800 8.36968 8.79313 8.63981
37900 8.36968 8.79313 8.63981
38000 8.36968 8.79313 8.63981
38100 8.36968 8.79313 8.63981
38200 8.36968 8.79313 8.63981
38300 8.36968 8.79313 8.63981
38400 8.36968 8.79313 8.63981
38500 8.36968 8.79313 8.63981
38600 8.36968 8.79313 8.63981
38700 8.36968 8.79313 8.63981
38800 8.36968 8.79313 8.63981
38900 8.36968 8.79313 8.63981
39000 8.36968 8.79313 8.63981
39100 8.36968 8.79313 8.63981
39200 8.36968 8.79313 8.63981
39300 8.36968 8.79313 8.63981
39400 8.36968 8.79313 8.63981
39500 8.36968 8.79313 8.63981
39600 8.36968 8.79313 8.63981
39700 8.36968 8.79313 8.63981
39800 8.36968 8.79313 8.63981
39900 8.36968 8.79313 8.63981
40000 8.36968 8.79313 8.63981
40100 8.36968 8.79313 8.63981
40200 8.36968 8.79313 8.63981
40300 8.36968 8.79313 8.63981
40400 8.36968 8.79313 8.63981
40500 8.36968 8.79313 8.63981
40600 8.36968 8.79313 8.63981
40700 8.36968 8.79313 8.63981
40800 8.36968 8.79313 8.63981
40900 8.36968 8.79313 8.63981
41000 8.36968 8.79313 8.63981
41100 8.36968 8.79313 8.63981
41200 8.36968 8.79313 8.63981
41300 8.36968 8.79313 8.63981
41400 8.36968 8.79313 8.63981
41500 8.36968 8.79313 8.63981
41600 8.36968 8.79313 8.63981
41700 8.36968 8.79313 8.63981
41800 8.36968 8.79313 8.63981
41900 8.36968 8.79313 8.63981
42000 8.36968 8.79313 8.63981
42100 8.36968 8.79313 8.63981
42200 8.36968 8.79313 8.63981
42300 8.36968 8.79313 8.63981
42400 8.36968 8.79313 8.63981
42500 8.36968 8.79313 8.63981
42600 8.36968 8.79313 8.63981
42700 8.36968 8.79313 8.63981
42800 8.36968 8.79313 8.63981
42900 8.36968 8.79313 8.63981
43000 8.36968 8.79313 8.63981
43100 8.36968 8.79313 8.63981
43200 8.36968 8.79313 8.63981
43300 8.36968 8.79313 8.63981
43400 8.36968 8.79313 8.63981
43500 8.36968 8.79313 8.63981
43600 8.36968 8.79313 8.63981
43700 8.36968 8.79313 8.63981
43800 8.36968 8.79313 8.63981
43900 8.36968 8.79313 8.63981
44000 8.36968 8.79313 8.63981
44100 8.36968 8.79313 8.63981
44200 8.36968 8.79313 8.63981
44300 8.36968 8.79313 8.63981
44400 8.36968 8.79313 8.63981
44500 8.36968 8.79313 8.63981
44600 8.36968 8.79313 8.63981
44700 8.36968 8.79313 8.63981
44800 8.36968 8.79313 8.63981
44900 8.36968 8.79313 8.63981
45000 8.36968 8.79313 8.63981
45100 8.36968 8.79313 8.63981
45200 8.36968 8.79313 8.63981
45300 8.36968 8.79313 8.63981
45400 8.36968 8.79313 8.63981
45500 8.36968 8.79313 8.63981
45600 8.36968 8.79313 8.63981
45700 8.36968 8.79313 8.63981
45800 8.36968 8.79313 8.63981
45900 8.36968 8.79313 8.63981
46000 8.36968 8.79313 8.63981
46100 8.36968 8.79313 8.63981
46200 8.36968 8.79313 8.63981
46300 8.36968 8.79313 8.63981
46400 8.36968 8.79313 8.63981
46500 8.36968 8.79313 8.63981
46600 8.36968 8.79313 8.63981
46700 8.36968 8.79313 8.63981
46800 8.36968 8.79313 8.63981
46900 8.36968 8.79313 8.63981
47000 8.36968 8.79313 8.63981
47100 8.36968 8.79313 8.63981
47200 8.36968 8.79313 8.63981
47300 8.36968 8.79313 8.63981
47400 8.36968 8.79313 8.63981
47500 8.36968 8.79313 8.63981
47600 8.36968 8.79313 8.63981
47700 8.36968 8.79313 8.63981
47800 8.36968 8.79313 8.63981
47900 8.36968 8.79313 8.63981
48000 8.36968 8.79313 8.63981
48100 8.36968 8.79313 8.63981
48200 8.36968 8.79313 8.63981
48300 8.36968 8.79313 8.63981
48400 8.36968 8.79313 8.63981
48500 8.36968 8.79313 8.63981
48600 8.36968 8.79313 8.63981
48700 8.36968 8.79313 8.63981
48800 8.36968 8.79313 8.63981
48900 8.36968 8.79313 8.63981
49000 8.36968 8.79313 8.63981
49100 8.36968 8.79313 8.63981
49200 8.36968 8.79313 8.63981
49300 8.36968 8.79313 8.63981
49400 8.36968 8.79313 8.63981
49500 8.36968 8.79313 8.63981
49600 8.36968 8.79313 8.63981
49700 8.36968 8.79313 8.63981
49800 8.36968 8.79313 8.63981
49900 8.36968 8.79313 8.63981
50000 8.36968 8.79313 8.63981
50100 8.36968 8.79313 8.63981
50200 8.36968 8.79313 8.63981
50300 8.36968 8.79313 8.63981
50400 8.36968 8.79313 8.63981
50500 8.36968 8.79313 8.63981
50600 8.36968 8.79313 8.63981
50700 8.36968 8.79313 8.63981
50800 8.36968 8.79313 8.63981
50900 8.36968 8.79313 8.63981
51000 8.36968 8.79313 8.63981
51100 8.36968 8.79313 8.63981
51200 8.36968 8.79313 8.63981
51300 8.36968 8.79313 8.63981
51400 8.36968 8.79313 8.63981
51500 8.36968 8.79313 8.63981
51600 8.36968 8.79313 8.63981
51700 8.36968 8.79313 8.63981
51800 8.36968 8.79313 8.63981
51900 8.36968 8.79313 8.63981
52000 8.36968 8.79313 8.63981
52100 8.36968 8.79313 8.63981
52200 8.36968 8.79313 8.63981
52300 8.36968 8.79313 8.63981
52400 8.36968 8.79313 8.63981
52500 8.36968 8.79313 8.63981
52600 8.36968 8.79313 8.63981
52700 8.36968 8.79313 8.63981
52800 8.36968 8.79313 8.63981
52900 8.36968 8.79313 8.63981
53000 8.36968 8.79313 8.63981
53100 8.36968 8.79313 8.63981
53200 8.36968 8.79313 8.63981
53300 8.36968 8.79313 8.63981
53400 8.36968 8.79313 8.63981
53500 8.36968 8.79313 8.63981
53600 8.36968 8.79313 8.63981
53700 8.36968 8.79313 8.63981
53800 8.36968 8.79313 8.63981
53900 8.36968 8.79313 8.63981
54000 8.36968 8.79313 8.63981
54100 8.36968 8.79313 8.63981
54200 8.36968 8.79313 8.63981
54300 8.36968 8.79313 8.63981
54400 8.36968 8.79313 8.63981
54500 8.36968 8.79313 8.63981
54600 8.36968 8.79313 8.63981
54700 8.36968 8.79313 8.63981
54800 8.36968 8.79313 8.63981
54900 8.36968 8.79313 8.63981
55000 8.36968 8.79313 8.63981
55100 8.36968 8.79313 8.63981
55200 8.36968 8.79313 8.63981
55300 8.36968 8.79313 8.63981
55400 8.36968 8.79313 8.63981
55500 8.36968 8.79313 8.63981
55600 8.36968 8.79313 8.63981
55700 8.36968 8.79313 8.63981
55800 8.36968 8.79313 8.63981
55900 8.36968 8.79313 8.63981
56000 8.36968 8.79313 8.63981
56100 8.36968 8.79313 8.63981
56200 8.36968 8.79313 8.63981
56300 8.36968 8.79313 8.63981
56400 8.36968 8.79313 8.63981
56500 8.36968 8.79313 8.63981
56600 8.36968 8.79313 8.63981
56700 8.36968 8.79313 8.63981
56800 8.36968 8.79313 8.63981
56900 8.36968 8.79313 8.63981
57000 8.36968 8.79313 8.63981
57100 8.36968 8.79313 8.63981
57200 8.36968 8.79313 8.63981
57300 8.36968 8.79313 8.63981
57400 8.36968 8.79313 8.63981
57500 8.36968 8.79313 8.63981
57600 8.36968 8.79313 8.63981
57700 8.36968 8.79313 8.63981
57800 8.36968 8.79313 8.63981
57900 8.36968 8.79313 8.63981
58000 8.36968 8.79313 8.63981
58100 8.36968 8.79313 8.63981
58200 8.36968 8.79313 8.63981
58300 8.36968 8.79313 8.63981
58400 8.36968 8.79313 8.63981
58500 8.36968 8.79313 8.63981
58600 8.36968 8.79313 8.63981
58700 8.36968 8.79313 8.63981
58800 8.36968 8.79313 8.63981
58900 8.36968 8.79313 8.63981
59000 8.36968 8.79313 8.63981
59100 8.36968 8.79313 8.63981
59200 8.36968 8.79313 8.63981
59300 8.36968 8.79313 8.63981
59400 8.36968 8.79313 8.63981
59500 8.36968 8.79313 8.63981
59600 8.36968 8.79313 8.63981
59700 8.36968 8.79313 8.63981
59800 8.36968 8.79313 8.63981
59900 8.36968 8.79313 8.63981
60000 8.36968 8.79313 8.63981
60100 8.36968 8.79313 8.63981
60200 8.36968 8.79313 8.63981
60300 8.36968 8.79313 8.63981
60400 8.36968 8.79313 8.63981
60500 8.36968 8.79313 8.63981
60600 8.36968 8.79313 8.63981
60700 8.36968 8.79313 8.63981
60800 8.36968 8.79313 8.63981
60900 8.36968 8.79313 8.63981
61000 8.36968 8.79313 8.63981
61100 8.36968 8.79313 8.63981
61200 8.36968 8.79313 8.63981
61300 8.36968 8.79313 8.63981
61400 8.36968 8.79313 8.63981
61500 8.36968 8.79313 8.63981
61600 8.36968 8.79313 8.63981
61700 8.36968 8.79313 8.63981
61800 8.36968 8.79313 8.63981
61900 8.36968 8.79313 8.63981
62000 8.36968 8.79313 8.63981
62100 8.36968 8.79313 8.63981
62200 8.36968 8.79313 8.63981
62300 8.36968 8.79313 8.63981
62400 8.36968 8.79313 8.63981
62500 8.36968 8.79313 8.63981
62600 8.36968 8.79313 8.63981
62700 8.36968 8.79313 8.63981
62800 8.36968 8.79313 8.63981
62900 8.36968 8.79313 8.63981
63000 8.36968 8.79313 8.63981
63100 8.36968 8.79313 8.63981
63200 8.36968 8.79313 8.63981
63300 8.36968 8.79313 8.63981
63400 8.36968 8.79313 8.63981
63500 8.36968 8.79313 8.63981
63600 8.36968 8.79313 8.63981
63700 8.36968 8.79313 8.63981
63800 8.36968 8.79313 8.63981
63900 8.36968 8.79313 8.63981
64000 8.36968 8.79313 8.63981
64100 8.36968 8.79313 8.63981
64200 8.36968 8.79313 8.63981
64300 8.36968 8.79313 8.63981
64400 8.36968 8.79313 8.63981
64500 8.36968 8.79313 8.63981
64600 8.36968 8.79313 8.63981
64700 8.36968 8.79313 8.63981
64800 8.36968 8.79313 8.63981
64900 8.36968 8.79313 8.63981
65000 8.36968 8.79313 8.63981
65100 8.36968 8.79313 8.63981
65200 8.36968 8.79313 8.63981
65300 8.36968 8.79313 8.63981
65400 8.36968 8.79313 8.63981
65500 8.36968 8.79313 8.63981
65600 8.36968 8.79313 8.63981
65700 8.36968 8.79313 8.63981
65800 8.36968 8.79313 8.63981
65900 8.36968 8.79313 8.63981
66000 8.36968 8.79313 8.63981
66100 8.36968 8.79313 8.63981
66200 8.36968 8.79313 8.63981
66300 8.36968 8.79313 8.63981
66400 8.36968 8.79313 8.63981
66500 8.36968 8.79313 8.63981
66600 8.36968 8.79313 8.63981
66700 8.36968 8.79313 8.63981
66800 8.36968 8.79313 8.63981
66900 8.36968 8.79313 8.63981
67000 8.36968 8.79313 8.63981
67100 8.36968 8.79313 8.63981
67200 8.36968 8.79313 8.63981
67300 8.36968 8.79313 8.63981
67400 8.36968 8.79313 8.63981
67500 8.36968 8.79313 8.63981
67600 8.36968 8.79313 8.63981
67700 8.36968 8.79313 8.63981
67800 8.36968 8.79313 8.63981
67900 8.36968 8.79313 8.63981
68000 8.36968 8.79313 8.63981
68100 8.36968 8.79313 8.63981
68200 8.36968 8.79313 8.63981
68300 8.36968 8.79313 8.63981
68400 8.36968 8.79313 8.63981
68500 8.36968 8.79313 8.63981
68600 8.36968 8.79313 8.63981
68700 8.36968 8.79313 8.63981
68800 8.36968 8.79313 8.63981
68900 8.36968 8.79313 8.63981
69000 8.36968 8.79313 8.63981
69100 8.36968 8.79313 8.63981
69200 8.36968 8.79313 8.63981
69300 8.36968 8.79313 8.63981
69400 8.36968 8.79313 8.63981
69500 8.36968 8.79313 8.63981
69600 8.36968 8.79313 8.63981
69700 8.36968 8.79313 8.63981
69800 8.36968 8.79313 8.63981
69900 8.36968 8.79313 8.63981
70000 8.36968 8.79313 8.63981
70100 8.36968 8.79313 8.63981
70200 8.36968 8.79313 8.63981
70300 8.36968 8.79313 8.63981
70400 8.36968 8.79313 8.63981
70500 8.36968 8.79313 8.63981
70600 8.36968 8.79313 8.63981
70700 8.36968 8.79313 8.63981
70800 8.36968 8.79313 8.63981
70900 8.36968 8.79313 8.63981
71000 8.36968 8.79313 8.63981
71100 8.36968 8.79313 8.63981
71200 8.36968 8.79313 8.63981
71300 8.36968 8.79313 8.63981
71400 8.36968 8.79313 8.63981
71500 8.36968 8.79313 8.63981
71600 8.36968 8.79313 8.63981
71700 8.36968 8.79313 8.63981
71800 8.36968 8.79313 8.63981
71900 8.36968 8.79313 8.63981
72000 8.36968 8.79313 8.63981
72100 8.36968 8.79313 8.63981
72200 8.36968 8.79313 8.63981
72300 8.36968 8.79313 8.63981
72400 8.36968 8.79313 8.63981
72500 8.36968 8.79313 8.63981
72600 8.36968 8.79313 8.63981
72700 8.36968 8.79313 8.63981
72800 8.36968 8.79313 8.63981
72900 8.36968 8.79313 8.63981
73000 8.36968 8.79313 8.63981
73100 8.36968 8.79313 8.63981
73200 8.36968 8.79313 8.63981
73300 8.36968 8.79313 8.63981
73400 8.36968 8.79313 8.63981
73500 8.36968 8.79313 8.63981
73600 8.36968 8.79313 8.63981
73700 8.36968 8.79313 8.63981
73800 8.36968 8.79313 8.63981
73900 8.36968 8.79313 8.63981
74000 8.36968 8.79313 8.63981
74100 8.36968 8.79313 8.63981
74200 8.36968 8.79313 8.63981
74300 8.36968 8.79313 8.63981
74400 8.36968 8.79313 8.63981
74500 8.36968 8.79313 8.63981
74600 8.36968 8.79313 8.63981
74700 8.36968 8.79313 8.63981
74800 8.36968 8.79313 8.63981
74900 8.36968 8.79313 8.63981
75000 8.36968 8.79313 8.63981
75100 8.36968 8.79313 8.63981
75200 8.36968 8.79313 8.63981
75300 8.36968 8.79313 8.63981
75400 8.36968 8.79313 8.63981
75500 8.36968 8.79313 8.63981
75600 8.36968 8.79313 8.63981
75700 8.36968 8.79313 8.63981
75800 8.36968 8.79313 8.63981
75900 8.36968 8.79313 8.63981
76000 8.36968 8.79313 8.63981
76100 8.36968 8.79313 8.63981
76200 8.36968 8.79313 8.63981
76300 8.36968 8.79313 8.63981
76400 8.36968 8.79313 8.63981
76500 8.36968 8.79313 8.63981
76600 8.36968 8.79313 8.63981
76700 8.36968 8.79313 8.63981
76800 8.36968 8.79313 8.63981
76900 8.36968 8.79313 8.63981
77000 8.36968 8.79313 8.63981
77100 8.36968 8.79313 8.63981
77200 8.36968 8.79313 8.63981
77300 8.36968 8.79313 8.63981
77400 8.36968 8.79313 8.63981
77500 8.36968 8.79313 8.63981
77600 8.36968 8.79313 8.63981
77700 8.36968 8.79313 8.63981
77800 8.36968 8.79313 8.63981
77900 8.36968 8.79313 8.63981
78000 8.36968 8.79313 8.63981
78100 8.36968 8.79313 8.63981
78200 8.36968 8.79313 8.63981
78300 8.36968 8.79313 8.63981
78400 8.36968 8.79313 8.63981
78500 8.36968 8.79313 8.63981
78600 8.36968 8.79313 8.63981
78700 8.36968 8.79313 8.63981
78800 8.36968 8.79313 8.63981
78900 8.36968 8.79313 8.63981
79000 8.36968 8.79313 8.63981
79100 8.36968 8.79313 8.63981
79200 8.36968 8.79313 8.63981
79300 8.36968 8.79313 8.63981
79400 8.36968 8.79313 8.63981
79500 8.36968 8.79313 8.63981
79600 8.36968 8.79313 8.63981
79700 8.36968 8.79313 8.63981
79800 8.36968 8.79313 8.63981
79900 8.36968 8.79313 8.63981
80000 8.36968 8.79313 8.63981
80100 8.36968 8.79313 8.63981
80200 8.36968 8.79313 8.63981
80300 8.36968 8.79313 8.63981
80400 8.36968 8.79313 8.63981
80500 8.36968 8.79313 8.63981
80600 8.36968 8.79313 8.63981
80700 8.36968 8.79313 8.63981
80800 8.36968 8.79313 8.63981
80900 8.36968 8.79313 8.63981
81000 8.36968 8.79313 8.63981
81100 8.36968 8.79313 8.63981
81200 8.36968 8.79313 8.63981
81300 8.36968 8.79313 8.63981
81400 8.36968 8.79313 8.63981
81500 8.36968 8.79313 8.63981
81600 8.36968 8.79313 8.63981
81700 8.36968 8.79313 8.63981
81800 8.36968 8.79313 8.63981
81900 8.36968 8.79313 8.63981
82000 8.36968 8.79313 8.63981
82100 8.36968 8.79313 8.63981
82200 8.36968 8.79313 8.63981
82300 8.36968 8.79313 8.63981
82400 8.36968 8.79313 8.63981
82500 8.36968 8.79313 8.63981
82600 8.36968 8.79313 8.63981
82700 8.36968 8.79313 8.63981
82800 8.36968 8.79313 8.63981
82900 8.36968 8.79313 8.63981
83000 8.36968 8.79313 8.63981
83100 8.36968 8.79313 8.63981
83200 8.36968 8.79313 8.63981
83300 8.36968 8.79313 8.63981
83400 8.36968 8.79313 8.63981
83500 8.36968 8.79313 8.63981
83600 8.36968 8.79313 8.63981
83700 8.36968 8.79313 8.63981
83800 8.36968 8.79313 8.63981
83900 8.36968 8.79313 8.63981
84000 8.36968 8.79313 8.63981
84100 8.36968 8.79313 8.63981
84200 8.36968 8.79313 8.63981
84300 8.36968 8.79313 8.63981
84400 8.36968 8.79313 8.63981
84500 8.36968 8.79313 8.63981
84600 8.36968 8.79313 8.63981
84700 8.36968 8.79313 8.63981
84800 8.36968 8.79313 8.63981
84900 8.36968 8.79313 8.63981
85000 8.36968 8.79313 8.63981
85100 8.36968 8.79313 8.63981
85200 8.36968 8.79313 8.63981
85300 8.36968 8.79313 8.63981
85400 8.36968 8.79313 8.63981
85500 8.36968 8.79313 8.63981
85600 8.36968 8.79313 8.63981
85700 8.36968 8.79313 8.63981
85800 8.36968 8.79313 8.63981
85900 8.36968 8.79313 8.63981
86000 8.36968 8.79313 8.63981
86100 8.36968 8.79313 8.63981
86200 8.36968 8.79313 8.63981
86300 8.36968 8.79313 8.63981
86400 8.36968 8.79313 8.63981
86500 8.36968 8.79313 8.63981
86600 8.36968 8.79313 8.63981
86700 8.36968 8.79313 8.63981
86800 8.36968 8.79313 8.63981
86900 8.36968 8.79313 8.63981
87000 8.36968 8.79313 8.63981
87100 8.36968 8.79313 8.63981
87200 8.36968 8.79313 8.63981
87300 8.36968 8.79313 8.63981
87400 8.36968 8.79313 8.63981
87500 8.36968 8.79313 8.63981
87600 8.36968 8.79313 8.63981
87700 8.36968 8.79313 8.63981
87800 8.36968 8.79313 8.63981
87900 8.36968 8.79313 8.63981
88000 8.36968 8.79313 8.63981
88100 8.36968 8.79313 8.63981
88200 8.36968 8.79313 8.63981
88300 8.36968 8.79313 8.63981
88400 8.36968 8.79313 8.63981
88500 8.36968 8.79313 8.63981
88600 8.36968 8.79313 8.63981
88700 8.36968 8.79313 8.63981
88800 8.36968 8.79313 8.63981
88900 8.36968 8.79313 8.63981
89000 8.36968 8.79313 8.63981
89100 8.36968 8.79313 8.63981
89200 8.36968 8.79313 8.63981
89300 8.36968 8.79313 8.63981
89400 8.36968 8.79313 8.63981
89500 8.36968 8.79313 8.63981
89600 8.36968 8.79313 8.63981
89700 8.36968 8.79313 8.63981
89800 8.36968 8.79313 8.63981
89900 8.36968 8.79313 8.63981
90000 8.36968 8.79313 8.63981
90100 8.36968 8.79313 8.63981
90200 8.36968 8.79313 8.63981
90300 8.36968 8.79313 8.63981
90400 8.36968 8.79313 8.63981
90500 8.36968 8.79313 8.63981
90600 8.36968 8.79313 8.63981
90700 8.36968 8.79313 8.63981
90800 8.36968 8.79313 8.63981
90900 8.36968 8.79313 8.63981
91000 8.36968 8.79313 8.63981
91100 8.36968 8.79313 8.63981
91200 8.36968 8.79313 8.63981
91300 8.36968 8.79313 8.63981
91400 8.36968 8.79313 8.63981
91500 8.36968 8.79313 8.63981
91600 8.36968 8.79313 8.63981
91700 8.36968 8.79313 8.63981
91800 8.36968 8.79313 8.63981
91900 8.36968 8.79313 8.63981
92000 8.36968 8.79313 8.63981
92100 8.36968 8.79313 8.63981
92200 8.36968 8.79313 8.63981
92300 8.36968 8.79313 8.63981
92400 8.36968 8.79313 8.63981
92500 8.36968 8.79313 8.63981
92600 8.36968 8.79313 8.63981
92700 8.36968 8.79313 8.63981
92800 8.36968 8.79313 8.63981
92900 8.36968 8.79313 8.63981
93000 8.36968 8.79313 8.63981
93100 8.36968 8.79313 8.63981
93200 8.36968 8.79313 8.63981
93300 8.36968 8.79313 8.63981
93400 8.36968 8.79313 8.63981
93500 8.36968 8.79313 8.63981
93600 8.36968 8.79313 8.63981
93700 8.36968 8.79313 8.63981
93800 8.36968 8.79313 8.63981
93900 8.36968 8.79313 8.63981
94000 8.36968 8.79313 8.63981
94100 8.36968 8.79313 8.63981
94200 8.36968 8.79313 8.63981
94300 8.36968 8.79313 8.63981
94400 8.36968 8.79313 8.63981
94500 8.36968 8.79313 8.63981
94600 8.36968 8.79313 8.63981
94700 8.36968 8.79313 8.63981
94800 8.36968 8.79313 8.63981
94900 8.36968 8.79313 8.63981
95000 8.36968 8.79313 8.63981
95100 8.36968 8.79313 8.63981
95200 8.36968 8.79313 8.63981
95300 8.36968 8.79313 8.63981
95400 8.36968 8.79313 8.63981
95500 8.36968 8.79313 8.63981
95600 8.36968 8.79313 8.63981
95700 8.36968 8.79313 8.63981
95800 8.36968 8.79313 8.63981
95900 8.36968 8.79313 8.63981
96000 8.36968 8.79313 8.63981
96100 8.36968 8.79313 8.63981
96200 8.36968 8.79313 8.63981
96300 8.36968 8.79313 8.63981
96400 8.36968 8.79313 8.63981
96500 8.36968 8.79313 8.63981
96600 8.36968 8.79313 8.63981
96700 8.36968 8.79313 8.63981
96800 8.36968 8.79313 8.63981
96900 8.36968 8.79313 8.63981
97000 8.36968 8.79313 8.63981
97100 8.36968 8.79313 8.63981
97200 8.36968 8.79313 8.63981
97300 8.36968 8.79313 8.63981
97400 8.36968 8.79313 8.63981
97500 8.36968 8.79313 8.63981
97600 8.36968 8.79313 8.63981
97700 8.36968 8.79313 8.63981
97800 8.36968 8.79313 8.63981
97900 8.36968 8.79313 8.63981
98000 8.36968 8.79313 8.63981
98100 8.36968 8.79313 8.63981
98200 8.36968 8.79313 8.63981
98300 8.36968 8.79313 8.63981
98400 8.36968 8.79313 8.63981
98500 8.36968 8.79313 8.63981
98600 8.36968 8.79313 8.63981
98700 8.36968 8.79313 8.63981
98800 8.36968 8.79313 8.63981
98900 8.36968 8.79313 8.63981
99000 8.36968 8.79313 8.63981
99100 8.36968 8.79313 8.63981
99200 8.36968 8.79313 8.63981
99300 8.36968 8.79313 8.63981
99400 8.36968 8.79313 8.63981
99500 8.36968 8.79313 8.63981
99600 8.36968 8.79313 8.63981
99700 8.36968 8.79313 8.63981
99800 8.36968 8.79313 8.63981
99900 8.36968 8.79313 8.63981
100000 8.36968 8.79313 8.63981
100100 8.36968 8.79313 8.63981
100200 8.36968 8.79313 8.63981
100300 8.36968 8.79313 8.63981
