# Time-averaged data for fix avgcoord
# TimeStep c_ac50 c_ac75 c_ac100 c_ac125
1000 0 0 1.8 8.12
2000 0 0 1.8 8.2
3000 0 0 2.36 8.32
4000 0 0 2.08 8.16
5000 0 0 1.92 8.4
6000 0 0 2.12 8.4
7000 0 0 1.56 8.68
8000 0 0 1.68 8.56
9000 0 0 1.92 8.64
10000 0 0 1.76 8.56
11000 0 0 1.64 8.48
12000 0 0 2.36 8.44
13000 0 0 2.2 8.52
14000 0 0 1.8 8.68
15000 0 0 1.72 8.64
16000 0 0 1.92 8.52
17000 0 0 2.2 8.76
18000 0 0 1.6 8.64
19000 0 0 1.88 8.64
20000 0 0 1.96 8.64
21000 0 0 2.04 8.6
22000 0 0 1.84 8.52
23000 0 0 1.92 8.64
24000 0 0 2.04 8.48
25000 0 0 2.08 8.52
26000 0 0 1.84 8.68
27000 0 0 2.4 8.64
28000 0 0 2.32 8.76
29000 0 0 2.28 8.72
30000 0 0 2.28 8.68
31000 0 0 2.44 8.72
32000 0 0 2.44 8.8
33000 0 0 2.72 8.72
34000 0 0 2.24 8.72
35000 0 0 2.52 8.8
36000 0 0 2.56 8.8
37000 0 0 2.4 8.8
38000 0 0 2.16 8.68
39000 0 0 3 8.72
40000 0 0 2.4 8.76
41000 0 0 2.52 8.8
42000 0 0 2.76 8.8
43000 0 0 2.32 8.8
44000 0 0 2.68 8.8
45000 0 0 2.72 8.8
46000 0 0 2.32 8.84
47000 0 0 2.24 8.84
48000 0 0 2.2 8.8
49000 0 0 2.52 8.84
50000 0 0 2.36 8.76
51000 0 0 2.32 8.8
52000 0 0 2.28 8.8
53000 0 0 2.52 8.76
54000 0 0 2.4 8.8
55000 0 0 2.56 8.76
56000 0 0 2.32 8.68
57000 0 0 2.44 8.76
58000 0 0 2.28 8.84
59000 0 0 2.56 8.72
60000 0 0 2.64 8.76
61000 0 0 2.48 8.8
62000 0 0 2.76 8.84
63000 0 0 2.4 8.88
64000 0 0 2.28 8.84
65000 0 0 2.4 8.8
66000 0 0 2.16 8.8
67000 0 0 2.08 8.8
68000 0 0 2.28 8.84
69000 0 0 2.44 8.88
70000 0 0 2.56 8.88
71000 0 0 2.44 8.88
72000 0 0 2.6 8.72
73000 0 0 2.76 8.84
74000 0 0 2.52 8.84
75000 0 0 2.56 8.88
76000 0 0 2.2 8.8
77000 0 0 2.08 8.84
78000 0 0 2.48 8.92
79000 0 0 2.32 8.88
80000 0 0 3 8.88
81000 0 0 2.52 8.84
82000 0 0 2.2 8.8
83000 0 0 2.48 8.84
84000 0 0 2.68 8.84
85000 0 0 2.56 8.92
86000 0 0 2.8 8.84
87000 0 0 2.16 8.88
88000 0 0 2.4 8.84
89000 0 0 2.84 8.76
90000 0 0 2.08 8.84
91000 0 0 2.44 8.8
92000 0 0 2.6 8.8
93000 0 0 2.48 8.8
94000 0 0 2.48 8.84
95000 0 0 2.72 8.92
96000 0 0 2.24 8.8
97000 0 0 2.76 8.84
98000 0 0 2.68 8.88
99000 0 0 2.36 8.96
100000 0 0 2.44 8.8
101000 0 0 2.32 8.76
102000 0 0 2.44 8.84
103000 0 0 2.6 8.92
104000 0 0 2.12 8.88
105000 0 0 2.68 9
106000 0 0 2.4 8.96
107000 0 0 2.16 9
108000 0 0 2.24 8.92
109000 0 0 1.96 9
110000 0 0 2.56 9
111000 0 0 2.68 8.92
112000 0 0 2.36 8.96
113000 0 0 2.16 8.92
114000 0 0 2.64 8.96
115000 0 0 2.2 9.04
116000 0 0 2.4 8.88
117000 0 0 2.36 8.88
118000 0 0 2.32 8.96
119000 0 0 2.56 8.8
120000 0 0 2.24 8.92
121000 0 0 2.28 9
122000 0 0 2.52 8.92
123000 0 0 2.64 8.88
124000 0 0 2.28 9
125000 0 0 2.8 8.92
126000 0 0 2.44 8.88
127000 0 0 2.32 8.88
128000 0 0 2.72 8.92
129000 0 0 2.52 8.88
130000 0 0 2.84 8.92
131000 0 0 2 8.88
132000 0 0 2.8 8.84
133000 0 0 2.24 8.88
134000 0 0 2.28 9
135000 0 0 2.68 8.92
136000 0 0 2.64 8.92
137000 0 0 2.56 8.96
138000 0 0 2.48 8.92
139000 0 0 2.08 8.96
140000 0 0 2.24 8.88
141000 0 0 2.64 8.84
142000 0 0 2.52 9
143000 0 0 2.32 8.96
144000 0 0 2.44 8.88
145000 0 0 2.32 8.8
146000 0 0 2.4 9.04
147000 0 0 2.52 8.8
148000 0 0 2.36 8.84
149000 0 0 2.4 9
150000 0 0 2.24 9
151000 0 0 2.24 8.88
152000 0 0 2.48 8.96
153000 0 0 2.68 9
154000 0 0 2.32 8.92
155000 0 0 2.68 8.92
156000 0 0 2.44 8.8
157000 0 0 2.56 8.88
158000 0 0 2.68 8.88
159000 0 0 2.52 8.92
160000 0 0 2.44 9.04
161000 0 0 2.32 9
162000 0 0 2.32 9
163000 0 0 2.16 8.76
164000 0 0 2.52 8.68
165000 0 0 2.64 8.84
166000 0 0 2.16 8.72
167000 0 0 2.48 8.88
168000 0 0 2.6 8.84
169000 0 0 2.12 8.92
170000 0 0 2.88 8.92
171000 0 0 2.88 8.84
172000 0 0 2.96 8.96
173000 0 0 2.04 9
174000 0 0 2.32 9.04
175000 0 0 2.52 9.08
176000 0 0 2.6 8.92
177000 0 0 2.36 8.88
178000 0 0 2.16 8.92
179000 0 0 2.4 8.92
180000 0 0 2.2 9
181000 0 0 2.6 9.04
182000 0 0 2.64 8.96
183000 0 0 2.16 8.92
184000 0 0 1.92 8.96
185000 0 0 2.4 8.88
186000 0 0 2.36 8.88
187000 0 0 2.28 8.92
188000 0 0 2.16 8.96
189000 0 0 2.12 8.88
190000 0 0 2.48 8.92
191000 0 0 2.52 8.88
192000 0 0 2.48 9
193000 0 0 2.68 9.04
194000 0 0 2.28 9
195000 0 0 2.44 8.84
196000 0 0 2.36 8.96
197000 0 0 2.08 8.84
198000 0 0 1.96 9
199000 0 0 2.04 9
200000 0 0 2.56 8.88
201000 0 0 2.6 8.84
202000 0 0 2.68 8.84
203000 0 0 2.24 8.88
204000 0 0 2.8 8.84
205000 0 0 2.72 8.96
206000 0 0 2.52 8.92
207000 0 0 2.92 8.88
208000 0 0 2.88 8.88
209000 0 0 2.8 9.04
210000 0 0 2.64 9
211000 0 0 2.6 8.84
212000 0 0 2.56 9.04
213000 0 0 2.64 8.8
214000 0 0 2.48 8.96
215000 0 0 2.8 8.8
216000 0 0 2.44 8.8
217000 0 0 2.72 8.84
218000 0 0 2.76 9
219000 0 0 2.88 8.84
220000 0 0 2.68 8.96
221000 0 0 2.56 8.92
222000 0 0 2.68 8.92
223000 0 0 2.76 8.88
224000 0 0 2.44 8.92
225000 0 0 2.36 9
226000 0 0 2.56 8.96
227000 0 0 2.52 9
228000 0 0 2.52 8.96
229000 0 0 2.56 9
230000 0 0 2.64 8.92
231000 0 0 2.4 9
232000 0 0 2.64 8.88
233000 0 0 2.6 8.88
234000 0 0 2.64 8.84
235000 0 0 2.6 8.88
236000 0 0 2.48 8.92
237000 0 0 2.16 8.92
238000 0 0 2.28 9
239000 0 0 2.4 8.88
240000 0 0 2.56 8.88
241000 0 0 2.4 8.84
242000 0 0 2.52 8.92
243000 0 0 2.72 8.88
244000 0 0 3.2 8.84
245000 0 0 2.4 8.88
246000 0 0 2.68 9
247000 0 0 2.56 8.84
248000 0 0 2.48 8.84
249000 0 0 2.72 8.76
250000 0 0 2.36 8.88
251000 0 0 2.92 8.72
252000 0 0 2.68 8.84
253000 0 0 2.24 8.72
254000 0 0 2.28 9
255000 0 0 2.68 8.88
256000 0 0 2.4 8.72
257000 0 0 2.56 8.84
258000 0 0 2.36 8.84
259000 0 0 2.08 8.8
260000 0 0 2.52 8.88
261000 0 0 2.28 8.88
262000 0 0 2.48 8.92
263000 0 0 2.32 8.76
264000 0 0 2.8 8.88
265000 0 0 2.68 8.84
266000 0 0 2.28 8.8
267000 0 0 2.6 8.84
268000 0 0 2.08 8.76
269000 0 0 2.56 8.76
270000 0 0 2.12 8.84
271000 0 0 2.24 8.8
272000 0 0 2.52 8.72
273000 0 0 2.16 8.88
274000 0 0 2.4 8.96
275000 0 0 2.48 8.84
276000 0 0 2.6 8.88
277000 0 0 2.28 8.76
278000 0 0 2.08 8.8
279000 0 0 2.36 8.84
280000 0 0 2.6 8.84
281000 0 0 2.68 8.76
282000 0 0 2.72 8.72
283000 0 0 2.2 8.84
284000 0 0 2.56 8.8
285000 0 0 2.84 8.72
286000 0 0 2.56 8.8
287000 0 0 2.76 8.8
288000 0 0 2.44 8.84
289000 0 0 2.4 8.88
290000 0 0 2.48 8.8
291000 0 0 2.08 8.84
292000 0 0 2.44 8.88
293000 0 0 2.68 8.88
294000 0 0 2.84 8.92
295000 0 0 2.52 8.96
296000 0 0 2.28 8.96
297000 0 0 1.96 8.92
298000 0 0 2.16 9
299000 0 0 2.36 8.96
300000 0 0 2.44 8.88
301000 0 0 2.48 8.92
302000 0 0 2.72 8.84
303000 0 0 2.64 8.96
304000 0 0 2.52 8.92
305000 0 0 2.28 8.8
306000 0 0 2.44 8.92
307000 0 0 2.68 9.04
308000 0 0 2.76 8.88
309000 0 0 2.2 8.8
310000 0 0 2.64 8.76
311000 0 0 2.44 8.92
312000 0 0 2.56 8.8
313000 0 0 2.32 8.96
314000 0 0 2.8 8.92
315000 0 0 2.48 9.04
316000 0 0 2.72 8.88
317000 0 0 2.52 8.92
318000 0 0 2.24 8.96
319000 0 0 2.44 8.84
320000 0 0 2.4 8.88
321000 0 0 2.88 8.92
322000 0 0 2.52 8.92
323000 0 0 2.52 8.96
324000 0 0 2.44 9
325000 0 0 2.4 8.88
326000 0 0 2.28 9
327000 0 0 2.88 8.84
328000 0 0 2.56 8.92
329000 0 0 2.24 8.88
330000 0 0 2.68 8.84
331000 0 0 2.48 8.88
332000 0 0 2.56 8.96
333000 0 0 2.72 9.04
334000 0 0 2.4 8.8
335000 0 0 2.36 8.88
336000 0 0 2.84 8.76
337000 0 0 2.48 8.92
338000 0 0 2.52 8.96
339000 0 0 2.2 8.96
340000 0 0 2.36 8.76
341000 0 0 2.16 8.96
342000 0 0 2.44 8.96
343000 0 0 2.36 8.96
344000 0 0 2.36 8.92
345000 0 0 1.96 9
346000 0 0 2.2 8.92
347000 0 0 2.04 8.96
348000 0 0 2.4 8.88
349000 0 0 2.32 8.84
350000 0 0 2.76 8.88
351000 0 0 2.2 8.92
352000 0 0 2.52 8.88
353000 0 0 2.44 8.88
354000 0 0 2.4 8.92
355000 0 0 2.32 8.96
356000 0 0 2.36 9
357000 0 0 2.64 8.96
358000 0 0 2.64 8.92
359000 0 0 2.76 8.88
360000 0 0 2.36 8.88
361000 0 0 2.48 8.96
362000 0 0 2.36 8.92
363000 0 0 3.08 8.88
364000 0 0 2.24 8.88
365000 0 0 2.44 8.88
366000 0 0 2.56 8.84
367000 0 0 2.56 9
368000 0 0 3 8.8
369000 0 0 2.56 8.8
370000 0 0 2.52 8.84
371000 0 0 2.4 8.88
372000 0 0 2.44 8.96
373000 0 0 2.44 8.84
374000 0 0 2.12 8.88
375000 0 0 2.68 8.88
376000 0 0 2.68 8.92
377000 0 0 2.76 8.84
378000 0 0 2.48 8.8
379000 0 0 2.56 8.88
380000 0 0 2.44 8.88
381000 0 0 2.44 8.84
382000 0 0 2.56 8.88
383000 0 0 2.68 8.88
384000 0 0 2.6 8.8
385000 0 0 2.48 8.84
386000 0 0 2.52 8.88
387000 0 0 2.28 8.96
388000 0 0 2.16 8.96
389000 0 0 2.32 8.84
390000 0 0 2.44 8.96
391000 0 0 2.12 8.96
392000 0 0 2.36 8.88
393000 0 0 2.32 8.92
394000 0 0 2.8 8.88
395000 0 0 2.32 8.92
396000 0 0 2.08 8.92
397000 0 0 2.44 8.88
398000 0 0 2.44 9
399000 0 0 2.08 9
400000 0 0 2.32 8.96
401000 0 0 2.44 8.88
402000 0 0 2.24 8.96
403000 0 0 2.24 8.92
404000 0 0 2.12 8.84
405000 0 0 2.64 8.8
406000 0 0 2.2 8.96
407000 0 0 2.4 8.96
408000 0 0 2.28 8.84
409000 0 0 2.76 9
410000 0 0 2.04 8.92
411000 0 0 2.48 8.92
412000 0 0 2.16 8.92
413000 0 0 2.6 8.96
414000 0 0 2.48 9.04
415000 0 0 2.4 8.96
416000 0 0 2.64 8.88
417000 0 0 2.64 8.88
418000 0 0 2.64 8.92
419000 0 0 2.52 8.88
420000 0 0 2.12 8.92
421000 0 0 2.24 8.96
422000 0 0 2.36 8.92
423000 0 0 2.36 8.92
424000 0 0 2.8 8.96
425000 0 0 2.44 8.96
426000 0 0 2.36 8.96
427000 0 0 2.6 9.08
428000 0 0 2.48 8.88
429000 0 0 2.4 9
430000 0 0 1.88 8.88
431000 0 0 2.8 8.88
432000 0 0 2.64 9
433000 0 0 2.48 8.96
434000 0 0 2.28 9.04
435000 0 0 2.24 8.88
436000 0 0 2.2 8.88
437000 0 0 2.48 8.96
438000 0 0 2.24 9.12
439000 0 0 2.24 8.88
440000 0 0 2.36 8.84
441000 0 0 2.48 8.96
442000 0 0 2.44 9.04
443000 0 0 2.16 9.04
444000 0 0 2.2 8.92
445000 0 0 2.48 8.84
446000 0 0 2.36 8.96
447000 0 0 2.16 8.96
448000 0 0 2.56 8.88
449000 0 0 2.6 8.88
450000 0 0 2.52 8.84
451000 0 0 1.92 8.84
452000 0 0 2.48 8.84
453000 0 0 2.44 8.84
454000 0 0 2.52 9.04
455000 0 0 2.4 8.92
456000 0 0 2.52 8.84
457000 0 0 2.12 8.96
458000 0 0 2.4 8.96
459000 0 0 2.68 8.88
460000 0 0 2.04 8.88
461000 0 0 2.6 8.88
462000 0 0 2.24 8.84
463000 0 0 2.32 9
464000 0 0 2.68 9
465000 0 0 2.2 8.92
466000 0 0 2.2 9
467000 0 0 2.36 9
468000 0 0 2.52 8.92
469000 0 0 2.96 8.88
470000 0 0 2.32 9
471000 0 0 2.64 9
472000 0 0 2.08 8.96
473000 0 0 2.52 8.96
474000 0 0 2.12 9.04
475000 0 0 2.36 9
476000 0 0 2.52 8.92
477000 0 0 2.4 8.84
478000 0 0 2.08 8.8
479000 0 0 2.56 8.8
480000 0 0 2.56 8.84
481000 0 0 2.36 8.84
482000 0 0 2.52 8.8
483000 0 0 2.32 8.88
484000 0 0 2.28 9
485000 0 0 2.4 8.84
486000 0 0 2.44 8.92
487000 0 0 2.12 8.88
488000 0 0 1.96 9
489000 0 0 2.68 8.76
490000 0 0 2.52 8.96
491000 0 0 2.4 8.8
492000 0 0 2.4 8.92
493000 0 0 2.52 8.88
494000 0 0 2.44 8.8
495000 0 0 2.36 8.88
496000 0 0 2.6 8.92
497000 0 0 2.52 8.8
498000 0 0 2.2 8.96
499000 0 0 2.4 8.88
500000 0 0 2.56 8.96
501000 0 0 2.44 8.88
502000 0 0 2.24 8.84
503000 0 0 2.52 9.08
504000 0 0 2.4 8.84
505000 0 0 2.28 9
506000 0 0 2.16 8.96
507000 0 0 2.32 8.8
508000 0 0 2.36 8.92
509000 0 0 2.88 8.92
510000 0 0 2.44 8.84
511000 0 0 2.52 8.88
512000 0 0 2.44 8.88
513000 0 0 2.32 8.88
514000 0 0 2.48 8.8
515000 0 0 2.04 8.84
516000 0 0 2.52 8.76
517000 0 0 2.52 8.88
518000 0 0 2.16 8.84
519000 0 0 2.6 8.96
520000 0 0 2.04 8.96
521000 0 0 2.16 8.96
522000 0 0 2.48 9.04
523000 0 0 2.24 8.92
524000 0 0 2.32 8.92
525000 0 0 2.32 8.92
526000 0 0 2.64 9
527000 0 0 2.2 9
528000 0 0 2.48 9.04
529000 0 0 2.16 9
530000 0 0 2.32 8.92
531000 0 0 2.08 8.88
532000 0 0 2.6 8.92
533000 0 0 2.04 8.88
534000 0 0 2.36 9
535000 0 0 2.04 8.92
536000 0 0 2.4 8.88
537000 0 0 2.44 8.88
538000 0 0 2.12 8.84
539000 0 0 2.6 8.84
540000 0 0 2.36 8.92
541000 0 0 2.12 8.8
542000 0 0 2.48 8.84
543000 0 0 2.08 8.96
544000 0 0 2.24 9.04
545000 0 0 2.12 8.96
546000 0 0 2.4 8.96
547000 0 0 2.32 9
548000 0 0 2.36 8.88
549000 0 0 2.28 8.88
550000 0 0 2.08 8.84
551000 0 0 2.28 8.88
552000 0 0 2.32 8.96
553000 0 0 2.16 8.92
554000 0 0 2.48 8.92
555000 0 0 2.4 8.92
556000 0 0 2.52 8.88
557000 0 0 2.44 8.88
558000 0 0 2.24 8.84
559000 0 0 2.76 8.8
560000 0 0 2.56 8.84
561000 0 0 2.8 8.96
562000 0 0 2.48 8.96
563000 0 0 2 8.88
564000 0 0 2.4 8.92
565000 0 0 2.36 8.88
566000 0 0 2.32 8.76
567000 0 0 2.28 8.84
568000 0 0 2 9
569000 0 0 2.32 8.88
570000 0 0 2.36 8.92
571000 0 0 2.44 8.8
572000 0 0 2.36 8.88
573000 0 0 2.44 8.88
574000 0 0 2.04 8.88
575000 0 0 2.24 8.92
576000 0 0 2.04 9
577000 0 0 2.08 8.92
578000 0 0 2.32 8.88
579000 0 0 2.44 8.84
580000 0 0 2.36 8.84
581000 0 0 2.4 8.84
582000 0 0 2.44 8.88
583000 0 0 2.16 8.84
584000 0 0 2.48 8.76
585000 0 0 2.52 8.88
586000 0 0 2.28 8.8
587000 0 0 2.6 8.92
588000 0 0 2.24 8.84
589000 0 0 2.36 8.88
590000 0 0 2.52 8.92
591000 0 0 2.44 8.96
592000 0 0 2.16 8.88
593000 0 0 2.48 8.92
594000 0 0 2.2 8.88
595000 0 0 2.4 8.8
596000 0 0 2.44 8.76
597000 0 0 2.36 8.72
598000 0 0 2.04 8.76
599000 0 0 2.44 8.88
600000 0 0 2.12 9.04
601000 0 0 2.36 9.04
602000 0 0 2.12 8.88
603000 0 0 2.28 8.88
604000 0 0 2.48 8.88
605000 0 0 2.12 8.92
606000 0 0 2.76 8.92
607000 0 0 2.28 8.84
608000 0 0 2.16 8.84
609000 0 0 2.12 8.8
610000 0 0 2.6 8.84
611000 0 0 2.6 8.88
612000 0 0 2.44 8.92
613000 0 0 2.32 8.88
614000 0 0 2.52 8.88
615000 0 0 2.4 8.76
616000 0 0 1.8 8.84
617000 0 0 2.4 8.88
618000 0 0 2.28 8.92
619000 0 0 2.32 9
620000 0 0 2.28 8.88
621000 0 0 1.96 8.92
622000 0 0 2.28 8.8
623000 0 0 2.16 8.88
624000 0 0 2.24 8.8
625000 0 0 2.12 8.88
626000 0 0 2.76 8.92
627000 0 0 2.08 8.96
628000 0 0 2.48 8.96
629000 0 0 2.36 8.72
630000 0 0 2.68 8.92
631000 0 0 2.44 8.88
632000 0 0 2.36 8.92
633000 0 0 2.44 8.8
634000 0 0 2.16 8.92
635000 0 0 2.4 8.96
636000 0 0 2.08 8.88
637000 0 0 2.2 8.92
638000 0 0 2.4 8.84
639000 0 0 2.2 8.88
640000 0 0 2.44 8.84
641000 0 0 2.44 8.92
642000 0 0 2.24 8.72
643000 0 0 3.12 8.92
644000 0 0 2.6 8.76
645000 0 0 1.92 8.84
646000 0 0 2.48 8.88
647000 0 0 2.12 8.96
648000 0 0 2.4 8.84
649000 0 0 2.16 8.88
650000 0 0 2.52 8.92
651000 0 0 2.4 8.88
652000 0 0 2.12 8.92
653000 0 0 2.36 8.88
654000 0 0 2.88 8.88
655000 0 0 2.4 8.84
656000 0 0 2.36 8.76
657000 0 0 2.56 8.96
658000 0 0 2.64 8.92
659000 0 0 2.28 8.88
660000 0 0 2.32 8.88
661000 0 0 2.76 8.8
662000 0 0 2.44 8.88
663000 0 0 2.4 8.8
664000 0 0 2.64 8.8
665000 0 0 2.48 8.88
666000 0 0 2.48 8.84
667000 0 0 2.2 8.92
668000 0 0 2.68 8.88
669000 0 0 2.6 8.84
670000 0 0 2.48 8.88
671000 0 0 2.4 8.92
672000 0 0 2.4 8.84
673000 0 0 2.76 8.88
674000 0 0 2.32 8.92
675000 0 0 2.48 8.88
676000 0 0 2.96 8.84
677000 0 0 2.4 8.96
678000 0 0 2.36 8.88
679000 0 0 2.6 8.92
680000 0 0 2.8 8.88
681000 0 0 2.76 8.88
682000 0 0 2.36 8.96
683000 0 0 2.36 9
684000 0 0 2.8 8.88
685000 0 0 2.8 8.92
686000 0 0 2.8 8.88
687000 0 0 2.72 8.96
688000 0 0 2.8 8.96
689000 0 0 2.88 8.92
690000 0 0 1.92 8.92
691000 0 0 2.72 8.88
692000 0 0 2.84 8.92
693000 0 0 2.68 8.96
694000 0 0 2.84 8.96
695000 0 0 3 8.88
696000 0 0 2.24 8.92
697000 0 0 2.52 8.96
698000 0 0 2.64 8.96
699000 0 0 2.72 8.84
700000 0 0 2.44 8.92
701000 0 0 2.12 8.8
702000 0 0 2.44 8.84
703000 0 0 2.4 8.8
704000 0 0 2.32 8.8
705000 0 0 2.6 8.92
706000 0 0 2.36 8.88
707000 0 0 2.64 8.84
708000 0 0 2.44 8.84
709000 0 0 2.68 8.84
710000 0 0 2.24 8.88
711000 0 0 2.84 8.88
712000 0 0 2.4 8.84
713000 0 0 2.48 8.8
714000 0 0 2.4 8.8
715000 0 0 2.8 8.84
716000 0 0 2.68 8.76
717000 0 0 2.8 8.68
718000 0 0 2.76 8.84
719000 0 0 2.56 8.76
720000 0 0 2.56 8.76
721000 0 0 2.48 8.8
722000 0 0 2.28 8.76
723000 0 0 2.56 8.8
724000 0 0 2.2 8.92
725000 0 0 2.36 8.76
726000 0 0 2.48 8.8
727000 0 0 2.64 8.8
728000 0 0 2.64 8.84
729000 0 0 2.4 8.92
730000 0 0 2.48 8.92
731000 0 0 2.52 8.96
732000 0 0 2.32 8.92
733000 0 0 2.48 8.88
734000 0 0 2.64 8.96
735000 0 0 1.96 8.88
736000 0 0 2.52 8.84
737000 0 0 2.68 8.84
738000 0 0 2.48 8.84
739000 0 0 2.52 8.88
740000 0 0 2.52 8.88
741000 0 0 2.6 9
742000 0 0 2.56 8.92
743000 0 0 2.04 8.92
744000 0 0 2.48 8.84
745000 0 0 2.6 8.92
746000 0 0 2.12 8.84
747000 0 0 2.6 8.88
748000 0 0 2.4 8.84
749000 0 0 2.36 8.84
750000 0 0 2.44 8.88
751000 0 0 2.52 8.92
752000 0 0 2.4 8.8
753000 0 0 2.28 8.76
754000 0 0 2.32 8.92
755000 0 0 2.72 8.96
756000 0 0 2.16 8.88
757000 0 0 2.72 8.88
758000 0 0 2.32 8.88
759000 0 0 2.64 8.88
760000 0 0 2.28 8.84
761000 0 0 2.16 8.76
762000 0 0 2.12 8.88
763000 0 0 2.68 8.96
764000 0 0 2.44 8.84
765000 0 0 2.52 8.96
766000 0 0 2.56 8.92
767000 0 0 2.48 8.92
768000 0 0 2.36 8.88
769000 0 0 2.12 8.72
770000 0 0 2.52 8.8
771000 0 0 2.52 8.92
772000 0 0 2.32 8.96
773000 0 0 2.12 8.92
774000 0 0 1.96 8.88
775000 0 0 2.28 8.92
776000 0 0 2.24 8.84
777000 0 0 2.36 8.92
778000 0 0 2.48 8.88
779000 0 0 2.48 8.88
780000 0 0 2.8 8.88
781000 0 0 2.72 8.88
782000 0 0 2.44 8.88
783000 0 0 2.28 8.68
784000 0 0 2.12 8.8
785000 0 0 2.52 8.84
786000 0 0 2.44 8.88
787000 0 0 2.96 8.76
788000 0 0 2.6 8.92
789000 0 0 2.8 8.84
790000 0 0 2.52 8.8
791000 0 0 2.6 8.84
792000 0 0 2.16 8.88
793000 0 0 2.48 8.88
794000 0 0 3.24 8.84
795000 0 0 2.08 8.84
796000 0 0 2.56 8.76
797000 0 0 2.4 8.8
798000 0 0 2.36 8.76
799000 0 0 2.56 8.92
800000 0 0 2.92 8.92
801000 0 0 2.64 8.76
802000 0 0 2.2 8.88
803000 0 0 2.68 8.84
804000 0 0 2.4 8.76
805000 0 0 2.32 8.88
806000 0 0 2.2 8.84
807000 0 0 2.2 8.84
808000 0 0 2.44 8.84
809000 0 0 2.44 8.72
810000 0 0 2.4 8.92
811000 0 0 2.44 8.88
812000 0 0 2.4 8.88
813000 0 0 2.16 8.72
814000 0 0 2.84 8.8
815000 0 0 1.96 8.88
816000 0 0 2.56 8.92
817000 0 0 2.24 8.84
818000 0 0 2.72 8.88
819000 0 0 2.56 8.76
820000 0 0 2.16 8.84
821000 0 0 2.44 8.88
822000 0 0 2.4 8.88
823000 0 0 2.24 8.88
824000 0 0 2.36 8.92
825000 0 0 2.68 8.84
826000 0 0 2.44 8.88
827000 0 0 2.4 8.88
828000 0 0 2.36 9.04
829000 0 0 2.52 8.88
830000 0 0 2.8 8.76
831000 0 0 2.44 8.8
832000 0 0 2.2 8.88
833000 0 0 2.36 8.76
834000 0 0 2.88 8.84
835000 0 0 2.92 8.84
836000 0 0 2.52 8.88
837000 0 0 2.4 8.88
838000 0 0 2.6 8.92
839000 0 0 2.68 8.8
840000 0 0 2.76 8.88
841000 0 0 2.6 8.88
842000 0 0 2.2 8.96
843000 0 0 2.88 8.8
844000 0 0 2.6 8.8
845000 0 0 2.56 8.72
846000 0 0 2.4 8.8
847000 0 0 2.24 8.84
848000 0 0 2.72 8.84
849000 0 0 2.4 8.88
850000 0 0 2.6 8.84
851000 0 0 2.36 8.8
852000 0 0 2.52 8.84
853000 0 0 2.52 8.88
854000 0 0 2.8 8.8
855000 0 0 2.56 8.8
856000 0 0 2.6 8.8
857000 0 0 2.8 8.72
858000 0 0 2.8 8.8
859000 0 0 2.36 8.8
860000 0 0 2.6 8.76
861000 0 0 2.44 8.8
862000 0 0 2.28 8.8
863000 0 0 2.24 8.92
864000 0 0 2.64 8.84
865000 0 0 2.64 8.88
866000 0 0 2.68 8.84
867000 0 0 2.44 8.84
868000 0 0 2.68 8.8
869000 0 0 2.36 8.84
870000 0 0 3.12 8.88
871000 0 0 2.48 8.92
872000 0 0 2.76 8.92
873000 0 0 2.28 8.96
874000 0 0 2.44 8.92
875000 0 0 2.84 8.88
876000 0 0 2.56 8.92
877000 0 0 2.68 8.88
878000 0 0 2.44 8.88
879000 0 0 2.84 8.92
880000 0 0 2.4 8.84
881000 0 0 2.56 8.96
882000 0 0 2.72 8.76
883000 0 0 2.64 8.92
884000 0 0 2.28 9
885000 0 0 2.56 8.88
886000 0 0 2.84 8.96
887000 0 0 2.12 8.88
888000 0 0 2.32 8.92
889000 0 0 2.44 9.04
890000 0 0 2.72 8.96
891000 0 0 2.44 9
892000 0 0 2.84 8.84
893000 0 0 2.4 8.88
894000 0 0 2.48 8.96
895000 0 0 3 8.84
896000 0 0 2.68 8.76
897000 0 0 2.56 8.88
898000 0 0 2.76 8.92
899000 0 0 2.48 8.88
900000 0 0 2.6 8.88
901000 0 0 2.84 8.92
902000 0 0 2.84 9
903000 0 0 2.52 8.92
904000 0 0 2.6 8.92
905000 0 0 2.24 8.88
906000 0 0 2.56 8.96
907000 0 0 2.24 8.96
908000 0 0 2.48 8.92
909000 0 0 2.44 8.96
910000 0 0 2.88 8.96
911000 0 0 2.32 8.96
912000 0 0 2.84 8.96
913000 0 0 2.48 9
914000 0 0 2.12 8.96
915000 0 0 2.56 8.96
916000 0 0 2.64 8.88
917000 0 0 2.48 8.96
918000 0 0 2.8 8.96
919000 0 0 2.68 8.96
920000 0 0 2.44 8.84
921000 0 0 2.52 8.96
922000 0 0 2.4 8.88
923000 0 0 2.64 8.92
924000 0 0 2.56 8.88
925000 0 0 2.6 8.92
926000 0 0 2.28 8.96
927000 0 0 2.36 8.92
928000 0 0 2.36 8.88
929000 0 0 2.44 9
930000 0 0 2.52 8.88
931000 0 0 2.36 8.88
932000 0 0 2.72 8.92
933000 0 0 2.4 9
934000 0 0 2.52 8.92
935000 0 0 2.32 8.92
936000 0 0 3 8.84
937000 0 0 2.56 8.92
938000 0 0 2.92 8.88
939000 0 0 3.12 8.88
940000 0 0 2.44 8.84
941000 0 0 2.32 8.92
942000 0 0 2.76 8.84
943000 0 0 2.52 8.92
944000 0 0 2.4 8.88
945000 0 0 2.68 8.84
946000 0 0 2.48 8.88
947000 0 0 2.48 8.92
948000 0 0 2.8 8.92
949000 0 0 2.64 8.96
950000 0 0 2.4 8.88
951000 0 0 2.68 8.92
952000 0 0 2.36 8.84
953000 0 0 2.32 8.96
954000 0 0 2.36 8.92
955000 0 0 2.6 8.96
956000 0 0 2.6 8.96
957000 0 0 2.88 8.84
958000 0 0 2.84 8.88
959000 0 0 2.52 8.92
960000 0 0 2.84 8.96
961000 0 0 2.32 8.92
962000 0 0 2.56 8.92
963000 0 0 2.44 8.96
964000 0 0 2.8 8.96
965000 0 0 2.36 8.92
966000 0 0 2.44 8.88
967000 0 0 2.52 8.92
968000 0 0 2.92 8.92
969000 0 0 2.2 8.92
970000 0 0 2.8 8.92
971000 0 0 2.4 8.88
972000 0 0 2.4 8.92
973000 0 0 2.68 8.8
974000 0 0 2.48 8.88
975000 0 0 2.68 8.88
976000 0 0 2.64 8.96
977000 0 0 2.92 8.92
978000 0 0 2.72 8.88
979000 0 0 2.56 8.88
980000 0 0 2.6 8.84
981000 0 0 2.68 8.92
982000 0 0 2.44 9.04
983000 0 0 2.88 8.96
984000 0 0 2.44 9
985000 0 0 2.72 8.88
986000 0 0 2.56 8.88
987000 0 0 2.24 9
988000 0 0 3.32 8.88
989000 0 0 2.56 8.96
990000 0 0 2.8 8.96
991000 0 0 2.2 9
992000 0 0 2.88 8.84
993000 0 0 2.36 8.92
994000 0 0 2.44 9
995000 0 0 3.08 8.88
996000 0 0 2.28 8.96
997000 0 0 2.08 8.84
998000 0 0 2.56 8.96
999000 0 0 2.4 8.76
1000000 0 0 2.4 8.88
