# Time-averaged data for fix avgcoord
# TimeStep c_ac50 c_ac75 c_ac100 c_ac125
1000 0.236 0.742 1.746 3.32
2000 0.202 0.772 1.778 3.342
3000 0.21 0.726 1.676 3.256
4000 0.186 0.654 1.74 3.242
5000 0.254 0.712 1.69 3.304
6000 0.202 0.714 1.596 3.13
7000 0.196 0.718 1.632 3.252
8000 0.2 0.686 1.616 3.17
9000 0.192 0.686 1.642 3.25
10000 0.19 0.71 1.728 3.31
11000 0.206 0.676 1.702 3.306
12000 0.24 0.71 1.77 3.32
13000 0.224 0.766 1.692 3.288
14000 0.232 0.728 1.682 3.32
15000 0.212 0.708 1.746 3.352
16000 0.22 0.744 1.696 3.338
17000 0.23 0.722 1.648 3.282
18000 0.244 0.706 1.608 3.256
19000 0.186 0.686 1.608 3.16
20000 0.178 0.682 1.598 3.132
21000 0.162 0.672 1.672 3.232
22000 0.216 0.708 1.704 3.316
23000 0.24 0.712 1.722 3.336
24000 0.248 0.746 1.676 3.362
25000 0.204 0.738 1.698 3.302
26000 0.214 0.728 1.714 3.284
27000 0.204 0.712 1.784 3.408
28000 0.23 0.798 1.816 3.428
29000 0.208 0.714 1.716 3.372
30000 0.248 0.718 1.78 3.382
31000 0.19 0.676 1.686 3.254
32000 0.224 0.704 1.636 3.226
33000 0.234 0.71 1.64 3.176
34000 0.144 0.622 1.62 3.208
35000 0.186 0.666 1.668 3.26
36000 0.228 0.726 1.75 3.258
37000 0.216 0.644 1.552 3.144
38000 0.168 0.658 1.584 3.252
39000 0.21 0.74 1.71 3.346
40000 0.23 0.724 1.648 3.32
41000 0.202 0.696 1.626 3.322
42000 0.204 0.732 1.672 3.25
43000 0.202 0.726 1.744 3.398
44000 0.202 0.728 1.678 3.282
45000 0.222 0.736 1.73 3.392
46000 0.226 0.756 1.744 3.36
47000 0.208 0.758 1.708 3.354
48000 0.238 0.78 1.762 3.342
49000 0.206 0.714 1.654 3.272
50000 0.198 0.706 1.66 3.148
51000 0.232 0.692 1.674 3.348
52000 0.192 0.708 1.742 3.354
53000 0.234 0.698 1.738 3.422
54000 0.198 0.728 1.724 3.312
55000 0.206 0.734 1.676 3.266
56000 0.234 0.726 1.702 3.292
57000 0.242 0.748 1.714 3.324
58000 0.206 0.692 1.622 3.268
59000 0.19 0.678 1.584 3.082
60000 0.174 0.668 1.59 3.168
61000 0.172 0.656 1.64 3.306
62000 0.204 0.742 1.704 3.264
63000 0.186 0.722 1.576 3.17
64000 0.17 0.674 1.624 3.222
65000 0.216 0.732 1.716 3.418
66000 0.192 0.678 1.722 3.356
67000 0.246 0.726 1.722 3.334
68000 0.202 0.71 1.674 3.248
69000 0.194 0.752 1.714 3.348
70000 0.236 0.732 1.724 3.398
71000 0.214 0.704 1.66 3.252
72000 0.226 0.696 1.604 3.134
73000 0.186 0.68 1.596 3.236
74000 0.2 0.674 1.648 3.25
75000 0.212 0.712 1.756 3.38
76000 0.24 0.708 1.692 3.336
77000 0.234 0.758 1.706 3.34
78000 0.24 0.704 1.718 3.384
79000 0.244 0.736 1.67 3.318
80000 0.184 0.67 1.598 3.212
81000 0.202 0.712 1.718 3.336
82000 0.224 0.688 1.702 3.392
83000 0.188 0.72 1.758 3.496
84000 0.204 0.726 1.728 3.26
85000 0.19 0.68 1.722 3.284
86000 0.184 0.664 1.674 3.308
87000 0.202 0.642 1.596 3.206
88000 0.164 0.63 1.57 3.168
89000 0.214 0.682 1.632 3.244
90000 0.202 0.718 1.7 3.328
91000 0.26 0.738 1.704 3.358
92000 0.246 0.73 1.714 3.292
93000 0.206 0.688 1.662 3.35
94000 0.224 0.8 1.816 3.398
95000 0.248 0.786 1.752 3.264
96000 0.24 0.728 1.694 3.232
97000 0.226 0.712 1.644 3.306
98000 0.206 0.768 1.684 3.262
99000 0.246 0.762 1.718 3.306
100000 0.224 0.738 1.708 3.306
101000 0.252 0.792 1.694 3.39
102000 0.234 0.742 1.66 3.288
103000 0.198 0.71 1.658 3.322
104000 0.194 0.712 1.674 3.26
105000 0.186 0.694 1.68 3.25
106000 0.182 0.656 1.658 3.328
107000 0.204 0.726 1.712 3.26
108000 0.204 0.704 1.772 3.388
109000 0.188 0.676 1.71 3.306
110000 0.218 0.71 1.636 3.178
111000 0.212 0.696 1.614 3.314
112000 0.19 0.692 1.694 3.406
113000 0.19 0.68 1.772 3.376
114000 0.238 0.758 1.768 3.428
115000 0.234 0.776 1.804 3.388
116000 0.184 0.678 1.66 3.286
117000 0.226 0.706 1.646 3.236
118000 0.214 0.752 1.7 3.27
119000 0.224 0.736 1.698 3.312
120000 0.232 0.742 1.726 3.318
121000 0.214 0.672 1.66 3.206
122000 0.212 0.672 1.64 3.182
123000 0.224 0.736 1.732 3.37
124000 0.252 0.708 1.652 3.29
125000 0.184 0.738 1.694 3.258
126000 0.2 0.658 1.638 3.14
127000 0.218 0.74 1.646 3.244
128000 0.232 0.722 1.622 3.268
129000 0.218 0.702 1.646 3.198
130000 0.218 0.716 1.698 3.252
131000 0.238 0.77 1.718 3.296
132000 0.274 0.766 1.67 3.218
133000 0.224 0.716 1.7 3.264
134000 0.194 0.71 1.696 3.29
135000 0.184 0.724 1.684 3.214
136000 0.21 0.698 1.71 3.29
137000 0.204 0.698 1.698 3.282
138000 0.17 0.678 1.65 3.316
139000 0.226 0.676 1.65 3.35
140000 0.186 0.65 1.688 3.272
141000 0.218 0.744 1.724 3.414
142000 0.198 0.696 1.668 3.35
143000 0.186 0.636 1.692 3.234
144000 0.196 0.712 1.65 3.37
145000 0.214 0.726 1.698 3.29
146000 0.19 0.678 1.68 3.316
147000 0.204 0.668 1.628 3.294
148000 0.216 0.694 1.622 3.244
149000 0.254 0.748 1.674 3.274
150000 0.212 0.69 1.598 3.104
151000 0.222 0.674 1.56 3.188
152000 0.218 0.684 1.546 3.024
153000 0.16 0.62 1.522 3.122
154000 0.194 0.704 1.618 3.146
155000 0.196 0.668 1.58 3.16
156000 0.186 0.686 1.674 3.246
157000 0.196 0.72 1.706 3.222
158000 0.194 0.69 1.642 3.24
159000 0.256 0.736 1.68 3.148
160000 0.224 0.716 1.558 3.13
161000 0.21 0.74 1.684 3.39
162000 0.19 0.668 1.592 3.254
163000 0.224 0.748 1.658 3.152
164000 0.212 0.696 1.62 3.094
165000 0.174 0.676 1.64 3.292
166000 0.182 0.714 1.698 3.292
167000 0.206 0.748 1.702 3.332
168000 0.196 0.628 1.608 3.23
169000 0.196 0.702 1.706 3.342
170000 0.23 0.69 1.602 3.264
171000 0.202 0.8 1.78 3.412
172000 0.194 0.71 1.7 3.342
173000 0.182 0.676 1.692 3.258
174000 0.2 0.726 1.642 3.2
175000 0.186 0.646 1.698 3.314
176000 0.222 0.686 1.59 3.216
177000 0.216 0.696 1.628 3.1
178000 0.168 0.66 1.562 3.056
179000 0.184 0.666 1.558 3.068
180000 0.218 0.674 1.63 3.204
181000 0.208 0.736 1.702 3.174
182000 0.196 0.738 1.71 3.33
183000 0.252 0.76 1.704 3.298
184000 0.19 0.686 1.652 3.258
185000 0.212 0.664 1.636 3.254
186000 0.208 0.78 1.766 3.296
187000 0.212 0.68 1.662 3.26
188000 0.208 0.736 1.698 3.242
189000 0.23 0.732 1.698 3.346
190000 0.22 0.746 1.728 3.34
191000 0.224 0.716 1.668 3.318
192000 0.216 0.736 1.756 3.336
193000 0.176 0.698 1.668 3.37
194000 0.192 0.672 1.66 3.296
195000 0.184 0.668 1.67 3.178
196000 0.224 0.682 1.59 3.168
197000 0.194 0.698 1.67 3.188
198000 0.256 0.792 1.714 3.288
199000 0.216 0.762 1.676 3.32
200000 0.22 0.686 1.71 3.232
201000 0.156 0.662 1.612 3.112
202000 0.2 0.688 1.618 3.336
203000 0.232 0.744 1.768 3.328
204000 0.186 0.676 1.702 3.256
205000 0.224 0.764 1.792 3.34
206000 0.204 0.72 1.768 3.256
207000 0.176 0.684 1.592 3.28
208000 0.224 0.764 1.746 3.252
209000 0.22 0.688 1.724 3.278
210000 0.214 0.732 1.67 3.186
211000 0.21 0.732 1.72 3.296
212000 0.218 0.642 1.62 3.27
213000 0.208 0.722 1.668 3.272
214000 0.222 0.704 1.67 3.286
215000 0.166 0.644 1.556 3.224
216000 0.182 0.652 1.64 3.174
217000 0.212 0.658 1.584 3.272
218000 0.23 0.72 1.694 3.226
219000 0.248 0.726 1.658 3.28
220000 0.244 0.764 1.762 3.276
221000 0.174 0.708 1.728 3.364
222000 0.208 0.748 1.674 3.288
223000 0.198 0.726 1.682 3.182
224000 0.204 0.702 1.666 3.28
225000 0.264 0.762 1.682 3.182
226000 0.208 0.718 1.624 3.196
227000 0.19 0.728 1.656 3.282
228000 0.198 0.676 1.564 3.164
229000 0.182 0.616 1.57 3.188
230000 0.21 0.654 1.628 3.288
231000 0.224 0.726 1.7 3.26
232000 0.2 0.672 1.672 3.35
233000 0.21 0.708 1.68 3.32
234000 0.228 0.724 1.75 3.402
235000 0.202 0.704 1.834 3.444
236000 0.218 0.726 1.664 3.256
237000 0.234 0.724 1.708 3.326
238000 0.208 0.754 1.698 3.246
239000 0.214 0.694 1.646 3.262
240000 0.212 0.748 1.682 3.226
241000 0.224 0.73 1.728 3.28
242000 0.208 0.724 1.674 3.304
243000 0.22 0.69 1.73 3.306
244000 0.21 0.724 1.646 3.304
245000 0.206 0.72 1.672 3.334
246000 0.234 0.71 1.646 3.184
247000 0.216 0.698 1.634 3.234
248000 0.226 0.742 1.702 3.182
249000 0.19 0.656 1.588 3.156
250000 0.206 0.686 1.616 3.188
251000 0.188 0.656 1.636 3.186
252000 0.196 0.734 1.656 3.208
253000 0.202 0.704 1.686 3.212
254000 0.2 0.636 1.626 3.17
255000 0.204 0.664 1.608 3.24
256000 0.2 0.67 1.62 3.18
257000 0.154 0.606 1.52 3.16
258000 0.2 0.642 1.558 3.206
259000 0.224 0.74 1.752 3.336
260000 0.202 0.686 1.624 3.286
261000 0.188 0.724 1.638 3.184
262000 0.194 0.716 1.644 3.128
263000 0.208 0.644 1.654 3.194
264000 0.208 0.702 1.74 3.318
265000 0.226 0.73 1.718 3.342
266000 0.222 0.662 1.614 3.218
267000 0.212 0.676 1.61 3.212
268000 0.206 0.68 1.634 3.23
269000 0.246 0.766 1.756 3.278
270000 0.244 0.712 1.692 3.274
271000 0.178 0.67 1.588 3.114
272000 0.222 0.684 1.678 3.188
273000 0.176 0.666 1.664 3.24
274000 0.166 0.712 1.626 3.298
275000 0.228 0.73 1.702 3.308
276000 0.192 0.652 1.646 3.246
277000 0.222 0.688 1.644 3.216
278000 0.22 0.734 1.712 3.314
279000 0.182 0.672 1.584 3.164
280000 0.194 0.696 1.616 3.172
281000 0.234 0.72 1.62 3.236
282000 0.258 0.762 1.75 3.354
283000 0.244 0.774 1.686 3.338
284000 0.208 0.758 1.732 3.32
285000 0.186 0.628 1.672 3.352
286000 0.186 0.72 1.64 3.28
287000 0.222 0.656 1.648 3.276
288000 0.208 0.704 1.61 3.266
289000 0.222 0.734 1.704 3.268
290000 0.2 0.752 1.728 3.35
291000 0.234 0.752 1.73 3.314
292000 0.2 0.708 1.662 3.282
293000 0.216 0.74 1.712 3.298
294000 0.188 0.682 1.588 3.168
295000 0.212 0.678 1.632 3.182
296000 0.2 0.694 1.652 3.218
297000 0.278 0.788 1.718 3.294
298000 0.208 0.704 1.686 3.252
299000 0.18 0.692 1.6 3.202
300000 0.194 0.624 1.596 3.186
301000 0.204 0.698 1.614 3.29
302000 0.204 0.664 1.574 3.09
303000 0.21 0.642 1.516 3.174
304000 0.178 0.654 1.636 3.226
305000 0.214 0.698 1.692 3.23
306000 0.222 0.74 1.704 3.386
307000 0.2 0.746 1.736 3.378
308000 0.206 0.686 1.664 3.32
309000 0.202 0.674 1.636 3.32
310000 0.228 0.792 1.778 3.368
311000 0.214 0.726 1.7 3.338
312000 0.228 0.714 1.736 3.392
313000 0.23 0.722 1.69 3.376
314000 0.248 0.776 1.702 3.304
315000 0.2 0.704 1.662 3.284
316000 0.234 0.728 1.66 3.232
317000 0.238 0.656 1.634 3.172
318000 0.212 0.722 1.678 3.294
319000 0.19 0.65 1.638 3.25
320000 0.2 0.672 1.688 3.346
321000 0.208 0.748 1.692 3.256
322000 0.196 0.694 1.72 3.376
323000 0.224 0.728 1.75 3.384
324000 0.2 0.69 1.682 3.38
325000 0.228 0.756 1.74 3.238
326000 0.21 0.718 1.718 3.354
327000 0.242 0.828 1.776 3.464
328000 0.234 0.7 1.644 3.296
329000 0.186 0.736 1.736 3.256
330000 0.18 0.654 1.592 3.182
331000 0.204 0.736 1.722 3.364
332000 0.204 0.704 1.654 3.304
333000 0.186 0.63 1.582 3.272
334000 0.214 0.704 1.68 3.366
335000 0.194 0.738 1.744 3.482
336000 0.212 0.702 1.698 3.342
337000 0.192 0.704 1.706 3.292
338000 0.222 0.746 1.834 3.47
339000 0.202 0.708 1.746 3.29
340000 0.194 0.712 1.628 3.268
341000 0.24 0.728 1.658 3.256
342000 0.25 0.702 1.734 3.308
343000 0.208 0.658 1.598 3.142
344000 0.218 0.732 1.622 3.174
345000 0.192 0.684 1.724 3.328
346000 0.192 0.654 1.644 3.286
347000 0.182 0.616 1.558 3.24
348000 0.228 0.688 1.582 3.204
349000 0.226 0.7 1.712 3.282
350000 0.222 0.744 1.74 3.256
351000 0.206 0.718 1.69 3.292
352000 0.198 0.63 1.612 3.184
353000 0.204 0.708 1.64 3.194
354000 0.214 0.714 1.664 3.234
355000 0.202 0.706 1.568 3.116
356000 0.222 0.686 1.684 3.25
357000 0.21 0.694 1.594 3.2
358000 0.178 0.654 1.588 3.202
359000 0.208 0.74 1.636 3.29
360000 0.202 0.698 1.742 3.338
361000 0.222 0.662 1.644 3.312
362000 0.17 0.684 1.59 3.144
363000 0.186 0.676 1.666 3.372
364000 0.208 0.756 1.866 3.494
365000 0.21 0.728 1.764 3.504
366000 0.182 0.71 1.74 3.418
367000 0.192 0.69 1.646 3.364
368000 0.188 0.692 1.688 3.256
369000 0.236 0.762 1.704 3.338
370000 0.226 0.766 1.746 3.314
371000 0.232 0.74 1.716 3.272
372000 0.21 0.708 1.63 3.262
373000 0.19 0.732 1.68 3.306
374000 0.236 0.76 1.744 3.4
375000 0.268 0.82 1.764 3.37
376000 0.218 0.72 1.694 3.236
377000 0.184 0.706 1.648 3.266
378000 0.224 0.706 1.644 3.272
379000 0.234 0.724 1.642 3.23
380000 0.216 0.734 1.654 3.22
381000 0.216 0.7 1.606 3.13
382000 0.212 0.728 1.646 3.242
383000 0.194 0.692 1.7 3.316
384000 0.208 0.718 1.7 3.28
385000 0.202 0.714 1.646 3.326
386000 0.212 0.724 1.696 3.346
387000 0.21 0.698 1.698 3.262
388000 0.196 0.718 1.62 3.236
389000 0.188 0.74 1.776 3.364
390000 0.192 0.7 1.602 3.206
391000 0.196 0.728 1.658 3.306
392000 0.198 0.662 1.648 3.334
393000 0.208 0.714 1.798 3.326
394000 0.216 0.734 1.67 3.296
395000 0.214 0.742 1.716 3.332
396000 0.19 0.708 1.708 3.394
397000 0.212 0.728 1.728 3.324
398000 0.216 0.722 1.708 3.384
399000 0.228 0.766 1.754 3.412
400000 0.206 0.748 1.698 3.236
401000 0.212 0.688 1.626 3.312
402000 0.188 0.692 1.594 3.312
403000 0.194 0.72 1.678 3.286
404000 0.216 0.742 1.7 3.262
405000 0.232 0.704 1.616 3.282
406000 0.208 0.696 1.664 3.272
407000 0.24 0.762 1.684 3.308
408000 0.228 0.73 1.624 3.294
409000 0.192 0.624 1.628 3.31
410000 0.224 0.698 1.622 3.278
411000 0.172 0.658 1.67 3.23
412000 0.222 0.674 1.716 3.362
413000 0.194 0.728 1.746 3.308
414000 0.234 0.764 1.766 3.294
415000 0.198 0.696 1.65 3.216
416000 0.252 0.678 1.644 3.228
417000 0.164 0.664 1.654 3.244
418000 0.18 0.668 1.688 3.294
419000 0.228 0.704 1.646 3.268
420000 0.232 0.764 1.728 3.258
421000 0.218 0.72 1.688 3.246
422000 0.21 0.718 1.676 3.196
423000 0.208 0.74 1.78 3.414
424000 0.188 0.688 1.698 3.212
425000 0.186 0.744 1.678 3.228
426000 0.204 0.714 1.722 3.342
427000 0.242 0.742 1.738 3.346
428000 0.226 0.726 1.718 3.21
429000 0.232 0.762 1.632 3.25
430000 0.254 0.736 1.712 3.318
431000 0.25 0.748 1.734 3.286
432000 0.222 0.77 1.736 3.218
433000 0.16 0.634 1.672 3.208
434000 0.212 0.76 1.636 3.188
435000 0.188 0.668 1.606 3.258
436000 0.202 0.71 1.612 3.262
437000 0.19 0.692 1.602 3.262
438000 0.196 0.64 1.612 3.2
439000 0.224 0.698 1.64 3.196
440000 0.214 0.652 1.654 3.318
441000 0.228 0.736 1.73 3.308
442000 0.216 0.622 1.602 3.308
443000 0.186 0.622 1.648 3.174
444000 0.186 0.654 1.6 3.188
445000 0.17 0.63 1.6 3.26
446000 0.194 0.692 1.612 3.136
447000 0.176 0.646 1.622 3.182
448000 0.212 0.73 1.654 3.178
449000 0.184 0.614 1.55 3.05
450000 0.208 0.712 1.65 3.214
451000 0.208 0.714 1.654 3.27
452000 0.194 0.682 1.654 3.164
453000 0.202 0.69 1.678 3.278
454000 0.254 0.786 1.67 3.19
455000 0.218 0.688 1.68 3.376
456000 0.2 0.666 1.654 3.182
457000 0.182 0.592 1.61 3.242
458000 0.174 0.672 1.654 3.216
459000 0.196 0.666 1.58 3.238
460000 0.198 0.714 1.704 3.272
461000 0.242 0.764 1.742 3.348
462000 0.212 0.714 1.688 3.282
463000 0.176 0.672 1.686 3.258
464000 0.232 0.754 1.658 3.334
465000 0.244 0.702 1.62 3.204
466000 0.214 0.686 1.64 3.314
467000 0.202 0.67 1.58 3.238
468000 0.214 0.706 1.684 3.276
469000 0.214 0.704 1.602 3.308
470000 0.202 0.682 1.678 3.304
471000 0.19 0.702 1.692 3.3
472000 0.228 0.762 1.768 3.288
473000 0.21 0.692 1.636 3.136
474000 0.184 0.69 1.728 3.378
475000 0.184 0.694 1.556 3.162
476000 0.194 0.73 1.782 3.298
477000 0.248 0.768 1.62 3.24
478000 0.19 0.732 1.648 3.306
479000 0.196 0.624 1.638 3.208
480000 0.208 0.684 1.654 3.188
481000 0.192 0.682 1.656 3.324
482000 0.206 0.692 1.648 3.23
483000 0.212 0.742 1.74 3.252
484000 0.204 0.754 1.768 3.358
485000 0.226 0.742 1.698 3.35
486000 0.19 0.71 1.712 3.266
487000 0.216 0.74 1.786 3.404
488000 0.24 0.772 1.74 3.32
489000 0.242 0.68 1.666 3.188
490000 0.224 0.74 1.756 3.344
491000 0.188 0.768 1.748 3.454
492000 0.238 0.736 1.728 3.358
493000 0.196 0.712 1.638 3.268
494000 0.21 0.702 1.648 3.216
495000 0.182 0.624 1.616 3.222
496000 0.184 0.69 1.614 3.26
497000 0.206 0.696 1.704 3.382
498000 0.176 0.7 1.728 3.256
499000 0.202 0.694 1.598 3.212
500000 0.216 0.706 1.742 3.408
501000 0.21 0.704 1.736 3.324
502000 0.204 0.678 1.644 3.21
503000 0.23 0.742 1.732 3.316
504000 0.204 0.656 1.62 3.206
505000 0.21 0.668 1.704 3.178
506000 0.246 0.764 1.774 3.372
507000 0.232 0.78 1.742 3.306
508000 0.208 0.724 1.642 3.284
509000 0.238 0.744 1.66 3.27
510000 0.194 0.658 1.554 3.182
511000 0.196 0.688 1.692 3.38
512000 0.24 0.774 1.796 3.422
513000 0.222 0.768 1.768 3.342
514000 0.174 0.676 1.628 3.264
515000 0.218 0.714 1.654 3.22
516000 0.224 0.772 1.678 3.222
517000 0.194 0.72 1.74 3.348
518000 0.204 0.712 1.714 3.38
519000 0.206 0.682 1.584 3.216
520000 0.21 0.698 1.666 3.264
521000 0.262 0.782 1.736 3.374
522000 0.238 0.772 1.796 3.406
523000 0.224 0.728 1.82 3.378
524000 0.192 0.656 1.712 3.254
525000 0.214 0.736 1.66 3.252
526000 0.22 0.71 1.738 3.378
527000 0.202 0.708 1.722 3.346
528000 0.226 0.686 1.65 3.236
529000 0.2 0.734 1.708 3.198
530000 0.206 0.676 1.728 3.206
531000 0.196 0.762 1.768 3.484
532000 0.25 0.814 1.788 3.368
533000 0.25 0.768 1.748 3.398
534000 0.218 0.716 1.716 3.258
535000 0.244 0.736 1.716 3.316
536000 0.198 0.706 1.74 3.228
537000 0.212 0.704 1.796 3.388
538000 0.218 0.724 1.678 3.216
539000 0.244 0.75 1.618 3.164
540000 0.196 0.728 1.734 3.378
541000 0.236 0.708 1.65 3.25
542000 0.192 0.71 1.726 3.332
543000 0.204 0.722 1.644 3.27
544000 0.198 0.704 1.65 3.316
545000 0.202 0.696 1.71 3.298
546000 0.218 0.692 1.718 3.216
547000 0.28 0.798 1.762 3.332
548000 0.256 0.784 1.772 3.356
549000 0.232 0.694 1.652 3.338
550000 0.19 0.742 1.68 3.256
551000 0.206 0.738 1.746 3.35
552000 0.21 0.696 1.624 3.296
553000 0.198 0.662 1.678 3.28
554000 0.232 0.742 1.664 3.312
555000 0.202 0.706 1.652 3.252
556000 0.2 0.684 1.7 3.304
557000 0.232 0.744 1.744 3.412
558000 0.196 0.714 1.672 3.318
559000 0.216 0.74 1.736 3.316
560000 0.214 0.672 1.604 3.142
561000 0.178 0.688 1.604 3.084
562000 0.2 0.69 1.576 3.084
563000 0.18 0.668 1.69 3.236
564000 0.228 0.664 1.634 3.126
565000 0.23 0.704 1.696 3.116
566000 0.196 0.696 1.664 3.29
567000 0.246 0.696 1.638 3.166
568000 0.198 0.67 1.666 3.254
569000 0.242 0.78 1.76 3.44
570000 0.234 0.708 1.696 3.23
571000 0.234 0.736 1.728 3.29
572000 0.23 0.704 1.668 3.236
573000 0.19 0.708 1.614 3.272
574000 0.194 0.696 1.572 3.218
575000 0.176 0.696 1.674 3.274
576000 0.184 0.676 1.59 3.238
577000 0.204 0.754 1.762 3.394
578000 0.214 0.758 1.784 3.428
579000 0.19 0.768 1.72 3.27
580000 0.206 0.704 1.682 3.228
581000 0.194 0.7 1.688 3.302
582000 0.214 0.678 1.738 3.462
583000 0.238 0.73 1.682 3.378
584000 0.242 0.742 1.662 3.256
585000 0.196 0.708 1.63 3.242
586000 0.188 0.678 1.652 3.298
587000 0.192 0.68 1.626 3.24
588000 0.206 0.694 1.68 3.33
589000 0.194 0.688 1.73 3.39
590000 0.214 0.678 1.702 3.232
591000 0.194 0.694 1.658 3.266
592000 0.26 0.838 1.746 3.288
593000 0.212 0.734 1.642 3.234
594000 0.21 0.676 1.61 3.228
595000 0.24 0.784 1.804 3.422
596000 0.198 0.714 1.682 3.356
597000 0.242 0.754 1.728 3.308
598000 0.196 0.708 1.688 3.272
599000 0.206 0.698 1.712 3.334
600000 0.254 0.752 1.662 3.24
601000 0.188 0.682 1.646 3.248
602000 0.2 0.752 1.688 3.182
603000 0.24 0.738 1.646 3.23
604000 0.224 0.722 1.646 3.264
605000 0.208 0.674 1.574 3.122
606000 0.202 0.724 1.688 3.25
607000 0.2 0.678 1.678 3.258
608000 0.208 0.71 1.718 3.376
609000 0.188 0.698 1.678 3.33
610000 0.152 0.686 1.604 3.294
611000 0.214 0.686 1.624 3.24
612000 0.206 0.724 1.75 3.366
613000 0.214 0.746 1.676 3.326
614000 0.18 0.664 1.708 3.282
615000 0.2 0.678 1.718 3.268
616000 0.234 0.69 1.624 3.304
617000 0.228 0.7 1.696 3.378
618000 0.2 0.704 1.722 3.3
619000 0.228 0.738 1.678 3.376
620000 0.182 0.704 1.716 3.274
621000 0.176 0.678 1.682 3.208
622000 0.236 0.714 1.744 3.44
623000 0.2 0.68 1.704 3.284
624000 0.212 0.688 1.7 3.402
625000 0.218 0.714 1.776 3.372
626000 0.248 0.718 1.628 3.208
627000 0.188 0.704 1.676 3.348
628000 0.226 0.694 1.624 3.226
629000 0.196 0.72 1.712 3.322
630000 0.23 0.684 1.6 3.288
631000 0.204 0.692 1.696 3.358
632000 0.204 0.732 1.646 3.254
633000 0.21 0.688 1.662 3.338
634000 0.222 0.696 1.638 3.176
635000 0.218 0.698 1.708 3.364
636000 0.186 0.672 1.608 3.246
637000 0.174 0.684 1.666 3.336
638000 0.222 0.712 1.674 3.246
639000 0.218 0.688 1.672 3.28
640000 0.212 0.766 1.748 3.34
641000 0.222 0.75 1.674 3.29
642000 0.2 0.712 1.706 3.366
643000 0.234 0.764 1.706 3.3
644000 0.214 0.734 1.722 3.242
645000 0.198 0.704 1.712 3.358
646000 0.21 0.728 1.732 3.326
647000 0.216 0.732 1.712 3.332
648000 0.242 0.782 1.742 3.346
649000 0.182 0.698 1.742 3.342
650000 0.206 0.666 1.654 3.33
651000 0.208 0.716 1.666 3.268
652000 0.248 0.754 1.746 3.424
653000 0.248 0.774 1.814 3.478
654000 0.202 0.742 1.756 3.322
655000 0.206 0.712 1.696 3.298
656000 0.222 0.726 1.702 3.346
657000 0.192 0.672 1.636 3.274
658000 0.226 0.728 1.692 3.262
659000 0.214 0.754 1.73 3.358
660000 0.218 0.776 1.69 3.272
661000 0.228 0.71 1.74 3.258
662000 0.202 0.718 1.744 3.344
663000 0.234 0.72 1.69 3.236
664000 0.214 0.682 1.61 3.224
665000 0.192 0.664 1.654 3.254
666000 0.168 0.654 1.652 3.248
667000 0.212 0.714 1.672 3.226
668000 0.208 0.708 1.7 3.248
669000 0.196 0.642 1.658 3.234
670000 0.216 0.664 1.612 3.198
671000 0.236 0.734 1.694 3.286
672000 0.194 0.638 1.684 3.236
673000 0.21 0.722 1.74 3.334
674000 0.208 0.67 1.564 3.198
675000 0.222 0.736 1.654 3.364
676000 0.206 0.688 1.694 3.328
677000 0.234 0.714 1.654 3.25
678000 0.184 0.71 1.662 3.336
679000 0.212 0.714 1.638 3.206
680000 0.172 0.698 1.61 3.206
681000 0.188 0.724 1.692 3.27
682000 0.22 0.712 1.668 3.256
683000 0.218 0.7 1.754 3.41
684000 0.208 0.712 1.686 3.378
685000 0.212 0.772 1.748 3.326
686000 0.214 0.696 1.662 3.268
687000 0.188 0.646 1.61 3.168
688000 0.186 0.694 1.572 3.106
689000 0.17 0.696 1.656 3.182
690000 0.218 0.716 1.598 3.134
691000 0.218 0.692 1.654 3.208
692000 0.192 0.678 1.718 3.308
693000 0.212 0.694 1.68 3.244
694000 0.234 0.714 1.722 3.274
695000 0.204 0.726 1.65 3.12
696000 0.172 0.676 1.582 3.074
697000 0.196 0.696 1.576 3.066
698000 0.182 0.652 1.602 3.162
699000 0.242 0.718 1.636 3.112
700000 0.216 0.786 1.686 3.242
701000 0.226 0.728 1.684 3.262
702000 0.21 0.726 1.706 3.33
703000 0.242 0.724 1.69 3.364
704000 0.182 0.684 1.672 3.254
705000 0.236 0.728 1.764 3.41
706000 0.26 0.798 1.81 3.416
707000 0.206 0.714 1.766 3.426
708000 0.22 0.748 1.668 3.344
709000 0.21 0.746 1.702 3.34
710000 0.204 0.672 1.614 3.224
711000 0.2 0.692 1.674 3.41
712000 0.224 0.714 1.734 3.356
713000 0.208 0.754 1.752 3.342
714000 0.224 0.74 1.682 3.276
715000 0.188 0.7 1.716 3.362
716000 0.188 0.794 1.776 3.38
717000 0.202 0.76 1.676 3.262
718000 0.208 0.688 1.684 3.22
719000 0.198 0.716 1.646 3.21
720000 0.226 0.716 1.716 3.374
721000 0.246 0.766 1.744 3.35
722000 0.21 0.726 1.71 3.32
723000 0.17 0.68 1.634 3.148
724000 0.214 0.702 1.658 3.252
725000 0.224 0.73 1.702 3.26
726000 0.194 0.684 1.66 3.114
727000 0.218 0.67 1.584 3.224
728000 0.196 0.65 1.638 3.23
729000 0.186 0.696 1.626 3.268
730000 0.208 0.686 1.642 3.178
731000 0.22 0.712 1.654 3.266
732000 0.212 0.666 1.69 3.32
733000 0.258 0.698 1.642 3.166
734000 0.234 0.718 1.688 3.266
735000 0.204 0.63 1.586 3.074
736000 0.2 0.684 1.66 3.152
737000 0.25 0.746 1.766 3.304
738000 0.2 0.684 1.688 3.346
739000 0.192 0.726 1.632 3.304
740000 0.216 0.682 1.578 3.194
741000 0.216 0.684 1.656 3.246
742000 0.234 0.686 1.644 3.25
743000 0.224 0.72 1.668 3.264
744000 0.22 0.704 1.676 3.328
745000 0.226 0.714 1.652 3.244
746000 0.21 0.74 1.632 3.144
747000 0.2 0.658 1.608 3.284
748000 0.222 0.722 1.592 3.118
749000 0.222 0.646 1.56 3.26
750000 0.214 0.692 1.634 3.204
751000 0.234 0.706 1.648 3.23
752000 0.218 0.694 1.67 3.326
753000 0.214 0.676 1.664 3.258
754000 0.242 0.76 1.66 3.218
755000 0.222 0.69 1.672 3.274
756000 0.22 0.694 1.682 3.238
757000 0.198 0.71 1.648 3.184
758000 0.198 0.682 1.612 3.13
759000 0.194 0.682 1.658 3.17
760000 0.192 0.724 1.708 3.312
761000 0.188 0.708 1.712 3.246
762000 0.216 0.758 1.752 3.372
763000 0.224 0.746 1.71 3.3
764000 0.216 0.692 1.628 3.156
765000 0.224 0.738 1.646 3.318
766000 0.212 0.65 1.614 3.214
767000 0.232 0.73 1.626 3.198
768000 0.226 0.738 1.72 3.24
769000 0.226 0.716 1.636 3.236
770000 0.214 0.69 1.704 3.292
771000 0.194 0.73 1.752 3.294
772000 0.172 0.65 1.566 3.052
773000 0.204 0.696 1.642 3.192
774000 0.222 0.73 1.774 3.38
775000 0.212 0.698 1.694 3.416
776000 0.202 0.658 1.57 3.18
777000 0.198 0.668 1.64 3.28
778000 0.2 0.716 1.732 3.282
779000 0.192 0.698 1.698 3.274
780000 0.216 0.682 1.57 3.174
781000 0.188 0.598 1.514 3.134
782000 0.17 0.684 1.634 3.19
783000 0.246 0.71 1.668 3.214
784000 0.182 0.656 1.656 3.238
785000 0.202 0.714 1.614 3.138
786000 0.182 0.626 1.59 3.224
787000 0.218 0.694 1.646 3.2
788000 0.214 0.714 1.704 3.292
789000 0.21 0.734 1.614 3.156
790000 0.188 0.678 1.554 3.092
791000 0.196 0.642 1.552 3.096
792000 0.224 0.66 1.638 3.22
793000 0.174 0.698 1.694 3.244
794000 0.208 0.712 1.726 3.398
795000 0.194 0.726 1.712 3.364
796000 0.224 0.764 1.698 3.43
797000 0.18 0.682 1.662 3.242
798000 0.226 0.734 1.706 3.364
799000 0.236 0.778 1.684 3.342
800000 0.186 0.66 1.63 3.206
801000 0.188 0.638 1.58 3.17
802000 0.184 0.674 1.682 3.2
803000 0.238 0.72 1.648 3.22
804000 0.188 0.656 1.584 3.202
805000 0.196 0.67 1.668 3.278
806000 0.228 0.736 1.73 3.346
807000 0.172 0.754 1.64 3.24
808000 0.248 0.692 1.684 3.258
809000 0.228 0.738 1.722 3.242
810000 0.248 0.806 1.758 3.374
811000 0.21 0.696 1.616 3.274
812000 0.21 0.708 1.69 3.366
813000 0.218 0.7 1.678 3.332
814000 0.192 0.694 1.69 3.322
815000 0.218 0.728 1.7 3.306
816000 0.216 0.696 1.706 3.338
817000 0.226 0.696 1.676 3.226
818000 0.2 0.636 1.578 3.168
819000 0.194 0.668 1.612 3.096
820000 0.204 0.712 1.674 3.174
821000 0.202 0.732 1.66 3.216
822000 0.214 0.742 1.702 3.304
823000 0.198 0.684 1.65 3.264
824000 0.218 0.694 1.614 3.182
825000 0.23 0.716 1.73 3.316
826000 0.24 0.784 1.778 3.46
827000 0.208 0.722 1.752 3.308
828000 0.214 0.722 1.61 3.2
829000 0.202 0.686 1.732 3.348
830000 0.224 0.662 1.672 3.288
831000 0.244 0.738 1.676 3.214
832000 0.232 0.734 1.706 3.266
833000 0.226 0.79 1.812 3.416
834000 0.214 0.686 1.73 3.32
835000 0.232 0.784 1.766 3.342
836000 0.23 0.724 1.576 3.198
837000 0.196 0.714 1.686 3.264
838000 0.216 0.708 1.71 3.234
839000 0.228 0.748 1.686 3.228
840000 0.206 0.744 1.704 3.338
841000 0.206 0.682 1.648 3.334
842000 0.242 0.752 1.728 3.4
843000 0.222 0.648 1.694 3.31
844000 0.21 0.72 1.69 3.224
845000 0.188 0.668 1.6 3.184
846000 0.23 0.71 1.658 3.162
847000 0.186 0.64 1.644 3.156
848000 0.218 0.73 1.68 3.318
849000 0.184 0.744 1.744 3.448
850000 0.212 0.66 1.634 3.246
851000 0.186 0.69 1.72 3.354
852000 0.204 0.68 1.576 3.114
853000 0.2 0.772 1.678 3.294
854000 0.208 0.698 1.708 3.334
855000 0.206 0.7 1.616 3.278
856000 0.208 0.676 1.672 3.246
857000 0.208 0.662 1.646 3.29
858000 0.216 0.694 1.652 3.314
859000 0.194 0.748 1.706 3.228
860000 0.2 0.672 1.702 3.292
861000 0.222 0.676 1.67 3.27
862000 0.238 0.706 1.632 3.15
863000 0.212 0.712 1.612 3.226
864000 0.206 0.668 1.642 3.248
865000 0.2 0.606 1.602 3.212
866000 0.222 0.71 1.678 3.294
867000 0.224 0.722 1.666 3.292
868000 0.208 0.706 1.678 3.296
869000 0.228 0.792 1.76 3.31
870000 0.182 0.672 1.598 3.186
871000 0.226 0.71 1.686 3.3
872000 0.19 0.654 1.654 3.36
873000 0.22 0.748 1.722 3.274
874000 0.192 0.694 1.644 3.186
875000 0.204 0.642 1.648 3.162
876000 0.186 0.656 1.524 3.048
877000 0.204 0.672 1.642 3.21
878000 0.226 0.752 1.718 3.25
879000 0.222 0.688 1.618 3.19
880000 0.194 0.702 1.646 3.208
881000 0.192 0.64 1.598 3.178
882000 0.198 0.698 1.522 3.216
883000 0.234 0.736 1.654 3.138
884000 0.198 0.648 1.578 3.216
885000 0.228 0.7 1.66 3.25
886000 0.206 0.722 1.692 3.266
887000 0.19 0.69 1.622 3.272
888000 0.218 0.772 1.72 3.334
889000 0.236 0.744 1.656 3.286
890000 0.216 0.732 1.678 3.262
891000 0.19 0.682 1.66 3.236
892000 0.208 0.708 1.618 3.168
893000 0.24 0.75 1.614 3.262
894000 0.192 0.712 1.666 3.142
895000 0.238 0.71 1.596 3.194
896000 0.22 0.694 1.658 3.216
897000 0.232 0.704 1.652 3.31
898000 0.202 0.704 1.728 3.358
899000 0.208 0.714 1.674 3.298
900000 0.18 0.714 1.7 3.314
901000 0.214 0.692 1.73 3.302
902000 0.22 0.666 1.614 3.28
903000 0.228 0.74 1.782 3.392
904000 0.224 0.746 1.618 3.164
905000 0.204 0.708 1.596 3.218
906000 0.276 0.778 1.828 3.364
907000 0.232 0.78 1.702 3.248
908000 0.212 0.736 1.682 3.29
909000 0.236 0.736 1.664 3.148
910000 0.214 0.736 1.664 3.242
911000 0.212 0.688 1.67 3.332
912000 0.196 0.75 1.734 3.306
913000 0.208 0.758 1.744 3.482
914000 0.23 0.764 1.766 3.354
915000 0.178 0.67 1.658 3.202
916000 0.19 0.738 1.67 3.248
917000 0.156 0.702 1.664 3.308
918000 0.242 0.772 1.804 3.424
919000 0.216 0.754 1.578 3.19
920000 0.24 0.682 1.604 3.238
921000 0.224 0.698 1.65 3.23
922000 0.196 0.678 1.652 3.228
923000 0.192 0.67 1.64 3.194
924000 0.172 0.684 1.72 3.3
925000 0.232 0.764 1.758 3.424
926000 0.246 0.726 1.66 3.366
927000 0.22 0.7 1.73 3.308
928000 0.184 0.632 1.604 3.072
929000 0.198 0.686 1.658 3.17
930000 0.18 0.696 1.62 3.23
931000 0.212 0.72 1.704 3.182
932000 0.242 0.758 1.746 3.354
933000 0.202 0.712 1.76 3.418
934000 0.206 0.698 1.73 3.184
935000 0.226 0.71 1.69 3.248
936000 0.212 0.638 1.65 3.298
937000 0.226 0.702 1.614 3.254
938000 0.2 0.678 1.664 3.312
939000 0.204 0.746 1.684 3.278
940000 0.218 0.638 1.644 3.23
941000 0.176 0.676 1.528 3.142
942000 0.19 0.682 1.638 3.198
943000 0.186 0.602 1.602 3.192
944000 0.186 0.69 1.64 3.17
945000 0.212 0.714 1.722 3.3
946000 0.202 0.744 1.71 3.276
947000 0.22 0.73 1.736 3.32
948000 0.202 0.698 1.686 3.29
949000 0.23 0.716 1.668 3.256
950000 0.208 0.66 1.612 3.226
951000 0.252 0.78 1.708 3.278
952000 0.194 0.76 1.686 3.208
953000 0.18 0.62 1.604 3.172
954000 0.22 0.714 1.628 3.176
955000 0.228 0.71 1.714 3.356
956000 0.204 0.658 1.696 3.316
957000 0.218 0.682 1.632 3.266
958000 0.202 0.694 1.658 3.28
959000 0.234 0.722 1.636 3.204
960000 0.202 0.682 1.65 3.232
961000 0.202 0.75 1.722 3.344
962000 0.22 0.712 1.688 3.378
963000 0.232 0.74 1.74 3.366
964000 0.224 0.674 1.662 3.338
965000 0.212 0.742 1.674 3.204
966000 0.178 0.702 1.694 3.266
967000 0.198 0.682 1.65 3.312
968000 0.212 0.796 1.76 3.42
969000 0.214 0.726 1.706 3.39
970000 0.244 0.772 1.804 3.434
971000 0.228 0.744 1.784 3.482
972000 0.194 0.748 1.744 3.348
973000 0.236 0.668 1.632 3.234
974000 0.22 0.71 1.614 3.286
975000 0.206 0.696 1.67 3.25
976000 0.216 0.7 1.64 3.248
977000 0.196 0.708 1.69 3.338
978000 0.186 0.678 1.676 3.314
979000 0.178 0.648 1.634 3.306
980000 0.196 0.716 1.67 3.33
981000 0.206 0.694 1.62 3.174
982000 0.214 0.696 1.708 3.276
983000 0.184 0.666 1.642 3.164
984000 0.138 0.658 1.59 3.244
985000 0.21 0.69 1.632 3.164
986000 0.202 0.674 1.598 3.194
987000 0.18 0.678 1.574 3.184
988000 0.192 0.66 1.632 3.212
989000 0.186 0.702 1.658 3.28
990000 0.206 0.722 1.666 3.26
991000 0.16 0.624 1.638 3.162
992000 0.196 0.668 1.58 3.24
993000 0.194 0.722 1.744 3.336
994000 0.2 0.722 1.812 3.41
995000 0.198 0.748 1.758 3.314
996000 0.196 0.702 1.588 3.306
997000 0.182 0.686 1.716 3.324
998000 0.176 0.71 1.62 3.266
999000 0.202 0.722 1.718 3.268
1000000 0.236 0.754 1.65 3.242
