# Time-averaged data for fix com
# TimeStep c_com[1] c_com[2] c_com[3]
200 1.76979 1.90501 1.84248
300 1.76979 1.90501 1.84248
400 1.76979 1.90501 1.84248
500 1.76979 1.90501 1.84248
600 1.76979 1.90501 1.84248
700 1.76979 1.90501 1.84248
800 1.76979 1.90501 1.84248
900 1.76979 1.90501 1.84248
1000 1.76979 1.90501 1.84248
1100 1.76979 1.90501 1.84248
1200 1.76979 1.90501 1.84248
1300 1.76979 1.90501 1.84248
1400 1.76979 1.90501 1.84248
1500 1.76979 1.90501 1.84248
1600 1.76979 1.90501 1.84248
1700 1.76979 1.90501 1.84248
1800 1.76979 1.90501 1.84248
1900 1.76979 1.90501 1.84248
2000 1.76979 1.90501 1.84248
2100 1.76979 1.90501 1.84248
2200 1.76979 1.90501 1.84248
2300 1.76979 1.90501 1.84248
2400 1.76979 1.90501 1.84248
2500 1.76979 1.90501 1.84248
2600 1.76979 1.90501 1.84248
2700 1.76979 1.90501 1.84248
2800 1.76979 1.90501 1.84248
2900 1.76979 1.90501 1.84248
3000 1.76979 1.90501 1.84248
3100 1.76979 1.90501 1.84248
3200 1.76979 1.90501 1.84248
3300 1.76979 1.90501 1.84248
3400 1.76979 1.90501 1.84248
3500 1.76979 1.90501 1.84248
3600 1.76979 1.90501 1.84248
3700 1.76979 1.90501 1.84248
3800 1.76979 1.90501 1.84248
3900 1.76979 1.90501 1.84248
4000 1.76979 1.90501 1.84248
4100 1.76979 1.90501 1.84248
4200 1.76979 1.90501 1.84248
4300 1.76979 1.90501 1.84248
4400 1.76979 1.90501 1.84248
4500 1.76979 1.90501 1.84248
4600 1.76979 1.90501 1.84248
4700 1.76979 1.90501 1.84248
4800 1.76979 1.90501 1.84248
4900 1.76979 1.90501 1.84248
5000 1.76979 1.90501 1.84248
5100 1.76979 1.90501 1.84248
5200 1.76979 1.90501 1.84248
5300 1.76979 1.90501 1.84248
5400 1.76979 1.90501 1.84248
5500 1.76979 1.90501 1.84248
5600 1.76979 1.90501 1.84248
5700 1.76979 1.90501 1.84248
5800 1.76979 1.90501 1.84248
5900 1.76979 1.90501 1.84248
6000 1.76979 1.90501 1.84248
6100 1.76979 1.90501 1.84248
6200 1.76979 1.90501 1.84248
6300 1.76979 1.90501 1.84248
6400 1.76979 1.90501 1.84248
6500 1.76979 1.90501 1.84248
6600 1.76979 1.90501 1.84248
6700 1.76979 1.90501 1.84248
6800 1.76979 1.90501 1.84248
6900 1.76979 1.90501 1.84248
7000 1.76979 1.90501 1.84248
7100 1.76979 1.90501 1.84248
7200 1.76979 1.90501 1.84248
7300 1.76979 1.90501 1.84248
7400 1.76979 1.90501 1.84248
7500 1.76979 1.90501 1.84248
7600 1.76979 1.90501 1.84248
7700 1.76979 1.90501 1.84248
7800 1.76979 1.90501 1.84248
7900 1.76979 1.90501 1.84248
8000 1.76979 1.90501 1.84248
8100 1.76979 1.90501 1.84248
8200 1.76979 1.90501 1.84248
8300 1.76979 1.90501 1.84248
8400 1.76979 1.90501 1.84248
8500 1.76979 1.90501 1.84248
8600 1.76979 1.90501 1.84248
8700 1.76979 1.90501 1.84248
8800 1.76979 1.90501 1.84248
8900 1.76979 1.90501 1.84248
9000 1.76979 1.90501 1.84248
9100 1.76979 1.90501 1.84248
9200 1.76979 1.90501 1.84248
9300 1.76979 1.90501 1.84248
9400 1.76979 1.90501 1.84248
9500 1.76979 1.90501 1.84248
9600 1.76979 1.90501 1.84248
9700 1.76979 1.90501 1.84248
9800 1.76979 1.90501 1.84248
9900 1.76979 1.90501 1.84248
10000 1.76979 1.90501 1.84248
10100 1.76979 1.90501 1.84248
10200 1.76979 1.90501 1.84248
10300 1.76979 1.90501 1.84248
10400 1.76979 1.90501 1.84248
10500 1.76979 1.90501 1.84248
10600 1.76979 1.90501 1.84248
10700 1.76979 1.90501 1.84248
10800 1.76979 1.90501 1.84248
10900 1.76979 1.90501 1.84248
11000 1.76979 1.90501 1.84248
11100 1.76979 1.90501 1.84248
11200 1.76979 1.90501 1.84248
11300 1.76979 1.90501 1.84248
11400 1.76979 1.90501 1.84248
11500 1.76979 1.90501 1.84248
11600 1.76979 1.90501 1.84248
11700 1.76979 1.90501 1.84248
11800 1.76979 1.90501 1.84248
11900 1.76979 1.90501 1.84248
12000 1.76979 1.90501 1.84248
12100 1.76979 1.90501 1.84248
12200 1.76979 1.90501 1.84248
12300 1.76979 1.90501 1.84248
12400 1.76979 1.90501 1.84248
12500 1.76979 1.90501 1.84248
12600 1.76979 1.90501 1.84248
12700 1.76979 1.90501 1.84248
12800 1.76979 1.90501 1.84248
12900 1.76979 1.90501 1.84248
13000 1.76979 1.90501 1.84248
13100 1.76979 1.90501 1.84248
13200 1.76979 1.90501 1.84248
13300 1.76979 1.90501 1.84248
13400 1.76979 1.90501 1.84248
13500 1.76979 1.90501 1.84248
13600 1.76979 1.90501 1.84248
13700 1.76979 1.90501 1.84248
13800 1.76979 1.90501 1.84248
13900 1.76979 1.90501 1.84248
14000 1.76979 1.90501 1.84248
14100 1.76979 1.90501 1.84248
14200 1.76979 1.90501 1.84248
14300 1.76979 1.90501 1.84248
14400 1.76979 1.90501 1.84248
14500 1.76979 1.90501 1.84248
14600 1.76979 1.90501 1.84248
14700 1.76979 1.90501 1.84248
14800 1.76979 1.90501 1.84248
14900 1.76979 1.90501 1.84248
15000 1.76979 1.90501 1.84248
15100 1.76979 1.90501 1.84248
15200 1.76979 1.90501 1.84248
15300 1.76979 1.90501 1.84248
15400 1.76979 1.90501 1.84248
15500 1.76979 1.90501 1.84248
15600 1.76979 1.90501 1.84248
15700 1.76979 1.90501 1.84248
15800 1.76979 1.90501 1.84248
15900 1.76979 1.90501 1.84248
16000 1.76979 1.90501 1.84248
16100 1.76979 1.90501 1.84248
16200 1.76979 1.90501 1.84248
16300 1.76979 1.90501 1.84248
16400 1.76979 1.90501 1.84248
16500 1.76979 1.90501 1.84248
16600 1.76979 1.90501 1.84248
16700 1.76979 1.90501 1.84248
16800 1.76979 1.90501 1.84248
16900 1.76979 1.90501 1.84248
17000 1.76979 1.90501 1.84248
17100 1.76979 1.90501 1.84248
17200 1.76979 1.90501 1.84248
17300 1.76979 1.90501 1.84248
17400 1.76979 1.90501 1.84248
17500 1.76979 1.90501 1.84248
17600 1.76979 1.90501 1.84248
17700 1.76979 1.90501 1.84248
17800 1.76979 1.90501 1.84248
17900 1.76979 1.90501 1.84248
18000 1.76979 1.90501 1.84248
18100 1.76979 1.90501 1.84248
18200 1.76979 1.90501 1.84248
18300 1.76979 1.90501 1.84248
18400 1.76979 1.90501 1.84248
18500 1.76979 1.90501 1.84248
18600 1.76979 1.90501 1.84248
18700 1.76979 1.90501 1.84248
18800 1.76979 1.90501 1.84248
18900 1.76979 1.90501 1.84248
19000 1.76979 1.90501 1.84248
19100 1.76979 1.90501 1.84248
19200 1.76979 1.90501 1.84248
19300 1.76979 1.90501 1.84248
19400 1.76979 1.90501 1.84248
19500 1.76979 1.90501 1.84248
19600 1.76979 1.90501 1.84248
19700 1.76979 1.90501 1.84248
19800 1.76979 1.90501 1.84248
19900 1.76979 1.90501 1.84248
20000 1.76979 1.90501 1.84248
20100 1.76979 1.90501 1.84248
20200 1.76979 1.90501 1.84248
20300 1.76979 1.90501 1.84248
20400 1.76979 1.90501 1.84248
20500 1.76979 1.90501 1.84248
20600 1.76979 1.90501 1.84248
20700 1.76979 1.90501 1.84248
20800 1.76979 1.90501 1.84248
20900 1.76979 1.90501 1.84248
21000 1.76979 1.90501 1.84248
21100 1.76979 1.90501 1.84248
21200 1.76979 1.90501 1.84248
21300 1.76979 1.90501 1.84248
21400 1.76979 1.90501 1.84248
21500 1.76979 1.90501 1.84248
21600 1.76979 1.90501 1.84248
21700 1.76979 1.90501 1.84248
21800 1.76979 1.90501 1.84248
21900 1.76979 1.90501 1.84248
22000 1.76979 1.90501 1.84248
22100 1.76979 1.90501 1.84248
22200 1.76979 1.90501 1.84248
22300 1.76979 1.90501 1.84248
22400 1.76979 1.90501 1.84248
22500 1.76979 1.90501 1.84248
22600 1.76979 1.90501 1.84248
22700 1.76979 1.90501 1.84248
22800 1.76979 1.90501 1.84248
22900 1.76979 1.90501 1.84248
23000 1.76979 1.90501 1.84248
23100 1.76979 1.90501 1.84248
23200 1.76979 1.90501 1.84248
23300 1.76979 1.90501 1.84248
23400 1.76979 1.90501 1.84248
23500 1.76979 1.90501 1.84248
23600 1.76979 1.90501 1.84248
23700 1.76979 1.90501 1.84248
23800 1.76979 1.90501 1.84248
23900 1.76979 1.90501 1.84248
24000 1.76979 1.90501 1.84248
24100 1.76979 1.90501 1.84248
24200 1.76979 1.90501 1.84248
24300 1.76979 1.90501 1.84248
24400 1.76979 1.90501 1.84248
24500 1.76979 1.90501 1.84248
24600 1.76979 1.90501 1.84248
24700 1.76979 1.90501 1.84248
24800 1.76979 1.90501 1.84248
24900 1.76979 1.90501 1.84248
25000 1.76979 1.90501 1.84248
25100 1.76979 1.90501 1.84248
25200 1.76979 1.90501 1.84248
25300 1.76979 1.90501 1.84248
25400 1.76979 1.90501 1.84248
25500 1.76979 1.90501 1.84248
25600 1.76979 1.90501 1.84248
25700 1.76979 1.90501 1.84248
25800 1.76979 1.90501 1.84248
25900 1.76979 1.90501 1.84248
26000 1.76979 1.90501 1.84248
26100 1.76979 1.90501 1.84248
26200 1.76979 1.90501 1.84248
26300 1.76979 1.90501 1.84248
26400 1.76979 1.90501 1.84248
26500 1.76979 1.90501 1.84248
26600 1.76979 1.90501 1.84248
26700 1.76979 1.90501 1.84248
26800 1.76979 1.90501 1.84248
26900 1.76979 1.90501 1.84248
27000 1.76979 1.90501 1.84248
27100 1.76979 1.90501 1.84248
27200 1.76979 1.90501 1.84248
27300 1.76979 1.90501 1.84248
27400 1.76979 1.90501 1.84248
27500 1.76979 1.90501 1.84248
27600 1.76979 1.90501 1.84248
27700 1.76979 1.90501 1.84248
27800 1.76979 1.90501 1.84248
27900 1.76979 1.90501 1.84248
28000 1.76979 1.90501 1.84248
28100 1.76979 1.90501 1.84248
28200 1.76979 1.90501 1.84248
28300 1.76979 1.90501 1.84248
28400 1.76979 1.90501 1.84248
28500 1.76979 1.90501 1.84248
28600 1.76979 1.90501 1.84248
28700 1.76979 1.90501 1.84248
28800 1.76979 1.90501 1.84248
28900 1.76979 1.90501 1.84248
29000 1.76979 1.90501 1.84248
29100 1.76979 1.90501 1.84248
29200 1.76979 1.90501 1.84248
29300 1.76979 1.90501 1.84248
29400 1.76979 1.90501 1.84248
29500 1.76979 1.90501 1.84248
29600 1.76979 1.90501 1.84248
29700 1.76979 1.90501 1.84248
29800 1.76979 1.90501 1.84248
29900 1.76979 1.90501 1.84248
30000 1.76979 1.90501 1.84248
30100 1.76979 1.90501 1.84248
30200 1.76979 1.90501 1.84248
30300 1.76979 1.90501 1.84248
30400 1.76979 1.90501 1.84248
30500 1.76979 1.90501 1.84248
30600 1.76979 1.90501 1.84248
30700 1.76979 1.90501 1.84248
30800 1.76979 1.90501 1.84248
30900 1.76979 1.90501 1.84248
31000 1.76979 1.90501 1.84248
31100 1.76979 1.90501 1.84248
31200 1.76979 1.90501 1.84248
31300 1.76979 1.90501 1.84248
31400 1.76979 1.90501 1.84248
31500 1.76979 1.90501 1.84248
31600 1.76979 1.90501 1.84248
31700 1.76979 1.90501 1.84248
31800 1.76979 1.90501 1.84248
31900 1.76979 1.90501 1.84248
32000 1.76979 1.90501 1.84248
32100 1.76979 1.90501 1.84248
32200 1.76979 1.90501 1.84248
32300 1.76979 1.90501 1.84248
32400 1.76979 1.90501 1.84248
32500 1.76979 1.90501 1.84248
32600 1.76979 1.90501 1.84248
32700 1.76979 1.90501 1.84248
32800 1.76979 1.90501 1.84248
32900 1.76979 1.90501 1.84248
33000 1.76979 1.90501 1.84248
33100 1.76979 1.90501 1.84248
33200 1.76979 1.90501 1.84248
33300 1.76979 1.90501 1.84248
33400 1.76979 1.90501 1.84248
33500 1.76979 1.90501 1.84248
33600 1.76979 1.90501 1.84248
33700 1.76979 1.90501 1.84248
33800 1.76979 1.90501 1.84248
33900 1.76979 1.90501 1.84248
34000 1.76979 1.90501 1.84248
34100 1.76979 1.90501 1.84248
34200 1.76979 1.90501 1.84248
34300 1.76979 1.90501 1.84248
34400 1.76979 1.90501 1.84248
34500 1.76979 1.90501 1.84248
34600 1.76979 1.90501 1.84248
34700 1.76979 1.90501 1.84248
34800 1.76979 1.90501 1.84248
34900 1.76979 1.90501 1.84248
35000 1.76979 1.90501 1.84248
35100 1.76979 1.90501 1.84248
35200 1.76979 1.90501 1.84248
35300 1.76979 1.90501 1.84248
35400 1.76979 1.90501 1.84248
35500 1.76979 1.90501 1.84248
35600 1.76979 1.90501 1.84248
35700 1.76979 1.90501 1.84248
35800 1.76979 1.90501 1.84248
35900 1.76979 1.90501 1.84248
36000 1.76979 1.90501 1.84248
36100 1.76979 1.90501 1.84248
36200 1.76979 1.90501 1.84248
36300 1.76979 1.90501 1.84248
36400 1.76979 1.90501 1.84248
36500 1.76979 1.90501 1.84248
36600 1.76979 1.90501 1.84248
36700 1.76979 1.90501 1.84248
36800 1.76979 1.90501 1.84248
36900 1.76979 1.90501 1.84248
37000 1.76979 1.90501 1.84248
37100 1.76979 1.90501 1.84248
37200 1.76979 1.90501 1.84248
37300 1.76979 1.90501 1.84248
37400 1.76979 1.90501 1.84248
37500 1.76979 1.90501 1.84248
37600 1.76979 1.90501 1.84248
37700 1.76979 1.90501 1.84248
37800 1.76979 1.90501 1.84248
37900 1.76979 1.90501 1.84248
38000 1.76979 1.90501 1.84248
38100 1.76979 1.90501 1.84248
38200 1.76979 1.90501 1.84248
38300 1.76979 1.90501 1.84248
38400 1.76979 1.90501 1.84248
38500 1.76979 1.90501 1.84248
38600 1.76979 1.90501 1.84248
38700 1.76979 1.90501 1.84248
38800 1.76979 1.90501 1.84248
38900 1.76979 1.90501 1.84248
39000 1.76979 1.90501 1.84248
39100 1.76979 1.90501 1.84248
39200 1.76979 1.90501 1.84248
39300 1.76979 1.90501 1.84248
39400 1.76979 1.90501 1.84248
39500 1.76979 1.90501 1.84248
39600 1.76979 1.90501 1.84248
39700 1.76979 1.90501 1.84248
39800 1.76979 1.90501 1.84248
39900 1.76979 1.90501 1.84248
40000 1.76979 1.90501 1.84248
40100 1.76979 1.90501 1.84248
40200 1.76979 1.90501 1.84248
40300 1.76979 1.90501 1.84248
40400 1.76979 1.90501 1.84248
40500 1.76979 1.90501 1.84248
40600 1.76979 1.90501 1.84248
40700 1.76979 1.90501 1.84248
40800 1.76979 1.90501 1.84248
40900 1.76979 1.90501 1.84248
41000 1.76979 1.90501 1.84248
41100 1.76979 1.90501 1.84248
41200 1.76979 1.90501 1.84248
41300 1.76979 1.90501 1.84248
41400 1.76979 1.90501 1.84248
41500 1.76979 1.90501 1.84248
41600 1.76979 1.90501 1.84248
41700 1.76979 1.90501 1.84248
41800 1.76979 1.90501 1.84248
41900 1.76979 1.90501 1.84248
42000 1.76979 1.90501 1.84248
42100 1.76979 1.90501 1.84248
42200 1.76979 1.90501 1.84248
42300 1.76979 1.90501 1.84248
42400 1.76979 1.90501 1.84248
42500 1.76979 1.90501 1.84248
42600 1.76979 1.90501 1.84248
42700 1.76979 1.90501 1.84248
42800 1.76979 1.90501 1.84248
42900 1.76979 1.90501 1.84248
43000 1.76979 1.90501 1.84248
43100 1.76979 1.90501 1.84248
43200 1.76979 1.90501 1.84248
43300 1.76979 1.90501 1.84248
43400 1.76979 1.90501 1.84248
43500 1.76979 1.90501 1.84248
43600 1.76979 1.90501 1.84248
43700 1.76979 1.90501 1.84248
43800 1.76979 1.90501 1.84248
43900 1.76979 1.90501 1.84248
44000 1.76979 1.90501 1.84248
44100 1.76979 1.90501 1.84248
44200 1.76979 1.90501 1.84248
44300 1.76979 1.90501 1.84248
44400 1.76979 1.90501 1.84248
44500 1.76979 1.90501 1.84248
44600 1.76979 1.90501 1.84248
44700 1.76979 1.90501 1.84248
44800 1.76979 1.90501 1.84248
44900 1.76979 1.90501 1.84248
45000 1.76979 1.90501 1.84248
45100 1.76979 1.90501 1.84248
45200 1.76979 1.90501 1.84248
45300 1.76979 1.90501 1.84248
45400 1.76979 1.90501 1.84248
45500 1.76979 1.90501 1.84248
45600 1.76979 1.90501 1.84248
45700 1.76979 1.90501 1.84248
45800 1.76979 1.90501 1.84248
45900 1.76979 1.90501 1.84248
46000 1.76979 1.90501 1.84248
46100 1.76979 1.90501 1.84248
46200 1.76979 1.90501 1.84248
46300 1.76979 1.90501 1.84248
46400 1.76979 1.90501 1.84248
46500 1.76979 1.90501 1.84248
46600 1.76979 1.90501 1.84248
46700 1.76979 1.90501 1.84248
46800 1.76979 1.90501 1.84248
46900 1.76979 1.90501 1.84248
47000 1.76979 1.90501 1.84248
47100 1.76979 1.90501 1.84248
47200 1.76979 1.90501 1.84248
47300 1.76979 1.90501 1.84248
47400 1.76979 1.90501 1.84248
47500 1.76979 1.90501 1.84248
47600 1.76979 1.90501 1.84248
47700 1.76979 1.90501 1.84248
47800 1.76979 1.90501 1.84248
47900 1.76979 1.90501 1.84248
48000 1.76979 1.90501 1.84248
48100 1.76979 1.90501 1.84248
48200 1.76979 1.90501 1.84248
48300 1.76979 1.90501 1.84248
48400 1.76979 1.90501 1.84248
48500 1.76979 1.90501 1.84248
48600 1.76979 1.90501 1.84248
48700 1.76979 1.90501 1.84248
48800 1.76979 1.90501 1.84248
48900 1.76979 1.90501 1.84248
49000 1.76979 1.90501 1.84248
49100 1.76979 1.90501 1.84248
49200 1.76979 1.90501 1.84248
49300 1.76979 1.90501 1.84248
49400 1.76979 1.90501 1.84248
49500 1.76979 1.90501 1.84248
49600 1.76979 1.90501 1.84248
49700 1.76979 1.90501 1.84248
49800 1.76979 1.90501 1.84248
49900 1.76979 1.90501 1.84248
50000 1.76979 1.90501 1.84248
50100 1.76979 1.90501 1.84248
50200 1.76979 1.90501 1.84248
50300 1.76979 1.90501 1.84248
50400 1.76979 1.90501 1.84248
50500 1.76979 1.90501 1.84248
50600 1.76979 1.90501 1.84248
50700 1.76979 1.90501 1.84248
50800 1.76979 1.90501 1.84248
50900 1.76979 1.90501 1.84248
51000 1.76979 1.90501 1.84248
51100 1.76979 1.90501 1.84248
51200 1.76979 1.90501 1.84248
51300 1.76979 1.90501 1.84248
51400 1.76979 1.90501 1.84248
51500 1.76979 1.90501 1.84248
51600 1.76979 1.90501 1.84248
51700 1.76979 1.90501 1.84248
51800 1.76979 1.90501 1.84248
51900 1.76979 1.90501 1.84248
52000 1.76979 1.90501 1.84248
52100 1.76979 1.90501 1.84248
52200 1.76979 1.90501 1.84248
52300 1.76979 1.90501 1.84248
52400 1.76979 1.90501 1.84248
52500 1.76979 1.90501 1.84248
52600 1.76979 1.90501 1.84248
52700 1.76979 1.90501 1.84248
52800 1.76979 1.90501 1.84248
52900 1.76979 1.90501 1.84248
53000 1.76979 1.90501 1.84248
53100 1.76979 1.90501 1.84248
53200 1.76979 1.90501 1.84248
53300 1.76979 1.90501 1.84248
53400 1.76979 1.90501 1.84248
53500 1.76979 1.90501 1.84248
53600 1.76979 1.90501 1.84248
53700 1.76979 1.90501 1.84248
53800 1.76979 1.90501 1.84248
53900 1.76979 1.90501 1.84248
54000 1.76979 1.90501 1.84248
54100 1.76979 1.90501 1.84248
54200 1.76979 1.90501 1.84248
54300 1.76979 1.90501 1.84248
54400 1.76979 1.90501 1.84248
54500 1.76979 1.90501 1.84248
54600 1.76979 1.90501 1.84248
54700 1.76979 1.90501 1.84248
54800 1.76979 1.90501 1.84248
54900 1.76979 1.90501 1.84248
55000 1.76979 1.90501 1.84248
55100 1.76979 1.90501 1.84248
55200 1.76979 1.90501 1.84248
55300 1.76979 1.90501 1.84248
55400 1.76979 1.90501 1.84248
55500 1.76979 1.90501 1.84248
55600 1.76979 1.90501 1.84248
55700 1.76979 1.90501 1.84248
55800 1.76979 1.90501 1.84248
55900 1.76979 1.90501 1.84248
56000 1.76979 1.90501 1.84248
56100 1.76979 1.90501 1.84248
56200 1.76979 1.90501 1.84248
56300 1.76979 1.90501 1.84248
56400 1.76979 1.90501 1.84248
56500 1.76979 1.90501 1.84248
56600 1.76979 1.90501 1.84248
56700 1.76979 1.90501 1.84248
56800 1.76979 1.90501 1.84248
56900 1.76979 1.90501 1.84248
57000 1.76979 1.90501 1.84248
57100 1.76979 1.90501 1.84248
57200 1.76979 1.90501 1.84248
57300 1.76979 1.90501 1.84248
57400 1.76979 1.90501 1.84248
57500 1.76979 1.90501 1.84248
57600 1.76979 1.90501 1.84248
57700 1.76979 1.90501 1.84248
57800 1.76979 1.90501 1.84248
57900 1.76979 1.90501 1.84248
58000 1.76979 1.90501 1.84248
58100 1.76979 1.90501 1.84248
58200 1.76979 1.90501 1.84248
58300 1.76979 1.90501 1.84248
58400 1.76979 1.90501 1.84248
58500 1.76979 1.90501 1.84248
58600 1.76979 1.90501 1.84248
58700 1.76979 1.90501 1.84248
58800 1.76979 1.90501 1.84248
58900 1.76979 1.90501 1.84248
59000 1.76979 1.90501 1.84248
59100 1.76979 1.90501 1.84248
59200 1.76979 1.90501 1.84248
59300 1.76979 1.90501 1.84248
59400 1.76979 1.90501 1.84248
59500 1.76979 1.90501 1.84248
59600 1.76979 1.90501 1.84248
59700 1.76979 1.90501 1.84248
59800 1.76979 1.90501 1.84248
59900 1.76979 1.90501 1.84248
60000 1.76979 1.90501 1.84248
60100 1.76979 1.90501 1.84248
60200 1.76979 1.90501 1.84248
60300 1.76979 1.90501 1.84248
60400 1.76979 1.90501 1.84248
60500 1.76979 1.90501 1.84248
60600 1.76979 1.90501 1.84248
60700 1.76979 1.90501 1.84248
60800 1.76979 1.90501 1.84248
60900 1.76979 1.90501 1.84248
61000 1.76979 1.90501 1.84248
61100 1.76979 1.90501 1.84248
61200 1.76979 1.90501 1.84248
61300 1.76979 1.90501 1.84248
61400 1.76979 1.90501 1.84248
61500 1.76979 1.90501 1.84248
61600 1.76979 1.90501 1.84248
61700 1.76979 1.90501 1.84248
61800 1.76979 1.90501 1.84248
61900 1.76979 1.90501 1.84248
62000 1.76979 1.90501 1.84248
62100 1.76979 1.90501 1.84248
62200 1.76979 1.90501 1.84248
62300 1.76979 1.90501 1.84248
62400 1.76979 1.90501 1.84248
62500 1.76979 1.90501 1.84248
62600 1.76979 1.90501 1.84248
62700 1.76979 1.90501 1.84248
62800 1.76979 1.90501 1.84248
62900 1.76979 1.90501 1.84248
63000 1.76979 1.90501 1.84248
63100 1.76979 1.90501 1.84248
63200 1.76979 1.90501 1.84248
63300 1.76979 1.90501 1.84248
63400 1.76979 1.90501 1.84248
63500 1.76979 1.90501 1.84248
63600 1.76979 1.90501 1.84248
63700 1.76979 1.90501 1.84248
63800 1.76979 1.90501 1.84248
63900 1.76979 1.90501 1.84248
64000 1.76979 1.90501 1.84248
64100 1.76979 1.90501 1.84248
64200 1.76979 1.90501 1.84248
64300 1.76979 1.90501 1.84248
64400 1.76979 1.90501 1.84248
64500 1.76979 1.90501 1.84248
64600 1.76979 1.90501 1.84248
64700 1.76979 1.90501 1.84248
64800 1.76979 1.90501 1.84248
64900 1.76979 1.90501 1.84248
65000 1.76979 1.90501 1.84248
65100 1.76979 1.90501 1.84248
65200 1.76979 1.90501 1.84248
65300 1.76979 1.90501 1.84248
65400 1.76979 1.90501 1.84248
65500 1.76979 1.90501 1.84248
65600 1.76979 1.90501 1.84248
65700 1.76979 1.90501 1.84248
65800 1.76979 1.90501 1.84248
65900 1.76979 1.90501 1.84248
66000 1.76979 1.90501 1.84248
66100 1.76979 1.90501 1.84248
66200 1.76979 1.90501 1.84248
66300 1.76979 1.90501 1.84248
66400 1.76979 1.90501 1.84248
66500 1.76979 1.90501 1.84248
66600 1.76979 1.90501 1.84248
66700 1.76979 1.90501 1.84248
66800 1.76979 1.90501 1.84248
66900 1.76979 1.90501 1.84248
67000 1.76979 1.90501 1.84248
67100 1.76979 1.90501 1.84248
67200 1.76979 1.90501 1.84248
67300 1.76979 1.90501 1.84248
67400 1.76979 1.90501 1.84248
67500 1.76979 1.90501 1.84248
67600 1.76979 1.90501 1.84248
67700 1.76979 1.90501 1.84248
67800 1.76979 1.90501 1.84248
67900 1.76979 1.90501 1.84248
68000 1.76979 1.90501 1.84248
68100 1.76979 1.90501 1.84248
68200 1.76979 1.90501 1.84248
68300 1.76979 1.90501 1.84248
68400 1.76979 1.90501 1.84248
68500 1.76979 1.90501 1.84248
68600 1.76979 1.90501 1.84248
68700 1.76979 1.90501 1.84248
68800 1.76979 1.90501 1.84248
68900 1.76979 1.90501 1.84248
69000 1.76979 1.90501 1.84248
69100 1.76979 1.90501 1.84248
69200 1.76979 1.90501 1.84248
69300 1.76979 1.90501 1.84248
69400 1.76979 1.90501 1.84248
69500 1.76979 1.90501 1.84248
69600 1.76979 1.90501 1.84248
69700 1.76979 1.90501 1.84248
69800 1.76979 1.90501 1.84248
69900 1.76979 1.90501 1.84248
70000 1.76979 1.90501 1.84248
70100 1.76979 1.90501 1.84248
70200 1.76979 1.90501 1.84248
70300 1.76979 1.90501 1.84248
70400 1.76979 1.90501 1.84248
70500 1.76979 1.90501 1.84248
70600 1.76979 1.90501 1.84248
70700 1.76979 1.90501 1.84248
70800 1.76979 1.90501 1.84248
70900 1.76979 1.90501 1.84248
71000 1.76979 1.90501 1.84248
71100 1.76979 1.90501 1.84248
71200 1.76979 1.90501 1.84248
71300 1.76979 1.90501 1.84248
71400 1.76979 1.90501 1.84248
71500 1.76979 1.90501 1.84248
71600 1.76979 1.90501 1.84248
71700 1.76979 1.90501 1.84248
71800 1.76979 1.90501 1.84248
71900 1.76979 1.90501 1.84248
72000 1.76979 1.90501 1.84248
72100 1.76979 1.90501 1.84248
72200 1.76979 1.90501 1.84248
72300 1.76979 1.90501 1.84248
72400 1.76979 1.90501 1.84248
72500 1.76979 1.90501 1.84248
72600 1.76979 1.90501 1.84248
72700 1.76979 1.90501 1.84248
72800 1.76979 1.90501 1.84248
72900 1.76979 1.90501 1.84248
73000 1.76979 1.90501 1.84248
73100 1.76979 1.90501 1.84248
73200 1.76979 1.90501 1.84248
73300 1.76979 1.90501 1.84248
73400 1.76979 1.90501 1.84248
73500 1.76979 1.90501 1.84248
73600 1.76979 1.90501 1.84248
73700 1.76979 1.90501 1.84248
73800 1.76979 1.90501 1.84248
73900 1.76979 1.90501 1.84248
74000 1.76979 1.90501 1.84248
74100 1.76979 1.90501 1.84248
74200 1.76979 1.90501 1.84248
74300 1.76979 1.90501 1.84248
74400 1.76979 1.90501 1.84248
74500 1.76979 1.90501 1.84248
74600 1.76979 1.90501 1.84248
74700 1.76979 1.90501 1.84248
74800 1.76979 1.90501 1.84248
74900 1.76979 1.90501 1.84248
75000 1.76979 1.90501 1.84248
75100 1.76979 1.90501 1.84248
75200 1.76979 1.90501 1.84248
75300 1.76979 1.90501 1.84248
75400 1.76979 1.90501 1.84248
75500 1.76979 1.90501 1.84248
75600 1.76979 1.90501 1.84248
75700 1.76979 1.90501 1.84248
75800 1.76979 1.90501 1.84248
75900 1.76979 1.90501 1.84248
76000 1.76979 1.90501 1.84248
76100 1.76979 1.90501 1.84248
76200 1.76979 1.90501 1.84248
76300 1.76979 1.90501 1.84248
76400 1.76979 1.90501 1.84248
76500 1.76979 1.90501 1.84248
76600 1.76979 1.90501 1.84248
76700 1.76979 1.90501 1.84248
76800 1.76979 1.90501 1.84248
76900 1.76979 1.90501 1.84248
77000 1.76979 1.90501 1.84248
77100 1.76979 1.90501 1.84248
77200 1.76979 1.90501 1.84248
77300 1.76979 1.90501 1.84248
77400 1.76979 1.90501 1.84248
77500 1.76979 1.90501 1.84248
77600 1.76979 1.90501 1.84248
77700 1.76979 1.90501 1.84248
77800 1.76979 1.90501 1.84248
77900 1.76979 1.90501 1.84248
78000 1.76979 1.90501 1.84248
78100 1.76979 1.90501 1.84248
78200 1.76979 1.90501 1.84248
78300 1.76979 1.90501 1.84248
78400 1.76979 1.90501 1.84248
78500 1.76979 1.90501 1.84248
78600 1.76979 1.90501 1.84248
78700 1.76979 1.90501 1.84248
78800 1.76979 1.90501 1.84248
78900 1.76979 1.90501 1.84248
79000 1.76979 1.90501 1.84248
79100 1.76979 1.90501 1.84248
79200 1.76979 1.90501 1.84248
79300 1.76979 1.90501 1.84248
79400 1.76979 1.90501 1.84248
79500 1.76979 1.90501 1.84248
79600 1.76979 1.90501 1.84248
79700 1.76979 1.90501 1.84248
79800 1.76979 1.90501 1.84248
79900 1.76979 1.90501 1.84248
80000 1.76979 1.90501 1.84248
80100 1.76979 1.90501 1.84248
80200 1.76979 1.90501 1.84248
80300 1.76979 1.90501 1.84248
80400 1.76979 1.90501 1.84248
80500 1.76979 1.90501 1.84248
80600 1.76979 1.90501 1.84248
80700 1.76979 1.90501 1.84248
80800 1.76979 1.90501 1.84248
80900 1.76979 1.90501 1.84248
81000 1.76979 1.90501 1.84248
81100 1.76979 1.90501 1.84248
81200 1.76979 1.90501 1.84248
81300 1.76979 1.90501 1.84248
81400 1.76979 1.90501 1.84248
81500 1.76979 1.90501 1.84248
81600 1.76979 1.90501 1.84248
81700 1.76979 1.90501 1.84248
81800 1.76979 1.90501 1.84248
81900 1.76979 1.90501 1.84248
82000 1.76979 1.90501 1.84248
82100 1.76979 1.90501 1.84248
82200 1.76979 1.90501 1.84248
82300 1.76979 1.90501 1.84248
82400 1.76979 1.90501 1.84248
82500 1.76979 1.90501 1.84248
82600 1.76979 1.90501 1.84248
82700 1.76979 1.90501 1.84248
82800 1.76979 1.90501 1.84248
82900 1.76979 1.90501 1.84248
83000 1.76979 1.90501 1.84248
83100 1.76979 1.90501 1.84248
83200 1.76979 1.90501 1.84248
83300 1.76979 1.90501 1.84248
83400 1.76979 1.90501 1.84248
83500 1.76979 1.90501 1.84248
83600 1.76979 1.90501 1.84248
83700 1.76979 1.90501 1.84248
83800 1.76979 1.90501 1.84248
83900 1.76979 1.90501 1.84248
84000 1.76979 1.90501 1.84248
84100 1.76979 1.90501 1.84248
84200 1.76979 1.90501 1.84248
84300 1.76979 1.90501 1.84248
84400 1.76979 1.90501 1.84248
84500 1.76979 1.90501 1.84248
84600 1.76979 1.90501 1.84248
84700 1.76979 1.90501 1.84248
84800 1.76979 1.90501 1.84248
84900 1.76979 1.90501 1.84248
85000 1.76979 1.90501 1.84248
85100 1.76979 1.90501 1.84248
85200 1.76979 1.90501 1.84248
85300 1.76979 1.90501 1.84248
85400 1.76979 1.90501 1.84248
85500 1.76979 1.90501 1.84248
85600 1.76979 1.90501 1.84248
85700 1.76979 1.90501 1.84248
85800 1.76979 1.90501 1.84248
85900 1.76979 1.90501 1.84248
86000 1.76979 1.90501 1.84248
86100 1.76979 1.90501 1.84248
86200 1.76979 1.90501 1.84248
86300 1.76979 1.90501 1.84248
86400 1.76979 1.90501 1.84248
86500 1.76979 1.90501 1.84248
86600 1.76979 1.90501 1.84248
86700 1.76979 1.90501 1.84248
86800 1.76979 1.90501 1.84248
86900 1.76979 1.90501 1.84248
87000 1.76979 1.90501 1.84248
87100 1.76979 1.90501 1.84248
87200 1.76979 1.90501 1.84248
87300 1.76979 1.90501 1.84248
87400 1.76979 1.90501 1.84248
87500 1.76979 1.90501 1.84248
87600 1.76979 1.90501 1.84248
87700 1.76979 1.90501 1.84248
87800 1.76979 1.90501 1.84248
87900 1.76979 1.90501 1.84248
88000 1.76979 1.90501 1.84248
88100 1.76979 1.90501 1.84248
88200 1.76979 1.90501 1.84248
88300 1.76979 1.90501 1.84248
88400 1.76979 1.90501 1.84248
88500 1.76979 1.90501 1.84248
88600 1.76979 1.90501 1.84248
88700 1.76979 1.90501 1.84248
88800 1.76979 1.90501 1.84248
88900 1.76979 1.90501 1.84248
89000 1.76979 1.90501 1.84248
89100 1.76979 1.90501 1.84248
89200 1.76979 1.90501 1.84248
89300 1.76979 1.90501 1.84248
89400 1.76979 1.90501 1.84248
89500 1.76979 1.90501 1.84248
89600 1.76979 1.90501 1.84248
89700 1.76979 1.90501 1.84248
89800 1.76979 1.90501 1.84248
89900 1.76979 1.90501 1.84248
90000 1.76979 1.90501 1.84248
90100 1.76979 1.90501 1.84248
90200 1.76979 1.90501 1.84248
90300 1.76979 1.90501 1.84248
90400 1.76979 1.90501 1.84248
90500 1.76979 1.90501 1.84248
90600 1.76979 1.90501 1.84248
90700 1.76979 1.90501 1.84248
90800 1.76979 1.90501 1.84248
90900 1.76979 1.90501 1.84248
91000 1.76979 1.90501 1.84248
91100 1.76979 1.90501 1.84248
91200 1.76979 1.90501 1.84248
91300 1.76979 1.90501 1.84248
91400 1.76979 1.90501 1.84248
91500 1.76979 1.90501 1.84248
91600 1.76979 1.90501 1.84248
91700 1.76979 1.90501 1.84248
91800 1.76979 1.90501 1.84248
91900 1.76979 1.90501 1.84248
92000 1.76979 1.90501 1.84248
92100 1.76979 1.90501 1.84248
92200 1.76979 1.90501 1.84248
92300 1.76979 1.90501 1.84248
92400 1.76979 1.90501 1.84248
92500 1.76979 1.90501 1.84248
92600 1.76979 1.90501 1.84248
92700 1.76979 1.90501 1.84248
92800 1.76979 1.90501 1.84248
92900 1.76979 1.90501 1.84248
93000 1.76979 1.90501 1.84248
93100 1.76979 1.90501 1.84248
93200 1.76979 1.90501 1.84248
93300 1.76979 1.90501 1.84248
93400 1.76979 1.90501 1.84248
93500 1.76979 1.90501 1.84248
93600 1.76979 1.90501 1.84248
93700 1.76979 1.90501 1.84248
93800 1.76979 1.90501 1.84248
93900 1.76979 1.90501 1.84248
94000 1.76979 1.90501 1.84248
94100 1.76979 1.90501 1.84248
94200 1.76979 1.90501 1.84248
94300 1.76979 1.90501 1.84248
94400 1.76979 1.90501 1.84248
94500 1.76979 1.90501 1.84248
94600 1.76979 1.90501 1.84248
94700 1.76979 1.90501 1.84248
94800 1.76979 1.90501 1.84248
94900 1.76979 1.90501 1.84248
95000 1.76979 1.90501 1.84248
95100 1.76979 1.90501 1.84248
95200 1.76979 1.90501 1.84248
95300 1.76979 1.90501 1.84248
95400 1.76979 1.90501 1.84248
95500 1.76979 1.90501 1.84248
95600 1.76979 1.90501 1.84248
95700 1.76979 1.90501 1.84248
95800 1.76979 1.90501 1.84248
95900 1.76979 1.90501 1.84248
96000 1.76979 1.90501 1.84248
96100 1.76979 1.90501 1.84248
96200 1.76979 1.90501 1.84248
96300 1.76979 1.90501 1.84248
96400 1.76979 1.90501 1.84248
96500 1.76979 1.90501 1.84248
96600 1.76979 1.90501 1.84248
96700 1.76979 1.90501 1.84248
96800 1.76979 1.90501 1.84248
96900 1.76979 1.90501 1.84248
97000 1.76979 1.90501 1.84248
97100 1.76979 1.90501 1.84248
97200 1.76979 1.90501 1.84248
97300 1.76979 1.90501 1.84248
97400 1.76979 1.90501 1.84248
97500 1.76979 1.90501 1.84248
97600 1.76979 1.90501 1.84248
97700 1.76979 1.90501 1.84248
97800 1.76979 1.90501 1.84248
97900 1.76979 1.90501 1.84248
98000 1.76979 1.90501 1.84248
98100 1.76979 1.90501 1.84248
98200 1.76979 1.90501 1.84248
98300 1.76979 1.90501 1.84248
98400 1.76979 1.90501 1.84248
98500 1.76979 1.90501 1.84248
98600 1.76979 1.90501 1.84248
98700 1.76979 1.90501 1.84248
98800 1.76979 1.90501 1.84248
98900 1.76979 1.90501 1.84248
99000 1.76979 1.90501 1.84248
99100 1.76979 1.90501 1.84248
99200 1.76979 1.90501 1.84248
99300 1.76979 1.90501 1.84248
99400 1.76979 1.90501 1.84248
99500 1.76979 1.90501 1.84248
99600 1.76979 1.90501 1.84248
99700 1.76979 1.90501 1.84248
99800 1.76979 1.90501 1.84248
99900 1.76979 1.90501 1.84248
100000 1.76979 1.90501 1.84248
100100 1.76979 1.90501 1.84248
