# Time-averaged data for fix com
# TimeStep c_com[1] c_com[2] c_com[3]
1000 1.53803 2.14194 2.15001
2000 1.53803 2.14194 2.15001
3000 1.53803 2.14194 2.15001
4000 1.53803 2.14194 2.15001
5000 1.53803 2.14194 2.15001
6000 1.53803 2.14194 2.15001
7000 1.53803 2.14194 2.15001
8000 1.53803 2.14194 2.15001
9000 1.53803 2.14194 2.15001
10000 1.53803 2.14194 2.15001
11000 1.53803 2.14194 2.15001
12000 1.53803 2.14194 2.15001
13000 1.53803 2.14194 2.15001
14000 1.53803 2.14194 2.15001
15000 1.53803 2.14194 2.15001
16000 1.53803 2.14194 2.15001
17000 1.53803 2.14194 2.15001
18000 1.53803 2.14194 2.15001
19000 1.53803 2.14194 2.15001
20000 1.53803 2.14194 2.15001
21000 1.53803 2.14194 2.15001
22000 1.53803 2.14194 2.15001
23000 1.53803 2.14194 2.15001
24000 1.53803 2.14194 2.15001
25000 1.53803 2.14194 2.15001
26000 1.53803 2.14194 2.15001
27000 1.53803 2.14194 2.15001
28000 1.53803 2.14194 2.15001
29000 1.53803 2.14194 2.15001
30000 1.53803 2.14194 2.15001
31000 1.53803 2.14194 2.15001
32000 1.53803 2.14194 2.15001
33000 1.53803 2.14194 2.15001
34000 1.53803 2.14194 2.15001
35000 1.53803 2.14194 2.15001
36000 1.53803 2.14194 2.15001
37000 1.53803 2.14194 2.15001
38000 1.53803 2.14194 2.15001
39000 1.53803 2.14194 2.15001
40000 1.53803 2.14194 2.15001
41000 1.53803 2.14194 2.15001
42000 1.53803 2.14194 2.15001
43000 1.53803 2.14194 2.15001
44000 1.53803 2.14194 2.15001
45000 1.53803 2.14194 2.15001
46000 1.53803 2.14194 2.15001
47000 1.53803 2.14194 2.15001
48000 1.53803 2.14194 2.15001
49000 1.53803 2.14194 2.15001
50000 1.53803 2.14194 2.15001
51000 1.53803 2.14194 2.15001
52000 1.53803 2.14194 2.15001
53000 1.53803 2.14194 2.15001
54000 1.53803 2.14194 2.15001
55000 1.53803 2.14194 2.15001
56000 1.53803 2.14194 2.15001
57000 1.53803 2.14194 2.15001
58000 1.53803 2.14194 2.15001
59000 1.53803 2.14194 2.15001
60000 1.53803 2.14194 2.15001
61000 1.53803 2.14194 2.15001
62000 1.53803 2.14194 2.15001
63000 1.53803 2.14194 2.15001
64000 1.53803 2.14194 2.15001
65000 1.53803 2.14194 2.15001
66000 1.53803 2.14194 2.15001
67000 1.53803 2.14194 2.15001
68000 1.53803 2.14194 2.15001
69000 1.53803 2.14194 2.15001
70000 1.53803 2.14194 2.15001
71000 1.53803 2.14194 2.15001
72000 1.53803 2.14194 2.15001
73000 1.53803 2.14194 2.15001
74000 1.53803 2.14194 2.15001
75000 1.53803 2.14194 2.15001
76000 1.53803 2.14194 2.15001
77000 1.53803 2.14194 2.15001
78000 1.53803 2.14194 2.15001
79000 1.53803 2.14194 2.15001
80000 1.53803 2.14194 2.15001
81000 1.53803 2.14194 2.15001
82000 1.53803 2.14194 2.15001
83000 1.53803 2.14194 2.15001
84000 1.53803 2.14194 2.15001
85000 1.53803 2.14194 2.15001
86000 1.53803 2.14194 2.15001
87000 1.53803 2.14194 2.15001
88000 1.53803 2.14194 2.15001
89000 1.53803 2.14194 2.15001
90000 1.53803 2.14194 2.15001
91000 1.53803 2.14194 2.15001
92000 1.53803 2.14194 2.15001
93000 1.53803 2.14194 2.15001
94000 1.53803 2.14194 2.15001
95000 1.53803 2.14194 2.15001
96000 1.53803 2.14194 2.15001
97000 1.53803 2.14194 2.15001
98000 1.53803 2.14194 2.15001
99000 1.53803 2.14194 2.15001
100000 1.53803 2.14194 2.15001
101000 1.53803 2.14194 2.15001
102000 1.53803 2.14194 2.15001
103000 1.53803 2.14194 2.15001
104000 1.53803 2.14194 2.15001
105000 1.53803 2.14194 2.15001
106000 1.53803 2.14194 2.15001
107000 1.53803 2.14194 2.15001
108000 1.53803 2.14194 2.15001
109000 1.53803 2.14194 2.15001
110000 1.53803 2.14194 2.15001
111000 1.53803 2.14194 2.15001
112000 1.53803 2.14194 2.15001
113000 1.53803 2.14194 2.15001
114000 1.53803 2.14194 2.15001
115000 1.53803 2.14194 2.15001
116000 1.53803 2.14194 2.15001
117000 1.53803 2.14194 2.15001
118000 1.53803 2.14194 2.15001
119000 1.53803 2.14194 2.15001
120000 1.53803 2.14194 2.15001
121000 1.53803 2.14194 2.15001
122000 1.53803 2.14194 2.15001
123000 1.53803 2.14194 2.15001
124000 1.53803 2.14194 2.15001
125000 1.53803 2.14194 2.15001
126000 1.53803 2.14194 2.15001
127000 1.53803 2.14194 2.15001
128000 1.53803 2.14194 2.15001
129000 1.53803 2.14194 2.15001
130000 1.53803 2.14194 2.15001
131000 1.53803 2.14194 2.15001
132000 1.53803 2.14194 2.15001
133000 1.53803 2.14194 2.15001
134000 1.53803 2.14194 2.15001
135000 1.53803 2.14194 2.15001
136000 1.53803 2.14194 2.15001
137000 1.53803 2.14194 2.15001
138000 1.53803 2.14194 2.15001
139000 1.53803 2.14194 2.15001
140000 1.53803 2.14194 2.15001
141000 1.53803 2.14194 2.15001
142000 1.53803 2.14194 2.15001
143000 1.53803 2.14194 2.15001
144000 1.53803 2.14194 2.15001
145000 1.53803 2.14194 2.15001
146000 1.53803 2.14194 2.15001
147000 1.53803 2.14194 2.15001
148000 1.53803 2.14194 2.15001
149000 1.53803 2.14194 2.15001
150000 1.53803 2.14194 2.15001
151000 1.53803 2.14194 2.15001
152000 1.53803 2.14194 2.15001
153000 1.53803 2.14194 2.15001
154000 1.53803 2.14194 2.15001
155000 1.53803 2.14194 2.15001
156000 1.53803 2.14194 2.15001
157000 1.53803 2.14194 2.15001
158000 1.53803 2.14194 2.15001
159000 1.53803 2.14194 2.15001
160000 1.53803 2.14194 2.15001
161000 1.53803 2.14194 2.15001
162000 1.53803 2.14194 2.15001
163000 1.53803 2.14194 2.15001
164000 1.53803 2.14194 2.15001
165000 1.53803 2.14194 2.15001
166000 1.53803 2.14194 2.15001
167000 1.53803 2.14194 2.15001
168000 1.53803 2.14194 2.15001
169000 1.53803 2.14194 2.15001
170000 1.53803 2.14194 2.15001
171000 1.53803 2.14194 2.15001
172000 1.53803 2.14194 2.15001
173000 1.53803 2.14194 2.15001
174000 1.53803 2.14194 2.15001
175000 1.53803 2.14194 2.15001
176000 1.53803 2.14194 2.15001
177000 1.53803 2.14194 2.15001
178000 1.53803 2.14194 2.15001
179000 1.53803 2.14194 2.15001
180000 1.53803 2.14194 2.15001
181000 1.53803 2.14194 2.15001
182000 1.53803 2.14194 2.15001
183000 1.53803 2.14194 2.15001
184000 1.53803 2.14194 2.15001
185000 1.53803 2.14194 2.15001
186000 1.53803 2.14194 2.15001
187000 1.53803 2.14194 2.15001
188000 1.53803 2.14194 2.15001
189000 1.53803 2.14194 2.15001
190000 1.53803 2.14194 2.15001
191000 1.53803 2.14194 2.15001
192000 1.53803 2.14194 2.15001
193000 1.53803 2.14194 2.15001
194000 1.53803 2.14194 2.15001
195000 1.53803 2.14194 2.15001
196000 1.53803 2.14194 2.15001
197000 1.53803 2.14194 2.15001
198000 1.53803 2.14194 2.15001
199000 1.53803 2.14194 2.15001
200000 1.53803 2.14194 2.15001
201000 1.53803 2.14194 2.15001
202000 1.53803 2.14194 2.15001
203000 1.53803 2.14194 2.15001
204000 1.53803 2.14194 2.15001
205000 1.53803 2.14194 2.15001
206000 1.53803 2.14194 2.15001
207000 1.53803 2.14194 2.15001
208000 1.53803 2.14194 2.15001
209000 1.53803 2.14194 2.15001
210000 1.53803 2.14194 2.15001
211000 1.53803 2.14194 2.15001
212000 1.53803 2.14194 2.15001
213000 1.53803 2.14194 2.15001
214000 1.53803 2.14194 2.15001
215000 1.53803 2.14194 2.15001
216000 1.53803 2.14194 2.15001
217000 1.53803 2.14194 2.15001
218000 1.53803 2.14194 2.15001
219000 1.53803 2.14194 2.15001
220000 1.53803 2.14194 2.15001
221000 1.53803 2.14194 2.15001
222000 1.53803 2.14194 2.15001
223000 1.53803 2.14194 2.15001
224000 1.53803 2.14194 2.15001
225000 1.53803 2.14194 2.15001
226000 1.53803 2.14194 2.15001
227000 1.53803 2.14194 2.15001
228000 1.53803 2.14194 2.15001
229000 1.53803 2.14194 2.15001
230000 1.53803 2.14194 2.15001
231000 1.53803 2.14194 2.15001
232000 1.53803 2.14194 2.15001
233000 1.53803 2.14194 2.15001
234000 1.53803 2.14194 2.15001
235000 1.53803 2.14194 2.15001
236000 1.53803 2.14194 2.15001
237000 1.53803 2.14194 2.15001
238000 1.53803 2.14194 2.15001
239000 1.53803 2.14194 2.15001
240000 1.53803 2.14194 2.15001
241000 1.53803 2.14194 2.15001
242000 1.53803 2.14194 2.15001
243000 1.53803 2.14194 2.15001
244000 1.53803 2.14194 2.15001
245000 1.53803 2.14194 2.15001
246000 1.53803 2.14194 2.15001
247000 1.53803 2.14194 2.15001
248000 1.53803 2.14194 2.15001
249000 1.53803 2.14194 2.15001
250000 1.53803 2.14194 2.15001
251000 1.53803 2.14194 2.15001
252000 1.53803 2.14194 2.15001
253000 1.53803 2.14194 2.15001
254000 1.53803 2.14194 2.15001
255000 1.53803 2.14194 2.15001
256000 1.53803 2.14194 2.15001
257000 1.53803 2.14194 2.15001
258000 1.53803 2.14194 2.15001
259000 1.53803 2.14194 2.15001
260000 1.53803 2.14194 2.15001
261000 1.53803 2.14194 2.15001
262000 1.53803 2.14194 2.15001
263000 1.53803 2.14194 2.15001
264000 1.53803 2.14194 2.15001
265000 1.53803 2.14194 2.15001
266000 1.53803 2.14194 2.15001
267000 1.53803 2.14194 2.15001
268000 1.53803 2.14194 2.15001
269000 1.53803 2.14194 2.15001
270000 1.53803 2.14194 2.15001
271000 1.53803 2.14194 2.15001
272000 1.53803 2.14194 2.15001
273000 1.53803 2.14194 2.15001
274000 1.53803 2.14194 2.15001
275000 1.53803 2.14194 2.15001
276000 1.53803 2.14194 2.15001
277000 1.53803 2.14194 2.15001
278000 1.53803 2.14194 2.15001
279000 1.53803 2.14194 2.15001
280000 1.53803 2.14194 2.15001
281000 1.53803 2.14194 2.15001
282000 1.53803 2.14194 2.15001
283000 1.53803 2.14194 2.15001
284000 1.53803 2.14194 2.15001
285000 1.53803 2.14194 2.15001
286000 1.53803 2.14194 2.15001
287000 1.53803 2.14194 2.15001
288000 1.53803 2.14194 2.15001
289000 1.53803 2.14194 2.15001
290000 1.53803 2.14194 2.15001
291000 1.53803 2.14194 2.15001
292000 1.53803 2.14194 2.15001
293000 1.53803 2.14194 2.15001
294000 1.53803 2.14194 2.15001
295000 1.53803 2.14194 2.15001
296000 1.53803 2.14194 2.15001
297000 1.53803 2.14194 2.15001
298000 1.53803 2.14194 2.15001
299000 1.53803 2.14194 2.15001
300000 1.53803 2.14194 2.15001
301000 1.53803 2.14194 2.15001
302000 1.53803 2.14194 2.15001
303000 1.53803 2.14194 2.15001
304000 1.53803 2.14194 2.15001
305000 1.53803 2.14194 2.15001
306000 1.53803 2.14194 2.15001
307000 1.53803 2.14194 2.15001
308000 1.53803 2.14194 2.15001
309000 1.53803 2.14194 2.15001
310000 1.53803 2.14194 2.15001
311000 1.53803 2.14194 2.15001
312000 1.53803 2.14194 2.15001
313000 1.53803 2.14194 2.15001
314000 1.53803 2.14194 2.15001
315000 1.53803 2.14194 2.15001
316000 1.53803 2.14194 2.15001
317000 1.53803 2.14194 2.15001
318000 1.53803 2.14194 2.15001
319000 1.53803 2.14194 2.15001
320000 1.53803 2.14194 2.15001
321000 1.53803 2.14194 2.15001
322000 1.53803 2.14194 2.15001
323000 1.53803 2.14194 2.15001
324000 1.53803 2.14194 2.15001
325000 1.53803 2.14194 2.15001
326000 1.53803 2.14194 2.15001
327000 1.53803 2.14194 2.15001
328000 1.53803 2.14194 2.15001
329000 1.53803 2.14194 2.15001
330000 1.53803 2.14194 2.15001
331000 1.53803 2.14194 2.15001
332000 1.53803 2.14194 2.15001
333000 1.53803 2.14194 2.15001
334000 1.53803 2.14194 2.15001
335000 1.53803 2.14194 2.15001
336000 1.53803 2.14194 2.15001
337000 1.53803 2.14194 2.15001
338000 1.53803 2.14194 2.15001
339000 1.53803 2.14194 2.15001
340000 1.53803 2.14194 2.15001
341000 1.53803 2.14194 2.15001
342000 1.53803 2.14194 2.15001
343000 1.53803 2.14194 2.15001
344000 1.53803 2.14194 2.15001
345000 1.53803 2.14194 2.15001
346000 1.53803 2.14194 2.15001
347000 1.53803 2.14194 2.15001
348000 1.53803 2.14194 2.15001
349000 1.53803 2.14194 2.15001
350000 1.53803 2.14194 2.15001
351000 1.53803 2.14194 2.15001
352000 1.53803 2.14194 2.15001
353000 1.53803 2.14194 2.15001
354000 1.53803 2.14194 2.15001
355000 1.53803 2.14194 2.15001
356000 1.53803 2.14194 2.15001
357000 1.53803 2.14194 2.15001
358000 1.53803 2.14194 2.15001
359000 1.53803 2.14194 2.15001
360000 1.53803 2.14194 2.15001
361000 1.53803 2.14194 2.15001
362000 1.53803 2.14194 2.15001
363000 1.53803 2.14194 2.15001
364000 1.53803 2.14194 2.15001
365000 1.53803 2.14194 2.15001
366000 1.53803 2.14194 2.15001
367000 1.53803 2.14194 2.15001
368000 1.53803 2.14194 2.15001
369000 1.53803 2.14194 2.15001
370000 1.53803 2.14194 2.15001
371000 1.53803 2.14194 2.15001
372000 1.53803 2.14194 2.15001
373000 1.53803 2.14194 2.15001
374000 1.53803 2.14194 2.15001
375000 1.53803 2.14194 2.15001
376000 1.53803 2.14194 2.15001
377000 1.53803 2.14194 2.15001
378000 1.53803 2.14194 2.15001
379000 1.53803 2.14194 2.15001
380000 1.53803 2.14194 2.15001
381000 1.53803 2.14194 2.15001
382000 1.53803 2.14194 2.15001
383000 1.53803 2.14194 2.15001
384000 1.53803 2.14194 2.15001
385000 1.53803 2.14194 2.15001
386000 1.53803 2.14194 2.15001
387000 1.53803 2.14194 2.15001
388000 1.53803 2.14194 2.15001
389000 1.53803 2.14194 2.15001
390000 1.53803 2.14194 2.15001
391000 1.53803 2.14194 2.15001
392000 1.53803 2.14194 2.15001
393000 1.53803 2.14194 2.15001
394000 1.53803 2.14194 2.15001
395000 1.53803 2.14194 2.15001
396000 1.53803 2.14194 2.15001
397000 1.53803 2.14194 2.15001
398000 1.53803 2.14194 2.15001
399000 1.53803 2.14194 2.15001
400000 1.53803 2.14194 2.15001
401000 1.53803 2.14194 2.15001
402000 1.53803 2.14194 2.15001
403000 1.53803 2.14194 2.15001
404000 1.53803 2.14194 2.15001
405000 1.53803 2.14194 2.15001
406000 1.53803 2.14194 2.15001
407000 1.53803 2.14194 2.15001
408000 1.53803 2.14194 2.15001
409000 1.53803 2.14194 2.15001
410000 1.53803 2.14194 2.15001
411000 1.53803 2.14194 2.15001
412000 1.53803 2.14194 2.15001
413000 1.53803 2.14194 2.15001
414000 1.53803 2.14194 2.15001
415000 1.53803 2.14194 2.15001
416000 1.53803 2.14194 2.15001
417000 1.53803 2.14194 2.15001
418000 1.53803 2.14194 2.15001
419000 1.53803 2.14194 2.15001
420000 1.53803 2.14194 2.15001
421000 1.53803 2.14194 2.15001
422000 1.53803 2.14194 2.15001
423000 1.53803 2.14194 2.15001
424000 1.53803 2.14194 2.15001
425000 1.53803 2.14194 2.15001
426000 1.53803 2.14194 2.15001
427000 1.53803 2.14194 2.15001
428000 1.53803 2.14194 2.15001
429000 1.53803 2.14194 2.15001
430000 1.53803 2.14194 2.15001
431000 1.53803 2.14194 2.15001
432000 1.53803 2.14194 2.15001
433000 1.53803 2.14194 2.15001
434000 1.53803 2.14194 2.15001
435000 1.53803 2.14194 2.15001
436000 1.53803 2.14194 2.15001
437000 1.53803 2.14194 2.15001
438000 1.53803 2.14194 2.15001
439000 1.53803 2.14194 2.15001
440000 1.53803 2.14194 2.15001
441000 1.53803 2.14194 2.15001
442000 1.53803 2.14194 2.15001
443000 1.53803 2.14194 2.15001
444000 1.53803 2.14194 2.15001
445000 1.53803 2.14194 2.15001
446000 1.53803 2.14194 2.15001
447000 1.53803 2.14194 2.15001
448000 1.53803 2.14194 2.15001
449000 1.53803 2.14194 2.15001
450000 1.53803 2.14194 2.15001
451000 1.53803 2.14194 2.15001
452000 1.53803 2.14194 2.15001
453000 1.53803 2.14194 2.15001
454000 1.53803 2.14194 2.15001
455000 1.53803 2.14194 2.15001
456000 1.53803 2.14194 2.15001
457000 1.53803 2.14194 2.15001
458000 1.53803 2.14194 2.15001
459000 1.53803 2.14194 2.15001
460000 1.53803 2.14194 2.15001
461000 1.53803 2.14194 2.15001
462000 1.53803 2.14194 2.15001
463000 1.53803 2.14194 2.15001
464000 1.53803 2.14194 2.15001
465000 1.53803 2.14194 2.15001
466000 1.53803 2.14194 2.15001
467000 1.53803 2.14194 2.15001
468000 1.53803 2.14194 2.15001
469000 1.53803 2.14194 2.15001
470000 1.53803 2.14194 2.15001
471000 1.53803 2.14194 2.15001
472000 1.53803 2.14194 2.15001
473000 1.53803 2.14194 2.15001
474000 1.53803 2.14194 2.15001
475000 1.53803 2.14194 2.15001
476000 1.53803 2.14194 2.15001
477000 1.53803 2.14194 2.15001
478000 1.53803 2.14194 2.15001
479000 1.53803 2.14194 2.15001
480000 1.53803 2.14194 2.15001
481000 1.53803 2.14194 2.15001
482000 1.53803 2.14194 2.15001
483000 1.53803 2.14194 2.15001
484000 1.53803 2.14194 2.15001
485000 1.53803 2.14194 2.15001
486000 1.53803 2.14194 2.15001
487000 1.53803 2.14194 2.15001
488000 1.53803 2.14194 2.15001
489000 1.53803 2.14194 2.15001
490000 1.53803 2.14194 2.15001
491000 1.53803 2.14194 2.15001
492000 1.53803 2.14194 2.15001
493000 1.53803 2.14194 2.15001
494000 1.53803 2.14194 2.15001
495000 1.53803 2.14194 2.15001
496000 1.53803 2.14194 2.15001
497000 1.53803 2.14194 2.15001
498000 1.53803 2.14194 2.15001
499000 1.53803 2.14194 2.15001
500000 1.53803 2.14194 2.15001
501000 1.53803 2.14194 2.15001
502000 1.53803 2.14194 2.15001
503000 1.53803 2.14194 2.15001
504000 1.53803 2.14194 2.15001
505000 1.53803 2.14194 2.15001
506000 1.53803 2.14194 2.15001
507000 1.53803 2.14194 2.15001
508000 1.53803 2.14194 2.15001
509000 1.53803 2.14194 2.15001
510000 1.53803 2.14194 2.15001
511000 1.53803 2.14194 2.15001
512000 1.53803 2.14194 2.15001
513000 1.53803 2.14194 2.15001
514000 1.53803 2.14194 2.15001
515000 1.53803 2.14194 2.15001
516000 1.53803 2.14194 2.15001
517000 1.53803 2.14194 2.15001
518000 1.53803 2.14194 2.15001
519000 1.53803 2.14194 2.15001
520000 1.53803 2.14194 2.15001
521000 1.53803 2.14194 2.15001
522000 1.53803 2.14194 2.15001
523000 1.53803 2.14194 2.15001
524000 1.53803 2.14194 2.15001
525000 1.53803 2.14194 2.15001
526000 1.53803 2.14194 2.15001
527000 1.53803 2.14194 2.15001
528000 1.53803 2.14194 2.15001
529000 1.53803 2.14194 2.15001
530000 1.53803 2.14194 2.15001
531000 1.53803 2.14194 2.15001
532000 1.53803 2.14194 2.15001
533000 1.53803 2.14194 2.15001
534000 1.53803 2.14194 2.15001
535000 1.53803 2.14194 2.15001
536000 1.53803 2.14194 2.15001
537000 1.53803 2.14194 2.15001
538000 1.53803 2.14194 2.15001
539000 1.53803 2.14194 2.15001
540000 1.53803 2.14194 2.15001
541000 1.53803 2.14194 2.15001
542000 1.53803 2.14194 2.15001
543000 1.53803 2.14194 2.15001
544000 1.53803 2.14194 2.15001
545000 1.53803 2.14194 2.15001
546000 1.53803 2.14194 2.15001
547000 1.53803 2.14194 2.15001
548000 1.53803 2.14194 2.15001
549000 1.53803 2.14194 2.15001
550000 1.53803 2.14194 2.15001
551000 1.53803 2.14194 2.15001
552000 1.53803 2.14194 2.15001
553000 1.53803 2.14194 2.15001
554000 1.53803 2.14194 2.15001
555000 1.53803 2.14194 2.15001
556000 1.53803 2.14194 2.15001
557000 1.53803 2.14194 2.15001
558000 1.53803 2.14194 2.15001
559000 1.53803 2.14194 2.15001
560000 1.53803 2.14194 2.15001
561000 1.53803 2.14194 2.15001
562000 1.53803 2.14194 2.15001
563000 1.53803 2.14194 2.15001
564000 1.53803 2.14194 2.15001
565000 1.53803 2.14194 2.15001
566000 1.53803 2.14194 2.15001
567000 1.53803 2.14194 2.15001
568000 1.53803 2.14194 2.15001
569000 1.53803 2.14194 2.15001
570000 1.53803 2.14194 2.15001
571000 1.53803 2.14194 2.15001
572000 1.53803 2.14194 2.15001
573000 1.53803 2.14194 2.15001
574000 1.53803 2.14194 2.15001
575000 1.53803 2.14194 2.15001
576000 1.53803 2.14194 2.15001
577000 1.53803 2.14194 2.15001
578000 1.53803 2.14194 2.15001
579000 1.53803 2.14194 2.15001
580000 1.53803 2.14194 2.15001
581000 1.53803 2.14194 2.15001
582000 1.53803 2.14194 2.15001
583000 1.53803 2.14194 2.15001
584000 1.53803 2.14194 2.15001
585000 1.53803 2.14194 2.15001
586000 1.53803 2.14194 2.15001
587000 1.53803 2.14194 2.15001
588000 1.53803 2.14194 2.15001
589000 1.53803 2.14194 2.15001
590000 1.53803 2.14194 2.15001
591000 1.53803 2.14194 2.15001
592000 1.53803 2.14194 2.15001
593000 1.53803 2.14194 2.15001
594000 1.53803 2.14194 2.15001
595000 1.53803 2.14194 2.15001
596000 1.53803 2.14194 2.15001
597000 1.53803 2.14194 2.15001
598000 1.53803 2.14194 2.15001
599000 1.53803 2.14194 2.15001
600000 1.53803 2.14194 2.15001
601000 1.53803 2.14194 2.15001
602000 1.53803 2.14194 2.15001
603000 1.53803 2.14194 2.15001
604000 1.53803 2.14194 2.15001
605000 1.53803 2.14194 2.15001
606000 1.53803 2.14194 2.15001
607000 1.53803 2.14194 2.15001
608000 1.53803 2.14194 2.15001
609000 1.53803 2.14194 2.15001
610000 1.53803 2.14194 2.15001
611000 1.53803 2.14194 2.15001
612000 1.53803 2.14194 2.15001
613000 1.53803 2.14194 2.15001
614000 1.53803 2.14194 2.15001
615000 1.53803 2.14194 2.15001
616000 1.53803 2.14194 2.15001
617000 1.53803 2.14194 2.15001
618000 1.53803 2.14194 2.15001
619000 1.53803 2.14194 2.15001
620000 1.53803 2.14194 2.15001
621000 1.53803 2.14194 2.15001
622000 1.53803 2.14194 2.15001
623000 1.53803 2.14194 2.15001
624000 1.53803 2.14194 2.15001
625000 1.53803 2.14194 2.15001
626000 1.53803 2.14194 2.15001
627000 1.53803 2.14194 2.15001
628000 1.53803 2.14194 2.15001
629000 1.53803 2.14194 2.15001
630000 1.53803 2.14194 2.15001
631000 1.53803 2.14194 2.15001
632000 1.53803 2.14194 2.15001
633000 1.53803 2.14194 2.15001
634000 1.53803 2.14194 2.15001
635000 1.53803 2.14194 2.15001
636000 1.53803 2.14194 2.15001
637000 1.53803 2.14194 2.15001
638000 1.53803 2.14194 2.15001
639000 1.53803 2.14194 2.15001
640000 1.53803 2.14194 2.15001
641000 1.53803 2.14194 2.15001
642000 1.53803 2.14194 2.15001
643000 1.53803 2.14194 2.15001
644000 1.53803 2.14194 2.15001
645000 1.53803 2.14194 2.15001
646000 1.53803 2.14194 2.15001
647000 1.53803 2.14194 2.15001
648000 1.53803 2.14194 2.15001
649000 1.53803 2.14194 2.15001
650000 1.53803 2.14194 2.15001
651000 1.53803 2.14194 2.15001
652000 1.53803 2.14194 2.15001
653000 1.53803 2.14194 2.15001
654000 1.53803 2.14194 2.15001
655000 1.53803 2.14194 2.15001
656000 1.53803 2.14194 2.15001
657000 1.53803 2.14194 2.15001
658000 1.53803 2.14194 2.15001
659000 1.53803 2.14194 2.15001
660000 1.53803 2.14194 2.15001
661000 1.53803 2.14194 2.15001
662000 1.53803 2.14194 2.15001
663000 1.53803 2.14194 2.15001
664000 1.53803 2.14194 2.15001
665000 1.53803 2.14194 2.15001
666000 1.53803 2.14194 2.15001
667000 1.53803 2.14194 2.15001
668000 1.53803 2.14194 2.15001
669000 1.53803 2.14194 2.15001
670000 1.53803 2.14194 2.15001
671000 1.53803 2.14194 2.15001
672000 1.53803 2.14194 2.15001
673000 1.53803 2.14194 2.15001
674000 1.53803 2.14194 2.15001
675000 1.53803 2.14194 2.15001
676000 1.53803 2.14194 2.15001
677000 1.53803 2.14194 2.15001
678000 1.53803 2.14194 2.15001
679000 1.53803 2.14194 2.15001
680000 1.53803 2.14194 2.15001
681000 1.53803 2.14194 2.15001
682000 1.53803 2.14194 2.15001
683000 1.53803 2.14194 2.15001
684000 1.53803 2.14194 2.15001
685000 1.53803 2.14194 2.15001
686000 1.53803 2.14194 2.15001
687000 1.53803 2.14194 2.15001
688000 1.53803 2.14194 2.15001
689000 1.53803 2.14194 2.15001
690000 1.53803 2.14194 2.15001
691000 1.53803 2.14194 2.15001
692000 1.53803 2.14194 2.15001
693000 1.53803 2.14194 2.15001
694000 1.53803 2.14194 2.15001
695000 1.53803 2.14194 2.15001
696000 1.53803 2.14194 2.15001
697000 1.53803 2.14194 2.15001
698000 1.53803 2.14194 2.15001
699000 1.53803 2.14194 2.15001
700000 1.53803 2.14194 2.15001
701000 1.53803 2.14194 2.15001
702000 1.53803 2.14194 2.15001
703000 1.53803 2.14194 2.15001
704000 1.53803 2.14194 2.15001
705000 1.53803 2.14194 2.15001
706000 1.53803 2.14194 2.15001
707000 1.53803 2.14194 2.15001
708000 1.53803 2.14194 2.15001
709000 1.53803 2.14194 2.15001
710000 1.53803 2.14194 2.15001
711000 1.53803 2.14194 2.15001
712000 1.53803 2.14194 2.15001
713000 1.53803 2.14194 2.15001
714000 1.53803 2.14194 2.15001
715000 1.53803 2.14194 2.15001
716000 1.53803 2.14194 2.15001
717000 1.53803 2.14194 2.15001
718000 1.53803 2.14194 2.15001
719000 1.53803 2.14194 2.15001
720000 1.53803 2.14194 2.15001
721000 1.53803 2.14194 2.15001
722000 1.53803 2.14194 2.15001
723000 1.53803 2.14194 2.15001
724000 1.53803 2.14194 2.15001
725000 1.53803 2.14194 2.15001
726000 1.53803 2.14194 2.15001
727000 1.53803 2.14194 2.15001
728000 1.53803 2.14194 2.15001
729000 1.53803 2.14194 2.15001
730000 1.53803 2.14194 2.15001
731000 1.53803 2.14194 2.15001
732000 1.53803 2.14194 2.15001
733000 1.53803 2.14194 2.15001
734000 1.53803 2.14194 2.15001
735000 1.53803 2.14194 2.15001
736000 1.53803 2.14194 2.15001
737000 1.53803 2.14194 2.15001
738000 1.53803 2.14194 2.15001
739000 1.53803 2.14194 2.15001
740000 1.53803 2.14194 2.15001
741000 1.53803 2.14194 2.15001
742000 1.53803 2.14194 2.15001
743000 1.53803 2.14194 2.15001
744000 1.53803 2.14194 2.15001
745000 1.53803 2.14194 2.15001
746000 1.53803 2.14194 2.15001
747000 1.53803 2.14194 2.15001
748000 1.53803 2.14194 2.15001
749000 1.53803 2.14194 2.15001
750000 1.53803 2.14194 2.15001
751000 1.53803 2.14194 2.15001
752000 1.53803 2.14194 2.15001
753000 1.53803 2.14194 2.15001
754000 1.53803 2.14194 2.15001
755000 1.53803 2.14194 2.15001
756000 1.53803 2.14194 2.15001
757000 1.53803 2.14194 2.15001
758000 1.53803 2.14194 2.15001
759000 1.53803 2.14194 2.15001
760000 1.53803 2.14194 2.15001
761000 1.53803 2.14194 2.15001
762000 1.53803 2.14194 2.15001
763000 1.53803 2.14194 2.15001
764000 1.53803 2.14194 2.15001
765000 1.53803 2.14194 2.15001
766000 1.53803 2.14194 2.15001
767000 1.53803 2.14194 2.15001
768000 1.53803 2.14194 2.15001
769000 1.53803 2.14194 2.15001
770000 1.53803 2.14194 2.15001
771000 1.53803 2.14194 2.15001
772000 1.53803 2.14194 2.15001
773000 1.53803 2.14194 2.15001
774000 1.53803 2.14194 2.15001
775000 1.53803 2.14194 2.15001
776000 1.53803 2.14194 2.15001
777000 1.53803 2.14194 2.15001
778000 1.53803 2.14194 2.15001
779000 1.53803 2.14194 2.15001
780000 1.53803 2.14194 2.15001
781000 1.53803 2.14194 2.15001
782000 1.53803 2.14194 2.15001
783000 1.53803 2.14194 2.15001
784000 1.53803 2.14194 2.15001
785000 1.53803 2.14194 2.15001
786000 1.53803 2.14194 2.15001
787000 1.53803 2.14194 2.15001
788000 1.53803 2.14194 2.15001
789000 1.53803 2.14194 2.15001
790000 1.53803 2.14194 2.15001
791000 1.53803 2.14194 2.15001
792000 1.53803 2.14194 2.15001
793000 1.53803 2.14194 2.15001
794000 1.53803 2.14194 2.15001
795000 1.53803 2.14194 2.15001
796000 1.53803 2.14194 2.15001
797000 1.53803 2.14194 2.15001
798000 1.53803 2.14194 2.15001
799000 1.53803 2.14194 2.15001
800000 1.53803 2.14194 2.15001
801000 1.53803 2.14194 2.15001
802000 1.53803 2.14194 2.15001
803000 1.53803 2.14194 2.15001
804000 1.53803 2.14194 2.15001
805000 1.53803 2.14194 2.15001
806000 1.53803 2.14194 2.15001
807000 1.53803 2.14194 2.15001
808000 1.53803 2.14194 2.15001
809000 1.53803 2.14194 2.15001
810000 1.53803 2.14194 2.15001
811000 1.53803 2.14194 2.15001
812000 1.53803 2.14194 2.15001
813000 1.53803 2.14194 2.15001
814000 1.53803 2.14194 2.15001
815000 1.53803 2.14194 2.15001
816000 1.53803 2.14194 2.15001
817000 1.53803 2.14194 2.15001
818000 1.53803 2.14194 2.15001
819000 1.53803 2.14194 2.15001
820000 1.53803 2.14194 2.15001
821000 1.53803 2.14194 2.15001
822000 1.53803 2.14194 2.15001
823000 1.53803 2.14194 2.15001
824000 1.53803 2.14194 2.15001
825000 1.53803 2.14194 2.15001
826000 1.53803 2.14194 2.15001
827000 1.53803 2.14194 2.15001
828000 1.53803 2.14194 2.15001
829000 1.53803 2.14194 2.15001
830000 1.53803 2.14194 2.15001
831000 1.53803 2.14194 2.15001
832000 1.53803 2.14194 2.15001
833000 1.53803 2.14194 2.15001
834000 1.53803 2.14194 2.15001
835000 1.53803 2.14194 2.15001
836000 1.53803 2.14194 2.15001
837000 1.53803 2.14194 2.15001
838000 1.53803 2.14194 2.15001
839000 1.53803 2.14194 2.15001
840000 1.53803 2.14194 2.15001
841000 1.53803 2.14194 2.15001
842000 1.53803 2.14194 2.15001
843000 1.53803 2.14194 2.15001
844000 1.53803 2.14194 2.15001
845000 1.53803 2.14194 2.15001
846000 1.53803 2.14194 2.15001
847000 1.53803 2.14194 2.15001
848000 1.53803 2.14194 2.15001
849000 1.53803 2.14194 2.15001
850000 1.53803 2.14194 2.15001
851000 1.53803 2.14194 2.15001
852000 1.53803 2.14194 2.15001
853000 1.53803 2.14194 2.15001
854000 1.53803 2.14194 2.15001
855000 1.53803 2.14194 2.15001
856000 1.53803 2.14194 2.15001
857000 1.53803 2.14194 2.15001
858000 1.53803 2.14194 2.15001
859000 1.53803 2.14194 2.15001
860000 1.53803 2.14194 2.15001
861000 1.53803 2.14194 2.15001
862000 1.53803 2.14194 2.15001
863000 1.53803 2.14194 2.15001
864000 1.53803 2.14194 2.15001
865000 1.53803 2.14194 2.15001
866000 1.53803 2.14194 2.15001
867000 1.53803 2.14194 2.15001
868000 1.53803 2.14194 2.15001
869000 1.53803 2.14194 2.15001
870000 1.53803 2.14194 2.15001
871000 1.53803 2.14194 2.15001
872000 1.53803 2.14194 2.15001
873000 1.53803 2.14194 2.15001
874000 1.53803 2.14194 2.15001
875000 1.53803 2.14194 2.15001
876000 1.53803 2.14194 2.15001
877000 1.53803 2.14194 2.15001
878000 1.53803 2.14194 2.15001
879000 1.53803 2.14194 2.15001
880000 1.53803 2.14194 2.15001
881000 1.53803 2.14194 2.15001
882000 1.53803 2.14194 2.15001
883000 1.53803 2.14194 2.15001
884000 1.53803 2.14194 2.15001
885000 1.53803 2.14194 2.15001
886000 1.53803 2.14194 2.15001
887000 1.53803 2.14194 2.15001
888000 1.53803 2.14194 2.15001
889000 1.53803 2.14194 2.15001
890000 1.53803 2.14194 2.15001
891000 1.53803 2.14194 2.15001
892000 1.53803 2.14194 2.15001
893000 1.53803 2.14194 2.15001
894000 1.53803 2.14194 2.15001
895000 1.53803 2.14194 2.15001
896000 1.53803 2.14194 2.15001
897000 1.53803 2.14194 2.15001
898000 1.53803 2.14194 2.15001
899000 1.53803 2.14194 2.15001
900000 1.53803 2.14194 2.15001
901000 1.53803 2.14194 2.15001
902000 1.53803 2.14194 2.15001
903000 1.53803 2.14194 2.15001
904000 1.53803 2.14194 2.15001
905000 1.53803 2.14194 2.15001
906000 1.53803 2.14194 2.15001
907000 1.53803 2.14194 2.15001
908000 1.53803 2.14194 2.15001
909000 1.53803 2.14194 2.15001
910000 1.53803 2.14194 2.15001
911000 1.53803 2.14194 2.15001
912000 1.53803 2.14194 2.15001
913000 1.53803 2.14194 2.15001
914000 1.53803 2.14194 2.15001
915000 1.53803 2.14194 2.15001
916000 1.53803 2.14194 2.15001
917000 1.53803 2.14194 2.15001
918000 1.53803 2.14194 2.15001
919000 1.53803 2.14194 2.15001
920000 1.53803 2.14194 2.15001
921000 1.53803 2.14194 2.15001
922000 1.53803 2.14194 2.15001
923000 1.53803 2.14194 2.15001
924000 1.53803 2.14194 2.15001
925000 1.53803 2.14194 2.15001
926000 1.53803 2.14194 2.15001
927000 1.53803 2.14194 2.15001
928000 1.53803 2.14194 2.15001
929000 1.53803 2.14194 2.15001
930000 1.53803 2.14194 2.15001
931000 1.53803 2.14194 2.15001
932000 1.53803 2.14194 2.15001
933000 1.53803 2.14194 2.15001
934000 1.53803 2.14194 2.15001
935000 1.53803 2.14194 2.15001
936000 1.53803 2.14194 2.15001
937000 1.53803 2.14194 2.15001
938000 1.53803 2.14194 2.15001
939000 1.53803 2.14194 2.15001
940000 1.53803 2.14194 2.15001
941000 1.53803 2.14194 2.15001
942000 1.53803 2.14194 2.15001
943000 1.53803 2.14194 2.15001
944000 1.53803 2.14194 2.15001
945000 1.53803 2.14194 2.15001
946000 1.53803 2.14194 2.15001
947000 1.53803 2.14194 2.15001
948000 1.53803 2.14194 2.15001
949000 1.53803 2.14194 2.15001
950000 1.53803 2.14194 2.15001
951000 1.53803 2.14194 2.15001
952000 1.53803 2.14194 2.15001
953000 1.53803 2.14194 2.15001
954000 1.53803 2.14194 2.15001
955000 1.53803 2.14194 2.15001
956000 1.53803 2.14194 2.15001
957000 1.53803 2.14194 2.15001
958000 1.53803 2.14194 2.15001
959000 1.53803 2.14194 2.15001
960000 1.53803 2.14194 2.15001
961000 1.53803 2.14194 2.15001
962000 1.53803 2.14194 2.15001
963000 1.53803 2.14194 2.15001
964000 1.53803 2.14194 2.15001
965000 1.53803 2.14194 2.15001
966000 1.53803 2.14194 2.15001
967000 1.53803 2.14194 2.15001
968000 1.53803 2.14194 2.15001
969000 1.53803 2.14194 2.15001
970000 1.53803 2.14194 2.15001
971000 1.53803 2.14194 2.15001
972000 1.53803 2.14194 2.15001
973000 1.53803 2.14194 2.15001
974000 1.53803 2.14194 2.15001
975000 1.53803 2.14194 2.15001
976000 1.53803 2.14194 2.15001
977000 1.53803 2.14194 2.15001
978000 1.53803 2.14194 2.15001
979000 1.53803 2.14194 2.15001
980000 1.53803 2.14194 2.15001
981000 1.53803 2.14194 2.15001
982000 1.53803 2.14194 2.15001
983000 1.53803 2.14194 2.15001
984000 1.53803 2.14194 2.15001
985000 1.53803 2.14194 2.15001
986000 1.53803 2.14194 2.15001
987000 1.53803 2.14194 2.15001
988000 1.53803 2.14194 2.15001
989000 1.53803 2.14194 2.15001
990000 1.53803 2.14194 2.15001
991000 1.53803 2.14194 2.15001
992000 1.53803 2.14194 2.15001
993000 1.53803 2.14194 2.15001
994000 1.53803 2.14194 2.15001
995000 1.53803 2.14194 2.15001
996000 1.53803 2.14194 2.15001
997000 1.53803 2.14194 2.15001
998000 1.53803 2.14194 2.15001
999000 1.53803 2.14194 2.15001
1000000 1.53803 2.14194 2.15001
