# Time-averaged data for fix msd
# TimeStep c_msd[4]
1000 0.592855
2000 1.80956
3000 3.07106
4000 4.67483
5000 6.35633
6000 8.29102
7000 10.056
8000 12.3714
9000 14.4467
10000 17.1892
11000 18.7868
12000 18.2895
13000 19.9853
14000 19.792
15000 20.6913
16000 22.3589
17000 23.4617
18000 24.4403
19000 25.6315
20000 27.0071
21000 28.3477
22000 27.9864
23000 30.0588
24000 29.3265
25000 29.6841
26000 28.3814
27000 29.5899
28000 31.9841
29000 32.8964
30000 33.342
31000 34.519
32000 36.0204
33000 36.9755
34000 37.8261
35000 39.3631
36000 39.4257
37000 40.6318
38000 43.0913
39000 44.5267
40000 47.7701
41000 49.4491
42000 50.4685
43000 52.6279
44000 52.1588
45000 55.3756
46000 59.8235
47000 62.6719
48000 65.7356
49000 68.5948
50000 71.0138
51000 70.2704
52000 71.7503
53000 72.512
54000 74.5509
55000 77.1457
56000 76.0615
57000 77.0419
58000 77.4535
59000 81.2746
60000 84.4818
61000 85.3381
62000 86.8718
63000 84.8003
64000 85.0502
65000 87.9547
66000 90.2419
67000 95.1328
68000 97.1596
69000 101.99
70000 106.063
71000 109.455
72000 111.521
73000 112
74000 114.275
75000 116.502
76000 119.62
77000 121.888
78000 127.061
79000 130.799
80000 130.872
81000 131.16
82000 132.525
83000 134.621
84000 131.723
85000 132.575
86000 133.421
87000 132.475
88000 132.255
89000 132.561
90000 132.661
91000 133.928
92000 137.78
93000 139.929
94000 139.931
95000 138.918
96000 138.263
97000 143.049
98000 143.323
99000 144.897
100000 144.805
101000 144.651
102000 146.852
103000 151.147
104000 152.987
105000 154.359
106000 156.948
107000 160.753
108000 161.126
109000 161.959
110000 162.921
111000 159.902
112000 158.253
113000 158.044
114000 161.163
115000 166.791
116000 167.452
117000 168.195
118000 168.754
119000 171.34
120000 173.855
121000 174.556
122000 176.929
123000 181.235
124000 184.846
125000 186.488
126000 185.947
127000 186.066
128000 189.726
129000 192.489
130000 192.652
131000 194.649
132000 197.1
133000 200.062
134000 202.328
135000 205.766
136000 207.35
137000 204.151
138000 206.257
139000 207.244
140000 206.78
141000 204.911
142000 204.088
143000 202.88
144000 202.703
145000 206.252
146000 210.722
147000 211.726
148000 216.886
149000 216.863
150000 218.815
151000 218.019
152000 217.167
153000 216.324
154000 217.173
155000 218.909
156000 217.897
157000 225.24
158000 232.066
159000 235.738
160000 244.197
161000 245.692
162000 244.096
163000 241.427
164000 241.249
165000 241.762
166000 243.675
167000 242.636
168000 242.745
169000 244.419
170000 243.41
171000 245.902
172000 250.253
173000 254.26
174000 256.312
175000 258.161
176000 259.687
177000 263.482
178000 261.337
179000 271.949
180000 274.381
181000 273.48
182000 275.42
183000 273.433
184000 272.973
185000 275.954
186000 276.72
187000 277.261
188000 278.493
189000 282.076
190000 288.634
191000 292.055
192000 291.968
193000 293.365
194000 292.423
195000 292.876
196000 298.88
197000 296.333
198000 296.829
199000 300.121
200000 303.383
201000 301.118
202000 307.356
203000 308.048
204000 307.801
205000 309.276
206000 311.509
207000 310.462
208000 311.304
209000 313.695
210000 318.842
211000 317.114
212000 315.344
213000 314.021
214000 311.543
215000 310.375
216000 308.235
217000 309.939
218000 312.389
219000 310.117
220000 309.383
221000 310.233
222000 314.035
223000 312.997
224000 313.297
225000 313.567
226000 321.108
227000 327.102
228000 329.814
229000 330.799
230000 328.006
231000 335.127
232000 338.023
233000 335.392
234000 339.596
235000 339.325
236000 342.5
237000 338.986
238000 338.523
239000 343.527
240000 346.932
241000 351.836
242000 352.968
243000 360.684
244000 364.804
245000 366.493
246000 358.74
247000 361.113
248000 371.52
249000 368.192
250000 366.422
251000 365.916
252000 365.524
253000 365.536
254000 363.631
255000 364.191
256000 371.127
257000 372.095
258000 373.988
259000 371.451
260000 371.446
261000 370.268
262000 375.52
263000 374.648
264000 378.374
265000 379.962
266000 382.434
267000 387.278
268000 389.864
269000 387.702
270000 388.436
271000 386.998
272000 391.245
273000 397.162
274000 403.782
275000 401.471
276000 399.122
277000 401.669
278000 405.278
279000 411.024
280000 413.637
281000 416.572
282000 420.257
283000 424.289
284000 426.972
285000 432.556
286000 430.861
287000 431.498
288000 436.312
289000 443.613
290000 445.723
291000 442.167
292000 434.108
293000 430.9
294000 436.279
295000 441.893
296000 448.951
297000 452.487
298000 452.595
299000 455.532
300000 460.565
301000 467.184
302000 468.715
303000 469.997
304000 466.978
305000 463.324
306000 465.215
307000 454.075
308000 455.527
309000 459.186
310000 459.081
311000 457.548
312000 456.549
313000 461.816
314000 467.056
315000 477.424
316000 488.031
317000 492.906
318000 496.249
319000 502.674
320000 501.076
321000 503.851
322000 506.4
323000 508.562
324000 512.715
325000 517.628
326000 523.646
327000 530.145
328000 531.169
329000 534.204
330000 535.695
331000 541.435
332000 544.863
333000 539.424
334000 542.215
335000 545.77
336000 549.116
337000 551.809
338000 550.103
339000 556.252
340000 561.352
341000 558.37
342000 561.98
343000 557.785
344000 559.791
345000 557.109
346000 564.831
347000 572.264
348000 569.27
349000 576.002
350000 572.614
351000 575.714
352000 574.24
353000 578.883
354000 581.139
355000 578.513
356000 581.133
357000 583.132
358000 584.946
359000 585.806
360000 583.011
361000 588.271
362000 590.684
363000 590.097
364000 592.039
365000 598.243
366000 607.169
367000 603.475
368000 603.45
369000 609.18
370000 613.677
371000 603.223
372000 609.027
373000 615.329
374000 618.626
375000 621.004
376000 628.486
377000 639.416
378000 641.391
379000 649.747
380000 650.289
381000 650.945
382000 652.189
383000 654.796
384000 658.269
385000 656.073
386000 657.63
387000 661.579
388000 662.065
389000 656.643
390000 662.551
391000 659.662
392000 662.863
393000 662.145
394000 658.35
395000 656.686
396000 655.711
397000 654.462
398000 650.315
399000 656.993
400000 663.214
401000 660.49
402000 662.689
403000 663.259
404000 664.211
405000 669.75
406000 668.752
407000 671.309
408000 670.506
409000 668.18
410000 663.972
411000 660.316
412000 660.907
413000 666.419
414000 665.355
415000 658.857
416000 657.685
417000 658.021
418000 658.445
419000 660.403
420000 663.723
421000 670.291
422000 670.844
423000 666.353
424000 669.321
425000 670.384
426000 674.403
427000 679.258
428000 683.559
429000 679.841
430000 679.443
431000 676.741
432000 679.522
433000 678.619
434000 687.606
435000 691.828
436000 694.008
437000 699.233
438000 703.74
439000 705.003
440000 706.122
441000 710.009
442000 707.702
443000 711.242
444000 715.228
445000 718.876
446000 714.428
447000 713.233
448000 712.291
449000 713.698
450000 709.828
451000 709.273
452000 714.327
453000 720.739
454000 721.908
455000 718.867
456000 719.138
457000 720.781
458000 724.43
459000 724.133
460000 722.43
461000 730.129
462000 731.062
463000 732.4
464000 740.075
465000 741.642
466000 743.364
467000 743.116
468000 738.832
469000 733.184
470000 735.469
471000 740.676
472000 741.076
473000 745.272
474000 738.415
475000 743.276
476000 743.039
477000 753.775
478000 757.033
479000 752.343
480000 755.283
481000 754.215
482000 757.283
483000 754.175
484000 748.995
485000 746.244
486000 748.739
487000 753.955
488000 755.943
489000 756.119
490000 760.05
491000 759.935
492000 760.096
493000 759.835
494000 753.652
495000 745.491
496000 746.598
497000 742.341
498000 739.09
499000 740.208
500000 738.784
501000 732.858
502000 735.46
503000 733.75
504000 737.376
505000 731.471
506000 729.375
507000 726.323
508000 731.375
509000 736.21
510000 738.985
511000 749.835
512000 759.593
513000 769.751
514000 774.934
515000 771.736
516000 774.348
517000 783.539
518000 785.988
519000 788.159
520000 797.283
521000 798.208
522000 794.14
523000 791.84
524000 794.469
525000 791.256
526000 787.158
527000 791.085
528000 795.761
529000 797.372
530000 800.169
531000 800.718
532000 803.363
533000 807.008
534000 814.338
535000 820.64
536000 813.106
537000 813.429
538000 822.041
539000 827.026
540000 825.04
541000 822.613
542000 829.053
543000 830.394
544000 838.624
545000 837.95
546000 837.836
547000 838.409
548000 836.124
549000 830.941
550000 824.659
551000 829.266
552000 833.683
553000 838.168
554000 836.91
555000 827.159
556000 820.806
557000 825.382
558000 831.4
559000 830.747
560000 831.694
561000 830.173
562000 834.027
563000 842.926
564000 850.001
565000 851.63
566000 849.394
567000 842.927
568000 844.742
569000 845.38
570000 846.398
571000 846.584
572000 845.976
573000 860.691
574000 862.901
575000 863.724
576000 864.27
577000 864.519
578000 867.02
579000 864.055
580000 867.786
581000 864.133
582000 860.662
583000 864.082
584000 864.401
585000 858.997
586000 865.465
587000 869.265
588000 868.001
589000 875.148
590000 874.852
591000 880.266
592000 887.941
593000 890.513
594000 894.131
595000 891.239
596000 887.878
597000 885.366
598000 879.602
599000 877.08
600000 882.731
601000 879.28
602000 879.389
603000 875.491
604000 876.234
605000 880.972
606000 880.655
607000 886.35
608000 892.82
609000 892.018
610000 888.495
611000 890.602
612000 898.747
613000 902.369
614000 914.829
615000 920.119
616000 924.847
617000 921.696
618000 920.899
619000 924.021
620000 930.144
621000 928.031
622000 933.418
623000 934.87
624000 938.087
625000 942.422
626000 941.533
627000 936.211
628000 932.846
629000 930.235
630000 932.745
631000 926.865
632000 919.693
633000 913.46
634000 917.618
635000 925.204
636000 924.221
637000 925.358
638000 924.718
639000 933.643
640000 935.207
641000 932.986
642000 927.379
643000 930.963
644000 932.716
645000 936.19
646000 943.441
647000 949.07
648000 946.919
649000 956.791
650000 954.481
651000 943.245
652000 941.017
653000 944.471
654000 949.162
655000 945.364
656000 952.739
657000 958.516
658000 963.312
659000 963.625
660000 971.492
661000 972.908
662000 969.412
663000 969.519
664000 969.366
665000 983.186
666000 982.41
667000 987.814
668000 994.048
669000 1001
670000 1004.37
671000 1004.64
672000 1020.52
673000 1017.58
674000 1006.9
675000 999.704
676000 1007.04
677000 1009.25
678000 1012.63
679000 1008.05
680000 1009.42
681000 1017.22
682000 1023.7
683000 1027.67
684000 1038.03
685000 1039.08
686000 1041.39
687000 1037.63
688000 1036.77
689000 1039.61
690000 1037.31
691000 1038.05
692000 1039.21
693000 1035.37
694000 1033.04
695000 1036.48
696000 1033.56
697000 1032.3
698000 1025.93
699000 1031.93
700000 1036.44
701000 1038.99
702000 1040.66
703000 1052.98
704000 1054.58
705000 1052.68
706000 1057.42
707000 1065.39
708000 1067.79
709000 1066.82
710000 1059.24
711000 1049.1
712000 1047.97
713000 1041.78
714000 1044.61
715000 1044.5
716000 1045.88
717000 1047.55
718000 1044.5
719000 1040.43
720000 1044.84
721000 1050.77
722000 1049.81
723000 1045.75
724000 1047.53
725000 1045.51
726000 1048.46
727000 1053.55
728000 1051.74
729000 1050.99
730000 1056.59
731000 1065.14
732000 1062.52
733000 1067.28
734000 1067.42
735000 1063.25
736000 1069.71
737000 1071.88
738000 1071.32
739000 1074.71
740000 1067.88
741000 1068.2
742000 1073.55
743000 1079.64
744000 1084.44
745000 1093.2
746000 1089.53
747000 1098.14
748000 1097.96
749000 1094.76
750000 1094.04
751000 1094.21
752000 1101.5
753000 1109.91
754000 1111.59
755000 1113.53
756000 1115.38
757000 1115.33
758000 1125.88
759000 1121.57
760000 1115.23
761000 1116.52
762000 1120.75
763000 1114.17
764000 1111.4
765000 1113.21
766000 1124.47
767000 1137.63
768000 1133.1
769000 1136.37
770000 1137.85
771000 1133.62
772000 1137.2
773000 1136.62
774000 1141.57
775000 1141.18
776000 1149.8
777000 1154.33
778000 1160.49
779000 1163.43
780000 1167.09
781000 1178.34
782000 1173.67
783000 1168.82
784000 1172.81
785000 1171.8
786000 1165.69
787000 1165.07
788000 1159.09
789000 1154.24
790000 1139.75
791000 1136.53
792000 1139.85
793000 1150.07
794000 1158.74
795000 1160.54
796000 1163.15
797000 1175.15
798000 1186.31
799000 1194.58
800000 1191.89
801000 1189.23
802000 1188.39
803000 1186.68
804000 1194.26
805000 1213.73
806000 1220.15
807000 1227.25
808000 1211.95
809000 1215.2
810000 1213.59
811000 1216.06
812000 1213.46
813000 1203.61
814000 1212.67
815000 1210.01
816000 1231.42
817000 1227.02
818000 1235.14
819000 1236.51
820000 1242.86
821000 1239.31
822000 1247.6
823000 1250.53
824000 1259.52
825000 1258.29
826000 1262.78
827000 1267.18
828000 1263.45
829000 1267.54
830000 1280.7
831000 1281.18
832000 1288.27
833000 1293.17
834000 1294.77
835000 1301.63
836000 1308.79
837000 1316.18
838000 1323.53
839000 1333.38
840000 1337.37
841000 1335.96
842000 1333.48
843000 1328.36
844000 1331.04
845000 1339.23
846000 1343.94
847000 1348.57
848000 1343.7
849000 1340.78
850000 1349.88
851000 1356.09
852000 1360.32
853000 1362.78
854000 1359.53
855000 1360.09
856000 1357.2
857000 1352.99
858000 1353.53
859000 1361.34
860000 1364.11
861000 1374.54
862000 1378.65
863000 1384.26
864000 1375.6
865000 1386.62
866000 1386.4
867000 1384.62
868000 1395.37
869000 1400.86
870000 1400.96
871000 1403.63
872000 1394.6
873000 1389.54
874000 1395.71
875000 1401.93
876000 1404.43
877000 1408.6
878000 1413.28
879000 1414.32
880000 1417.88
881000 1412.6
882000 1407.94
883000 1410.12
884000 1414.37
885000 1407.49
886000 1407.48
887000 1410.63
888000 1412.32
889000 1414.9
890000 1415.68
891000 1418.3
892000 1416.81
893000 1421.98
894000 1423.59
895000 1425.22
896000 1424.73
897000 1424.85
898000 1424.02
899000 1423.03
900000 1417.72
901000 1419.31
902000 1421.45
903000 1418.57
904000 1423.17
905000 1429.57
906000 1438.82
907000 1443.32
908000 1443.26
909000 1446.16
910000 1457.44
911000 1461.91
912000 1469.69
913000 1477.74
914000 1486.95
915000 1487.86
916000 1489.38
917000 1496.4
918000 1494.26
919000 1489.75
920000 1493.74
921000 1508.53
922000 1517.25
923000 1520.22
924000 1518.95
925000 1516.76
926000 1519.34
927000 1518.73
928000 1518.72
929000 1526.94
930000 1538.48
931000 1549.98
932000 1554.52
933000 1551.63
934000 1547.24
935000 1553.34
936000 1553.43
937000 1558.24
938000 1566.4
939000 1569.28
940000 1562.06
941000 1551.67
942000 1550.56
943000 1562.2
944000 1561.5
945000 1566.26
946000 1572.2
947000 1572.18
948000 1564.07
949000 1565.66
950000 1568.55
951000 1573.49
952000 1581.66
953000 1592.22
954000 1603.59
955000 1605.13
956000 1610.53
957000 1605.02
958000 1607.89
959000 1608.92
960000 1619.96
961000 1619.92
962000 1624.54
963000 1633.79
964000 1638.96
965000 1641.19
966000 1634.22
967000 1645.39
968000 1652.59
969000 1660.18
970000 1653.16
971000 1644.53
972000 1642.56
973000 1645.3
974000 1642.17
975000 1642.48
976000 1646.57
977000 1645.1
978000 1638.23
979000 1639.04
980000 1650.16
981000 1655.97
982000 1650.93
983000 1653.81
984000 1644.7
985000 1639.68
986000 1654.02
987000 1662.61
988000 1667.79
989000 1662.42
990000 1661.63
991000 1667.16
992000 1668.85
993000 1663.44
994000 1662.66
995000 1665.84
996000 1671.23
997000 1680.26
998000 1686.32
999000 1694.93
1000000 1700.27
