# Time-averaged data for fix com
# TimeStep c_com[1] c_com[2] c_com[3]
1000 5.19701 5.09916 5.43153
2000 5.19701 5.09916 5.43153
3000 5.19701 5.09916 5.43153
4000 5.19701 5.09916 5.43153
5000 5.19701 5.09916 5.43153
6000 5.19701 5.09916 5.43153
7000 5.19701 5.09916 5.43153
8000 5.19701 5.09916 5.43153
9000 5.19701 5.09916 5.43153
10000 5.19701 5.09916 5.43153
11000 5.19701 5.09916 5.43153
12000 5.19701 5.09916 5.43153
13000 5.19701 5.09916 5.43153
14000 5.19701 5.09916 5.43153
15000 5.19701 5.09916 5.43153
16000 5.19701 5.09916 5.43153
17000 5.19701 5.09916 5.43153
18000 5.19701 5.09916 5.43153
19000 5.19701 5.09916 5.43153
20000 5.19701 5.09916 5.43153
21000 5.19701 5.09916 5.43153
22000 5.19701 5.09916 5.43153
23000 5.19701 5.09916 5.43153
24000 5.19701 5.09916 5.43153
25000 5.19701 5.09916 5.43153
26000 5.19701 5.09916 5.43153
27000 5.19701 5.09916 5.43153
28000 5.19701 5.09916 5.43153
29000 5.19701 5.09916 5.43153
30000 5.19701 5.09916 5.43153
31000 5.19701 5.09916 5.43153
32000 5.19701 5.09916 5.43153
33000 5.19701 5.09916 5.43153
34000 5.19701 5.09916 5.43153
35000 5.19701 5.09916 5.43153
36000 5.19701 5.09916 5.43153
37000 5.19701 5.09916 5.43153
38000 5.19701 5.09916 5.43153
39000 5.19701 5.09916 5.43153
40000 5.19701 5.09916 5.43153
41000 5.19701 5.09916 5.43153
42000 5.19701 5.09916 5.43153
43000 5.19701 5.09916 5.43153
44000 5.19701 5.09916 5.43153
45000 5.19701 5.09916 5.43153
46000 5.19701 5.09916 5.43153
47000 5.19701 5.09916 5.43153
48000 5.19701 5.09916 5.43153
49000 5.19701 5.09916 5.43153
50000 5.19701 5.09916 5.43153
51000 5.19701 5.09916 5.43153
52000 5.19701 5.09916 5.43153
53000 5.19701 5.09916 5.43153
54000 5.19701 5.09916 5.43153
55000 5.19701 5.09916 5.43153
56000 5.19701 5.09916 5.43153
57000 5.19701 5.09916 5.43153
58000 5.19701 5.09916 5.43153
59000 5.19701 5.09916 5.43153
60000 5.19701 5.09916 5.43153
61000 5.19701 5.09916 5.43153
62000 5.19701 5.09916 5.43153
63000 5.19701 5.09916 5.43153
64000 5.19701 5.09916 5.43153
65000 5.19701 5.09916 5.43153
66000 5.19701 5.09916 5.43153
67000 5.19701 5.09916 5.43153
68000 5.19701 5.09916 5.43153
69000 5.19701 5.09916 5.43153
70000 5.19701 5.09916 5.43153
71000 5.19701 5.09916 5.43153
72000 5.19701 5.09916 5.43153
73000 5.19701 5.09916 5.43153
74000 5.19701 5.09916 5.43153
75000 5.19701 5.09916 5.43153
76000 5.19701 5.09916 5.43153
77000 5.19701 5.09916 5.43153
78000 5.19701 5.09916 5.43153
79000 5.19701 5.09916 5.43153
80000 5.19701 5.09916 5.43153
81000 5.19701 5.09916 5.43153
82000 5.19701 5.09916 5.43153
83000 5.19701 5.09916 5.43153
84000 5.19701 5.09916 5.43153
85000 5.19701 5.09916 5.43153
86000 5.19701 5.09916 5.43153
87000 5.19701 5.09916 5.43153
88000 5.19701 5.09916 5.43153
89000 5.19701 5.09916 5.43153
90000 5.19701 5.09916 5.43153
91000 5.19701 5.09916 5.43153
92000 5.19701 5.09916 5.43153
93000 5.19701 5.09916 5.43153
94000 5.19701 5.09916 5.43153
95000 5.19701 5.09916 5.43153
96000 5.19701 5.09916 5.43153
97000 5.19701 5.09916 5.43153
98000 5.19701 5.09916 5.43153
99000 5.19701 5.09916 5.43153
100000 5.19701 5.09916 5.43153
101000 5.19701 5.09916 5.43153
102000 5.19701 5.09916 5.43153
103000 5.19701 5.09916 5.43153
104000 5.19701 5.09916 5.43153
105000 5.19701 5.09916 5.43153
106000 5.19701 5.09916 5.43153
107000 5.19701 5.09916 5.43153
108000 5.19701 5.09916 5.43153
109000 5.19701 5.09916 5.43153
110000 5.19701 5.09916 5.43153
111000 5.19701 5.09916 5.43153
112000 5.19701 5.09916 5.43153
113000 5.19701 5.09916 5.43153
114000 5.19701 5.09916 5.43153
115000 5.19701 5.09916 5.43153
116000 5.19701 5.09916 5.43153
117000 5.19701 5.09916 5.43153
118000 5.19701 5.09916 5.43153
119000 5.19701 5.09916 5.43153
120000 5.19701 5.09916 5.43153
121000 5.19701 5.09916 5.43153
122000 5.19701 5.09916 5.43153
123000 5.19701 5.09916 5.43153
124000 5.19701 5.09916 5.43153
125000 5.19701 5.09916 5.43153
126000 5.19701 5.09916 5.43153
127000 5.19701 5.09916 5.43153
128000 5.19701 5.09916 5.43153
129000 5.19701 5.09916 5.43153
130000 5.19701 5.09916 5.43153
131000 5.19701 5.09916 5.43153
132000 5.19701 5.09916 5.43153
133000 5.19701 5.09916 5.43153
134000 5.19701 5.09916 5.43153
135000 5.19701 5.09916 5.43153
136000 5.19701 5.09916 5.43153
137000 5.19701 5.09916 5.43153
138000 5.19701 5.09916 5.43153
139000 5.19701 5.09916 5.43153
140000 5.19701 5.09916 5.43153
141000 5.19701 5.09916 5.43153
142000 5.19701 5.09916 5.43153
143000 5.19701 5.09916 5.43153
144000 5.19701 5.09916 5.43153
145000 5.19701 5.09916 5.43153
146000 5.19701 5.09916 5.43153
147000 5.19701 5.09916 5.43153
148000 5.19701 5.09916 5.43153
149000 5.19701 5.09916 5.43153
150000 5.19701 5.09916 5.43153
151000 5.19701 5.09916 5.43153
152000 5.19701 5.09916 5.43153
153000 5.19701 5.09916 5.43153
154000 5.19701 5.09916 5.43153
155000 5.19701 5.09916 5.43153
156000 5.19701 5.09916 5.43153
157000 5.19701 5.09916 5.43153
158000 5.19701 5.09916 5.43153
159000 5.19701 5.09916 5.43153
160000 5.19701 5.09916 5.43153
161000 5.19701 5.09916 5.43153
162000 5.19701 5.09916 5.43153
163000 5.19701 5.09916 5.43153
164000 5.19701 5.09916 5.43153
165000 5.19701 5.09916 5.43153
166000 5.19701 5.09916 5.43153
167000 5.19701 5.09916 5.43153
168000 5.19701 5.09916 5.43153
169000 5.19701 5.09916 5.43153
170000 5.19701 5.09916 5.43153
171000 5.19701 5.09916 5.43153
172000 5.19701 5.09916 5.43153
173000 5.19701 5.09916 5.43153
174000 5.19701 5.09916 5.43153
175000 5.19701 5.09916 5.43153
176000 5.19701 5.09916 5.43153
177000 5.19701 5.09916 5.43153
178000 5.19701 5.09916 5.43153
179000 5.19701 5.09916 5.43153
180000 5.19701 5.09916 5.43153
181000 5.19701 5.09916 5.43153
182000 5.19701 5.09916 5.43153
183000 5.19701 5.09916 5.43153
184000 5.19701 5.09916 5.43153
185000 5.19701 5.09916 5.43153
186000 5.19701 5.09916 5.43153
187000 5.19701 5.09916 5.43153
188000 5.19701 5.09916 5.43153
189000 5.19701 5.09916 5.43153
190000 5.19701 5.09916 5.43153
191000 5.19701 5.09916 5.43153
192000 5.19701 5.09916 5.43153
193000 5.19701 5.09916 5.43153
194000 5.19701 5.09916 5.43153
195000 5.19701 5.09916 5.43153
196000 5.19701 5.09916 5.43153
197000 5.19701 5.09916 5.43153
198000 5.19701 5.09916 5.43153
199000 5.19701 5.09916 5.43153
200000 5.19701 5.09916 5.43153
201000 5.19701 5.09916 5.43153
202000 5.19701 5.09916 5.43153
203000 5.19701 5.09916 5.43153
204000 5.19701 5.09916 5.43153
205000 5.19701 5.09916 5.43153
206000 5.19701 5.09916 5.43153
207000 5.19701 5.09916 5.43153
208000 5.19701 5.09916 5.43153
209000 5.19701 5.09916 5.43153
210000 5.19701 5.09916 5.43153
211000 5.19701 5.09916 5.43153
212000 5.19701 5.09916 5.43153
213000 5.19701 5.09916 5.43153
214000 5.19701 5.09916 5.43153
215000 5.19701 5.09916 5.43153
216000 5.19701 5.09916 5.43153
217000 5.19701 5.09916 5.43153
218000 5.19701 5.09916 5.43153
219000 5.19701 5.09916 5.43153
220000 5.19701 5.09916 5.43153
221000 5.19701 5.09916 5.43153
222000 5.19701 5.09916 5.43153
223000 5.19701 5.09916 5.43153
224000 5.19701 5.09916 5.43153
225000 5.19701 5.09916 5.43153
226000 5.19701 5.09916 5.43153
227000 5.19701 5.09916 5.43153
228000 5.19701 5.09916 5.43153
229000 5.19701 5.09916 5.43153
230000 5.19701 5.09916 5.43153
231000 5.19701 5.09916 5.43153
232000 5.19701 5.09916 5.43153
233000 5.19701 5.09916 5.43153
234000 5.19701 5.09916 5.43153
235000 5.19701 5.09916 5.43153
236000 5.19701 5.09916 5.43153
237000 5.19701 5.09916 5.43153
238000 5.19701 5.09916 5.43153
239000 5.19701 5.09916 5.43153
240000 5.19701 5.09916 5.43153
241000 5.19701 5.09916 5.43153
242000 5.19701 5.09916 5.43153
243000 5.19701 5.09916 5.43153
244000 5.19701 5.09916 5.43153
245000 5.19701 5.09916 5.43153
246000 5.19701 5.09916 5.43153
247000 5.19701 5.09916 5.43153
248000 5.19701 5.09916 5.43153
249000 5.19701 5.09916 5.43153
250000 5.19701 5.09916 5.43153
251000 5.19701 5.09916 5.43153
252000 5.19701 5.09916 5.43153
253000 5.19701 5.09916 5.43153
254000 5.19701 5.09916 5.43153
255000 5.19701 5.09916 5.43153
256000 5.19701 5.09916 5.43153
257000 5.19701 5.09916 5.43153
258000 5.19701 5.09916 5.43153
259000 5.19701 5.09916 5.43153
260000 5.19701 5.09916 5.43153
261000 5.19701 5.09916 5.43153
262000 5.19701 5.09916 5.43153
263000 5.19701 5.09916 5.43153
264000 5.19701 5.09916 5.43153
265000 5.19701 5.09916 5.43153
266000 5.19701 5.09916 5.43153
267000 5.19701 5.09916 5.43153
268000 5.19701 5.09916 5.43153
269000 5.19701 5.09916 5.43153
270000 5.19701 5.09916 5.43153
271000 5.19701 5.09916 5.43153
272000 5.19701 5.09916 5.43153
273000 5.19701 5.09916 5.43153
274000 5.19701 5.09916 5.43153
275000 5.19701 5.09916 5.43153
276000 5.19701 5.09916 5.43153
277000 5.19701 5.09916 5.43153
278000 5.19701 5.09916 5.43153
279000 5.19701 5.09916 5.43153
280000 5.19701 5.09916 5.43153
281000 5.19701 5.09916 5.43153
282000 5.19701 5.09916 5.43153
283000 5.19701 5.09916 5.43153
284000 5.19701 5.09916 5.43153
285000 5.19701 5.09916 5.43153
286000 5.19701 5.09916 5.43153
287000 5.19701 5.09916 5.43153
288000 5.19701 5.09916 5.43153
289000 5.19701 5.09916 5.43153
290000 5.19701 5.09916 5.43153
291000 5.19701 5.09916 5.43153
292000 5.19701 5.09916 5.43153
293000 5.19701 5.09916 5.43153
294000 5.19701 5.09916 5.43153
295000 5.19701 5.09916 5.43153
296000 5.19701 5.09916 5.43153
297000 5.19701 5.09916 5.43153
298000 5.19701 5.09916 5.43153
299000 5.19701 5.09916 5.43153
300000 5.19701 5.09916 5.43153
301000 5.19701 5.09916 5.43153
302000 5.19701 5.09916 5.43153
303000 5.19701 5.09916 5.43153
304000 5.19701 5.09916 5.43153
305000 5.19701 5.09916 5.43153
306000 5.19701 5.09916 5.43153
307000 5.19701 5.09916 5.43153
308000 5.19701 5.09916 5.43153
309000 5.19701 5.09916 5.43153
310000 5.19701 5.09916 5.43153
311000 5.19701 5.09916 5.43153
312000 5.19701 5.09916 5.43153
313000 5.19701 5.09916 5.43153
314000 5.19701 5.09916 5.43153
315000 5.19701 5.09916 5.43153
316000 5.19701 5.09916 5.43153
317000 5.19701 5.09916 5.43153
318000 5.19701 5.09916 5.43153
319000 5.19701 5.09916 5.43153
320000 5.19701 5.09916 5.43153
321000 5.19701 5.09916 5.43153
322000 5.19701 5.09916 5.43153
323000 5.19701 5.09916 5.43153
324000 5.19701 5.09916 5.43153
325000 5.19701 5.09916 5.43153
326000 5.19701 5.09916 5.43153
327000 5.19701 5.09916 5.43153
328000 5.19701 5.09916 5.43153
329000 5.19701 5.09916 5.43153
330000 5.19701 5.09916 5.43153
331000 5.19701 5.09916 5.43153
332000 5.19701 5.09916 5.43153
333000 5.19701 5.09916 5.43153
334000 5.19701 5.09916 5.43153
335000 5.19701 5.09916 5.43153
336000 5.19701 5.09916 5.43153
337000 5.19701 5.09916 5.43153
338000 5.19701 5.09916 5.43153
339000 5.19701 5.09916 5.43153
340000 5.19701 5.09916 5.43153
341000 5.19701 5.09916 5.43153
342000 5.19701 5.09916 5.43153
343000 5.19701 5.09916 5.43153
344000 5.19701 5.09916 5.43153
345000 5.19701 5.09916 5.43153
346000 5.19701 5.09916 5.43153
347000 5.19701 5.09916 5.43153
348000 5.19701 5.09916 5.43153
349000 5.19701 5.09916 5.43153
350000 5.19701 5.09916 5.43153
351000 5.19701 5.09916 5.43153
352000 5.19701 5.09916 5.43153
353000 5.19701 5.09916 5.43153
354000 5.19701 5.09916 5.43153
355000 5.19701 5.09916 5.43153
356000 5.19701 5.09916 5.43153
357000 5.19701 5.09916 5.43153
358000 5.19701 5.09916 5.43153
359000 5.19701 5.09916 5.43153
360000 5.19701 5.09916 5.43153
361000 5.19701 5.09916 5.43153
362000 5.19701 5.09916 5.43153
363000 5.19701 5.09916 5.43153
364000 5.19701 5.09916 5.43153
365000 5.19701 5.09916 5.43153
366000 5.19701 5.09916 5.43153
367000 5.19701 5.09916 5.43153
368000 5.19701 5.09916 5.43153
369000 5.19701 5.09916 5.43153
370000 5.19701 5.09916 5.43153
371000 5.19701 5.09916 5.43153
372000 5.19701 5.09916 5.43153
373000 5.19701 5.09916 5.43153
374000 5.19701 5.09916 5.43153
375000 5.19701 5.09916 5.43153
376000 5.19701 5.09916 5.43153
377000 5.19701 5.09916 5.43153
378000 5.19701 5.09916 5.43153
379000 5.19701 5.09916 5.43153
380000 5.19701 5.09916 5.43153
381000 5.19701 5.09916 5.43153
382000 5.19701 5.09916 5.43153
383000 5.19701 5.09916 5.43153
384000 5.19701 5.09916 5.43153
385000 5.19701 5.09916 5.43153
386000 5.19701 5.09916 5.43153
387000 5.19701 5.09916 5.43153
388000 5.19701 5.09916 5.43153
389000 5.19701 5.09916 5.43153
390000 5.19701 5.09916 5.43153
391000 5.19701 5.09916 5.43153
392000 5.19701 5.09916 5.43153
393000 5.19701 5.09916 5.43153
394000 5.19701 5.09916 5.43153
395000 5.19701 5.09916 5.43153
396000 5.19701 5.09916 5.43153
397000 5.19701 5.09916 5.43153
398000 5.19701 5.09916 5.43153
399000 5.19701 5.09916 5.43153
400000 5.19701 5.09916 5.43153
401000 5.19701 5.09916 5.43153
402000 5.19701 5.09916 5.43153
403000 5.19701 5.09916 5.43153
404000 5.19701 5.09916 5.43153
405000 5.19701 5.09916 5.43153
406000 5.19701 5.09916 5.43153
407000 5.19701 5.09916 5.43153
408000 5.19701 5.09916 5.43153
409000 5.19701 5.09916 5.43153
410000 5.19701 5.09916 5.43153
411000 5.19701 5.09916 5.43153
412000 5.19701 5.09916 5.43153
413000 5.19701 5.09916 5.43153
414000 5.19701 5.09916 5.43153
415000 5.19701 5.09916 5.43153
416000 5.19701 5.09916 5.43153
417000 5.19701 5.09916 5.43153
418000 5.19701 5.09916 5.43153
419000 5.19701 5.09916 5.43153
420000 5.19701 5.09916 5.43153
421000 5.19701 5.09916 5.43153
422000 5.19701 5.09916 5.43153
423000 5.19701 5.09916 5.43153
424000 5.19701 5.09916 5.43153
425000 5.19701 5.09916 5.43153
426000 5.19701 5.09916 5.43153
427000 5.19701 5.09916 5.43153
428000 5.19701 5.09916 5.43153
429000 5.19701 5.09916 5.43153
430000 5.19701 5.09916 5.43153
431000 5.19701 5.09916 5.43153
432000 5.19701 5.09916 5.43153
433000 5.19701 5.09916 5.43153
434000 5.19701 5.09916 5.43153
435000 5.19701 5.09916 5.43153
436000 5.19701 5.09916 5.43153
437000 5.19701 5.09916 5.43153
438000 5.19701 5.09916 5.43153
439000 5.19701 5.09916 5.43153
440000 5.19701 5.09916 5.43153
441000 5.19701 5.09916 5.43153
442000 5.19701 5.09916 5.43153
443000 5.19701 5.09916 5.43153
444000 5.19701 5.09916 5.43153
445000 5.19701 5.09916 5.43153
446000 5.19701 5.09916 5.43153
447000 5.19701 5.09916 5.43153
448000 5.19701 5.09916 5.43153
449000 5.19701 5.09916 5.43153
450000 5.19701 5.09916 5.43153
451000 5.19701 5.09916 5.43153
452000 5.19701 5.09916 5.43153
453000 5.19701 5.09916 5.43153
454000 5.19701 5.09916 5.43153
455000 5.19701 5.09916 5.43153
456000 5.19701 5.09916 5.43153
457000 5.19701 5.09916 5.43153
458000 5.19701 5.09916 5.43153
459000 5.19701 5.09916 5.43153
460000 5.19701 5.09916 5.43153
461000 5.19701 5.09916 5.43153
462000 5.19701 5.09916 5.43153
463000 5.19701 5.09916 5.43153
464000 5.19701 5.09916 5.43153
465000 5.19701 5.09916 5.43153
466000 5.19701 5.09916 5.43153
467000 5.19701 5.09916 5.43153
468000 5.19701 5.09916 5.43153
469000 5.19701 5.09916 5.43153
470000 5.19701 5.09916 5.43153
471000 5.19701 5.09916 5.43153
472000 5.19701 5.09916 5.43153
473000 5.19701 5.09916 5.43153
474000 5.19701 5.09916 5.43153
475000 5.19701 5.09916 5.43153
476000 5.19701 5.09916 5.43153
477000 5.19701 5.09916 5.43153
478000 5.19701 5.09916 5.43153
479000 5.19701 5.09916 5.43153
480000 5.19701 5.09916 5.43153
481000 5.19701 5.09916 5.43153
482000 5.19701 5.09916 5.43153
483000 5.19701 5.09916 5.43153
484000 5.19701 5.09916 5.43153
485000 5.19701 5.09916 5.43153
486000 5.19701 5.09916 5.43153
487000 5.19701 5.09916 5.43153
488000 5.19701 5.09916 5.43153
489000 5.19701 5.09916 5.43153
490000 5.19701 5.09916 5.43153
491000 5.19701 5.09916 5.43153
492000 5.19701 5.09916 5.43153
493000 5.19701 5.09916 5.43153
494000 5.19701 5.09916 5.43153
495000 5.19701 5.09916 5.43153
496000 5.19701 5.09916 5.43153
497000 5.19701 5.09916 5.43153
498000 5.19701 5.09916 5.43153
499000 5.19701 5.09916 5.43153
500000 5.19701 5.09916 5.43153
501000 5.19701 5.09916 5.43153
502000 5.19701 5.09916 5.43153
503000 5.19701 5.09916 5.43153
504000 5.19701 5.09916 5.43153
505000 5.19701 5.09916 5.43153
506000 5.19701 5.09916 5.43153
507000 5.19701 5.09916 5.43153
508000 5.19701 5.09916 5.43153
509000 5.19701 5.09916 5.43153
510000 5.19701 5.09916 5.43153
511000 5.19701 5.09916 5.43153
512000 5.19701 5.09916 5.43153
513000 5.19701 5.09916 5.43153
514000 5.19701 5.09916 5.43153
515000 5.19701 5.09916 5.43153
516000 5.19701 5.09916 5.43153
517000 5.19701 5.09916 5.43153
518000 5.19701 5.09916 5.43153
519000 5.19701 5.09916 5.43153
520000 5.19701 5.09916 5.43153
521000 5.19701 5.09916 5.43153
522000 5.19701 5.09916 5.43153
523000 5.19701 5.09916 5.43153
524000 5.19701 5.09916 5.43153
525000 5.19701 5.09916 5.43153
526000 5.19701 5.09916 5.43153
527000 5.19701 5.09916 5.43153
528000 5.19701 5.09916 5.43153
529000 5.19701 5.09916 5.43153
530000 5.19701 5.09916 5.43153
531000 5.19701 5.09916 5.43153
532000 5.19701 5.09916 5.43153
533000 5.19701 5.09916 5.43153
534000 5.19701 5.09916 5.43153
535000 5.19701 5.09916 5.43153
536000 5.19701 5.09916 5.43153
537000 5.19701 5.09916 5.43153
538000 5.19701 5.09916 5.43153
539000 5.19701 5.09916 5.43153
540000 5.19701 5.09916 5.43153
541000 5.19701 5.09916 5.43153
542000 5.19701 5.09916 5.43153
543000 5.19701 5.09916 5.43153
544000 5.19701 5.09916 5.43153
545000 5.19701 5.09916 5.43153
546000 5.19701 5.09916 5.43153
547000 5.19701 5.09916 5.43153
548000 5.19701 5.09916 5.43153
549000 5.19701 5.09916 5.43153
550000 5.19701 5.09916 5.43153
551000 5.19701 5.09916 5.43153
552000 5.19701 5.09916 5.43153
553000 5.19701 5.09916 5.43153
554000 5.19701 5.09916 5.43153
555000 5.19701 5.09916 5.43153
556000 5.19701 5.09916 5.43153
557000 5.19701 5.09916 5.43153
558000 5.19701 5.09916 5.43153
559000 5.19701 5.09916 5.43153
560000 5.19701 5.09916 5.43153
561000 5.19701 5.09916 5.43153
562000 5.19701 5.09916 5.43153
563000 5.19701 5.09916 5.43153
564000 5.19701 5.09916 5.43153
565000 5.19701 5.09916 5.43153
566000 5.19701 5.09916 5.43153
567000 5.19701 5.09916 5.43153
568000 5.19701 5.09916 5.43153
569000 5.19701 5.09916 5.43153
570000 5.19701 5.09916 5.43153
571000 5.19701 5.09916 5.43153
572000 5.19701 5.09916 5.43153
573000 5.19701 5.09916 5.43153
574000 5.19701 5.09916 5.43153
575000 5.19701 5.09916 5.43153
576000 5.19701 5.09916 5.43153
577000 5.19701 5.09916 5.43153
578000 5.19701 5.09916 5.43153
579000 5.19701 5.09916 5.43153
580000 5.19701 5.09916 5.43153
581000 5.19701 5.09916 5.43153
582000 5.19701 5.09916 5.43153
583000 5.19701 5.09916 5.43153
584000 5.19701 5.09916 5.43153
585000 5.19701 5.09916 5.43153
586000 5.19701 5.09916 5.43153
587000 5.19701 5.09916 5.43153
588000 5.19701 5.09916 5.43153
589000 5.19701 5.09916 5.43153
590000 5.19701 5.09916 5.43153
591000 5.19701 5.09916 5.43153
592000 5.19701 5.09916 5.43153
593000 5.19701 5.09916 5.43153
594000 5.19701 5.09916 5.43153
595000 5.19701 5.09916 5.43153
596000 5.19701 5.09916 5.43153
597000 5.19701 5.09916 5.43153
598000 5.19701 5.09916 5.43153
599000 5.19701 5.09916 5.43153
600000 5.19701 5.09916 5.43153
601000 5.19701 5.09916 5.43153
602000 5.19701 5.09916 5.43153
603000 5.19701 5.09916 5.43153
604000 5.19701 5.09916 5.43153
605000 5.19701 5.09916 5.43153
606000 5.19701 5.09916 5.43153
607000 5.19701 5.09916 5.43153
608000 5.19701 5.09916 5.43153
609000 5.19701 5.09916 5.43153
610000 5.19701 5.09916 5.43153
611000 5.19701 5.09916 5.43153
612000 5.19701 5.09916 5.43153
613000 5.19701 5.09916 5.43153
614000 5.19701 5.09916 5.43153
615000 5.19701 5.09916 5.43153
616000 5.19701 5.09916 5.43153
617000 5.19701 5.09916 5.43153
618000 5.19701 5.09916 5.43153
619000 5.19701 5.09916 5.43153
620000 5.19701 5.09916 5.43153
621000 5.19701 5.09916 5.43153
622000 5.19701 5.09916 5.43153
623000 5.19701 5.09916 5.43153
624000 5.19701 5.09916 5.43153
625000 5.19701 5.09916 5.43153
626000 5.19701 5.09916 5.43153
627000 5.19701 5.09916 5.43153
628000 5.19701 5.09916 5.43153
629000 5.19701 5.09916 5.43153
630000 5.19701 5.09916 5.43153
631000 5.19701 5.09916 5.43153
632000 5.19701 5.09916 5.43153
633000 5.19701 5.09916 5.43153
634000 5.19701 5.09916 5.43153
635000 5.19701 5.09916 5.43153
636000 5.19701 5.09916 5.43153
637000 5.19701 5.09916 5.43153
638000 5.19701 5.09916 5.43153
639000 5.19701 5.09916 5.43153
640000 5.19701 5.09916 5.43153
641000 5.19701 5.09916 5.43153
642000 5.19701 5.09916 5.43153
643000 5.19701 5.09916 5.43153
644000 5.19701 5.09916 5.43153
645000 5.19701 5.09916 5.43153
646000 5.19701 5.09916 5.43153
647000 5.19701 5.09916 5.43153
648000 5.19701 5.09916 5.43153
649000 5.19701 5.09916 5.43153
650000 5.19701 5.09916 5.43153
651000 5.19701 5.09916 5.43153
652000 5.19701 5.09916 5.43153
653000 5.19701 5.09916 5.43153
654000 5.19701 5.09916 5.43153
655000 5.19701 5.09916 5.43153
656000 5.19701 5.09916 5.43153
657000 5.19701 5.09916 5.43153
658000 5.19701 5.09916 5.43153
659000 5.19701 5.09916 5.43153
660000 5.19701 5.09916 5.43153
661000 5.19701 5.09916 5.43153
662000 5.19701 5.09916 5.43153
663000 5.19701 5.09916 5.43153
664000 5.19701 5.09916 5.43153
665000 5.19701 5.09916 5.43153
666000 5.19701 5.09916 5.43153
667000 5.19701 5.09916 5.43153
668000 5.19701 5.09916 5.43153
669000 5.19701 5.09916 5.43153
670000 5.19701 5.09916 5.43153
671000 5.19701 5.09916 5.43153
672000 5.19701 5.09916 5.43153
673000 5.19701 5.09916 5.43153
674000 5.19701 5.09916 5.43153
675000 5.19701 5.09916 5.43153
676000 5.19701 5.09916 5.43153
677000 5.19701 5.09916 5.43153
678000 5.19701 5.09916 5.43153
679000 5.19701 5.09916 5.43153
680000 5.19701 5.09916 5.43153
681000 5.19701 5.09916 5.43153
682000 5.19701 5.09916 5.43153
683000 5.19701 5.09916 5.43153
684000 5.19701 5.09916 5.43153
685000 5.19701 5.09916 5.43153
686000 5.19701 5.09916 5.43153
687000 5.19701 5.09916 5.43153
688000 5.19701 5.09916 5.43153
689000 5.19701 5.09916 5.43153
690000 5.19701 5.09916 5.43153
691000 5.19701 5.09916 5.43153
692000 5.19701 5.09916 5.43153
693000 5.19701 5.09916 5.43153
694000 5.19701 5.09916 5.43153
695000 5.19701 5.09916 5.43153
696000 5.19701 5.09916 5.43153
697000 5.19701 5.09916 5.43153
698000 5.19701 5.09916 5.43153
699000 5.19701 5.09916 5.43153
700000 5.19701 5.09916 5.43153
701000 5.19701 5.09916 5.43153
702000 5.19701 5.09916 5.43153
703000 5.19701 5.09916 5.43153
704000 5.19701 5.09916 5.43153
705000 5.19701 5.09916 5.43153
706000 5.19701 5.09916 5.43153
707000 5.19701 5.09916 5.43153
708000 5.19701 5.09916 5.43153
709000 5.19701 5.09916 5.43153
710000 5.19701 5.09916 5.43153
711000 5.19701 5.09916 5.43153
712000 5.19701 5.09916 5.43153
713000 5.19701 5.09916 5.43153
714000 5.19701 5.09916 5.43153
715000 5.19701 5.09916 5.43153
716000 5.19701 5.09916 5.43153
717000 5.19701 5.09916 5.43153
718000 5.19701 5.09916 5.43153
719000 5.19701 5.09916 5.43153
720000 5.19701 5.09916 5.43153
721000 5.19701 5.09916 5.43153
722000 5.19701 5.09916 5.43153
723000 5.19701 5.09916 5.43153
724000 5.19701 5.09916 5.43153
725000 5.19701 5.09916 5.43153
726000 5.19701 5.09916 5.43153
727000 5.19701 5.09916 5.43153
728000 5.19701 5.09916 5.43153
729000 5.19701 5.09916 5.43153
730000 5.19701 5.09916 5.43153
731000 5.19701 5.09916 5.43153
732000 5.19701 5.09916 5.43153
733000 5.19701 5.09916 5.43153
734000 5.19701 5.09916 5.43153
735000 5.19701 5.09916 5.43153
736000 5.19701 5.09916 5.43153
737000 5.19701 5.09916 5.43153
738000 5.19701 5.09916 5.43153
739000 5.19701 5.09916 5.43153
740000 5.19701 5.09916 5.43153
741000 5.19701 5.09916 5.43153
742000 5.19701 5.09916 5.43153
743000 5.19701 5.09916 5.43153
744000 5.19701 5.09916 5.43153
745000 5.19701 5.09916 5.43153
746000 5.19701 5.09916 5.43153
747000 5.19701 5.09916 5.43153
748000 5.19701 5.09916 5.43153
749000 5.19701 5.09916 5.43153
750000 5.19701 5.09916 5.43153
751000 5.19701 5.09916 5.43153
752000 5.19701 5.09916 5.43153
753000 5.19701 5.09916 5.43153
754000 5.19701 5.09916 5.43153
755000 5.19701 5.09916 5.43153
756000 5.19701 5.09916 5.43153
757000 5.19701 5.09916 5.43153
758000 5.19701 5.09916 5.43153
759000 5.19701 5.09916 5.43153
760000 5.19701 5.09916 5.43153
761000 5.19701 5.09916 5.43153
762000 5.19701 5.09916 5.43153
763000 5.19701 5.09916 5.43153
764000 5.19701 5.09916 5.43153
765000 5.19701 5.09916 5.43153
766000 5.19701 5.09916 5.43153
767000 5.19701 5.09916 5.43153
768000 5.19701 5.09916 5.43153
769000 5.19701 5.09916 5.43153
770000 5.19701 5.09916 5.43153
771000 5.19701 5.09916 5.43153
772000 5.19701 5.09916 5.43153
773000 5.19701 5.09916 5.43153
774000 5.19701 5.09916 5.43153
775000 5.19701 5.09916 5.43153
776000 5.19701 5.09916 5.43153
777000 5.19701 5.09916 5.43153
778000 5.19701 5.09916 5.43153
779000 5.19701 5.09916 5.43153
780000 5.19701 5.09916 5.43153
781000 5.19701 5.09916 5.43153
782000 5.19701 5.09916 5.43153
783000 5.19701 5.09916 5.43153
784000 5.19701 5.09916 5.43153
785000 5.19701 5.09916 5.43153
786000 5.19701 5.09916 5.43153
787000 5.19701 5.09916 5.43153
788000 5.19701 5.09916 5.43153
789000 5.19701 5.09916 5.43153
790000 5.19701 5.09916 5.43153
791000 5.19701 5.09916 5.43153
792000 5.19701 5.09916 5.43153
793000 5.19701 5.09916 5.43153
794000 5.19701 5.09916 5.43153
795000 5.19701 5.09916 5.43153
796000 5.19701 5.09916 5.43153
797000 5.19701 5.09916 5.43153
798000 5.19701 5.09916 5.43153
799000 5.19701 5.09916 5.43153
800000 5.19701 5.09916 5.43153
801000 5.19701 5.09916 5.43153
802000 5.19701 5.09916 5.43153
803000 5.19701 5.09916 5.43153
804000 5.19701 5.09916 5.43153
805000 5.19701 5.09916 5.43153
806000 5.19701 5.09916 5.43153
807000 5.19701 5.09916 5.43153
808000 5.19701 5.09916 5.43153
809000 5.19701 5.09916 5.43153
810000 5.19701 5.09916 5.43153
811000 5.19701 5.09916 5.43153
812000 5.19701 5.09916 5.43153
813000 5.19701 5.09916 5.43153
814000 5.19701 5.09916 5.43153
815000 5.19701 5.09916 5.43153
816000 5.19701 5.09916 5.43153
817000 5.19701 5.09916 5.43153
818000 5.19701 5.09916 5.43153
819000 5.19701 5.09916 5.43153
820000 5.19701 5.09916 5.43153
821000 5.19701 5.09916 5.43153
822000 5.19701 5.09916 5.43153
823000 5.19701 5.09916 5.43153
824000 5.19701 5.09916 5.43153
825000 5.19701 5.09916 5.43153
826000 5.19701 5.09916 5.43153
827000 5.19701 5.09916 5.43153
828000 5.19701 5.09916 5.43153
829000 5.19701 5.09916 5.43153
830000 5.19701 5.09916 5.43153
831000 5.19701 5.09916 5.43153
832000 5.19701 5.09916 5.43153
833000 5.19701 5.09916 5.43153
834000 5.19701 5.09916 5.43153
835000 5.19701 5.09916 5.43153
836000 5.19701 5.09916 5.43153
837000 5.19701 5.09916 5.43153
838000 5.19701 5.09916 5.43153
839000 5.19701 5.09916 5.43153
840000 5.19701 5.09916 5.43153
841000 5.19701 5.09916 5.43153
842000 5.19701 5.09916 5.43153
843000 5.19701 5.09916 5.43153
844000 5.19701 5.09916 5.43153
845000 5.19701 5.09916 5.43153
846000 5.19701 5.09916 5.43153
847000 5.19701 5.09916 5.43153
848000 5.19701 5.09916 5.43153
849000 5.19701 5.09916 5.43153
850000 5.19701 5.09916 5.43153
851000 5.19701 5.09916 5.43153
852000 5.19701 5.09916 5.43153
853000 5.19701 5.09916 5.43153
854000 5.19701 5.09916 5.43153
855000 5.19701 5.09916 5.43153
856000 5.19701 5.09916 5.43153
857000 5.19701 5.09916 5.43153
858000 5.19701 5.09916 5.43153
859000 5.19701 5.09916 5.43153
860000 5.19701 5.09916 5.43153
861000 5.19701 5.09916 5.43153
862000 5.19701 5.09916 5.43153
863000 5.19701 5.09916 5.43153
864000 5.19701 5.09916 5.43153
865000 5.19701 5.09916 5.43153
866000 5.19701 5.09916 5.43153
867000 5.19701 5.09916 5.43153
868000 5.19701 5.09916 5.43153
869000 5.19701 5.09916 5.43153
870000 5.19701 5.09916 5.43153
871000 5.19701 5.09916 5.43153
872000 5.19701 5.09916 5.43153
873000 5.19701 5.09916 5.43153
874000 5.19701 5.09916 5.43153
875000 5.19701 5.09916 5.43153
876000 5.19701 5.09916 5.43153
877000 5.19701 5.09916 5.43153
878000 5.19701 5.09916 5.43153
879000 5.19701 5.09916 5.43153
880000 5.19701 5.09916 5.43153
881000 5.19701 5.09916 5.43153
882000 5.19701 5.09916 5.43153
883000 5.19701 5.09916 5.43153
884000 5.19701 5.09916 5.43153
885000 5.19701 5.09916 5.43153
886000 5.19701 5.09916 5.43153
887000 5.19701 5.09916 5.43153
888000 5.19701 5.09916 5.43153
889000 5.19701 5.09916 5.43153
890000 5.19701 5.09916 5.43153
891000 5.19701 5.09916 5.43153
892000 5.19701 5.09916 5.43153
893000 5.19701 5.09916 5.43153
894000 5.19701 5.09916 5.43153
895000 5.19701 5.09916 5.43153
896000 5.19701 5.09916 5.43153
897000 5.19701 5.09916 5.43153
898000 5.19701 5.09916 5.43153
899000 5.19701 5.09916 5.43153
900000 5.19701 5.09916 5.43153
901000 5.19701 5.09916 5.43153
902000 5.19701 5.09916 5.43153
903000 5.19701 5.09916 5.43153
904000 5.19701 5.09916 5.43153
905000 5.19701 5.09916 5.43153
906000 5.19701 5.09916 5.43153
907000 5.19701 5.09916 5.43153
908000 5.19701 5.09916 5.43153
909000 5.19701 5.09916 5.43153
910000 5.19701 5.09916 5.43153
911000 5.19701 5.09916 5.43153
912000 5.19701 5.09916 5.43153
913000 5.19701 5.09916 5.43153
914000 5.19701 5.09916 5.43153
915000 5.19701 5.09916 5.43153
916000 5.19701 5.09916 5.43153
917000 5.19701 5.09916 5.43153
918000 5.19701 5.09916 5.43153
919000 5.19701 5.09916 5.43153
920000 5.19701 5.09916 5.43153
921000 5.19701 5.09916 5.43153
922000 5.19701 5.09916 5.43153
923000 5.19701 5.09916 5.43153
924000 5.19701 5.09916 5.43153
925000 5.19701 5.09916 5.43153
926000 5.19701 5.09916 5.43153
927000 5.19701 5.09916 5.43153
928000 5.19701 5.09916 5.43153
929000 5.19701 5.09916 5.43153
930000 5.19701 5.09916 5.43153
931000 5.19701 5.09916 5.43153
932000 5.19701 5.09916 5.43153
933000 5.19701 5.09916 5.43153
934000 5.19701 5.09916 5.43153
935000 5.19701 5.09916 5.43153
936000 5.19701 5.09916 5.43153
937000 5.19701 5.09916 5.43153
938000 5.19701 5.09916 5.43153
939000 5.19701 5.09916 5.43153
940000 5.19701 5.09916 5.43153
941000 5.19701 5.09916 5.43153
942000 5.19701 5.09916 5.43153
943000 5.19701 5.09916 5.43153
944000 5.19701 5.09916 5.43153
945000 5.19701 5.09916 5.43153
946000 5.19701 5.09916 5.43153
947000 5.19701 5.09916 5.43153
948000 5.19701 5.09916 5.43153
949000 5.19701 5.09916 5.43153
950000 5.19701 5.09916 5.43153
951000 5.19701 5.09916 5.43153
952000 5.19701 5.09916 5.43153
953000 5.19701 5.09916 5.43153
954000 5.19701 5.09916 5.43153
955000 5.19701 5.09916 5.43153
956000 5.19701 5.09916 5.43153
957000 5.19701 5.09916 5.43153
958000 5.19701 5.09916 5.43153
959000 5.19701 5.09916 5.43153
960000 5.19701 5.09916 5.43153
961000 5.19701 5.09916 5.43153
962000 5.19701 5.09916 5.43153
963000 5.19701 5.09916 5.43153
964000 5.19701 5.09916 5.43153
965000 5.19701 5.09916 5.43153
966000 5.19701 5.09916 5.43153
967000 5.19701 5.09916 5.43153
968000 5.19701 5.09916 5.43153
969000 5.19701 5.09916 5.43153
970000 5.19701 5.09916 5.43153
971000 5.19701 5.09916 5.43153
972000 5.19701 5.09916 5.43153
973000 5.19701 5.09916 5.43153
974000 5.19701 5.09916 5.43153
975000 5.19701 5.09916 5.43153
976000 5.19701 5.09916 5.43153
977000 5.19701 5.09916 5.43153
978000 5.19701 5.09916 5.43153
979000 5.19701 5.09916 5.43153
980000 5.19701 5.09916 5.43153
981000 5.19701 5.09916 5.43153
982000 5.19701 5.09916 5.43153
983000 5.19701 5.09916 5.43153
984000 5.19701 5.09916 5.43153
985000 5.19701 5.09916 5.43153
986000 5.19701 5.09916 5.43153
987000 5.19701 5.09916 5.43153
988000 5.19701 5.09916 5.43153
989000 5.19701 5.09916 5.43153
990000 5.19701 5.09916 5.43153
991000 5.19701 5.09916 5.43153
992000 5.19701 5.09916 5.43153
993000 5.19701 5.09916 5.43153
994000 5.19701 5.09916 5.43153
995000 5.19701 5.09916 5.43153
996000 5.19701 5.09916 5.43153
997000 5.19701 5.09916 5.43153
998000 5.19701 5.09916 5.43153
999000 5.19701 5.09916 5.43153
1000000 5.19701 5.09916 5.43153
