# Time-averaged data for fix avgcoord
# TimeStep c_ac50 c_ac75 c_ac100 c_ac125
1000 0 0 2.04 7.12
2000 0 0.04 2.2 7
3000 0 0 2.12 6.88
4000 0 0 2 7.08
5000 0 0 2.16 7.12
6000 0 0 2.44 6.8
7000 0 0 2.16 7.24
8000 0 0 2.12 7.36
9000 0 0 1.68 7.48
10000 0 0 2.76 6.84
11000 0 0 2.36 7.52
12000 0 0 2.08 7.32
13000 0 0 2.4 6.96
14000 0 0 2.4 7.16
15000 0 0 2.36 7
16000 0 0 2.16 7
17000 0 0 2.2 7.28
18000 0 0 2.56 7.2
19000 0 0 2.24 7.4
20000 0 0 1.96 6.92
21000 0 0 2.64 7.24
22000 0 0 2.4 7.2
23000 0 0 2.8 7.12
24000 0 0 2.76 7.36
25000 0 0 2.2 7.52
26000 0 0 2.52 7.2
27000 0 0 2.24 7.12
28000 0 0 2.32 7.72
29000 0 0 2.36 7.48
30000 0 0 2.36 7.4
31000 0 0 2.56 7.08
32000 0 0 2.64 7.44
33000 0 0.04 2.88 7.56
34000 0 0 2.36 7.32
35000 0 0 2.68 7.24
36000 0 0.04 1.8 7.52
37000 0 0 2.32 7.48
38000 0 0 2.4 7.36
39000 0 0 2.24 7.72
40000 0 0 2.6 7.2
41000 0 0 2.8 7.04
42000 0 0 2.12 7.32
43000 0 0 2.16 7.44
44000 0 0.04 2.64 7.24
45000 0 0 2.32 7.36
46000 0 0 2.56 7.24
47000 0 0 2.36 7.16
48000 0 0 2.48 7.28
49000 0 0 2.48 7.48
50000 0 0 2.4 7.08
51000 0 0 2.24 7.24
52000 0 0 2.52 7.48
53000 0 0 2.24 7.16
54000 0 0 2.64 7.28
55000 0 0 2.4 7.48
56000 0 0 2.64 7.48
57000 0 0 2.84 7.44
58000 0 0.04 2 7.44
59000 0 0 2.48 7.08
60000 0 0 2.76 7.2
61000 0 0 2.76 7.32
62000 0 0 2.48 6.96
63000 0 0 2.36 6.92
64000 0 0 2.44 6.92
65000 0 0 2.36 7.56
66000 0 0 2.56 7.56
67000 0 0 2.4 7.44
68000 0 0 2.72 7
69000 0 0 2.44 7
70000 0 0 2.32 6.92
71000 0 0 1.84 7.12
72000 0 0 2.2 7.04
73000 0 0 2 7.28
74000 0 0 2.16 6.8
75000 0 0 2.48 6.92
76000 0 0 1.92 7.36
77000 0 0 2.76 7.2
78000 0 0 2.12 7.04
79000 0 0.04 2.12 7.4
80000 0 0 2.32 7.24
81000 0 0 2.28 7.12
82000 0 0 2 7.16
83000 0 0 2.28 7.32
84000 0 0 2.88 7.68
85000 0 0 2.32 7.52
86000 0 0 2.48 7.32
87000 0 0 2.44 7.24
88000 0 0 1.92 7.12
89000 0 0 2.36 7.04
90000 0 0 2.28 7.4
91000 0 0 2.48 7.28
92000 0 0 2.32 7.4
93000 0 0 2.52 7.28
94000 0 0 2.36 7.36
95000 0 0 2.08 7.44
96000 0 0 2.44 7.88
97000 0 0 2.6 7.52
98000 0 0 2.32 7.24
99000 0 0.04 1.8 7.2
100000 0 0 2.56 7.28
101000 0 0 2.48 7.32
102000 0 0 2.52 7.8
103000 0 0 2.6 7.32
104000 0 0.04 2.28 6.72
105000 0 0 2.36 7.2
106000 0 0.04 2.12 7.12
107000 0 0 2.32 7.04
108000 0 0 2.2 7.76
109000 0 0 2.44 7.28
110000 0 0 2.48 7.2
111000 0 0 1.92 7.08
112000 0 0 2.08 6.88
113000 0 0 2.16 7.04
114000 0 0 2.44 6.8
115000 0 0 2.2 6.84
116000 0 0 2.12 6.88
117000 0 0 2.56 6.92
118000 0 0.04 2.24 7.08
119000 0 0 2.52 7.36
120000 0 0 1.88 7.36
121000 0 0 2.28 7.44
122000 0 0 2.32 7.52
123000 0 0 2.08 7.24
124000 0 0 2.28 7.2
125000 0 0 2.56 7.28
126000 0 0 2.32 7.24
127000 0 0 2.6 7.44
128000 0 0 2.48 7.76
129000 0 0 2.52 7.28
130000 0 0 2.24 7.36
131000 0 0 2.24 7.12
132000 0 0 2.12 7.08
133000 0 0 2.52 7.4
134000 0 0 2.28 7.24
135000 0 0 2.08 7.08
136000 0 0 2.16 7.4
137000 0 0 2 7.32
138000 0 0 2.04 7.2
139000 0 0 2.24 7.08
140000 0 0 2.64 7.2
141000 0 0 2.32 7.28
142000 0 0 2.4 6.84
143000 0 0 2.12 7.04
144000 0 0 2.48 7.48
145000 0 0 2.36 7.04
146000 0 0 2.08 7.16
147000 0 0 1.88 6.76
148000 0 0 2 7.08
149000 0 0 1.96 6.92
150000 0 0 2.48 7.44
151000 0 0 2.2 7.4
152000 0 0 2.44 7.52
153000 0 0.04 1.96 7.4
154000 0 0 2 6.8
155000 0 0 2.76 7.16
156000 0 0 2.12 7.12
157000 0 0 2.2 7
158000 0 0 2.2 7.08
159000 0 0 2.08 7
160000 0 0 2.04 7.4
161000 0 0.04 2.36 7.16
162000 0 0 2.16 7
163000 0 0 2.04 7.12
164000 0 0 2.76 7
165000 0 0 2.16 7.44
166000 0 0 2.44 6.84
167000 0 0 2.76 6.88
168000 0 0 2.44 7
169000 0 0 2.28 7.28
170000 0 0 2.2 7.28
171000 0 0 2.08 7.12
172000 0 0 2.56 7.12
173000 0 0 2.76 7
174000 0 0 2.04 7.04
175000 0 0 2.2 7.4
176000 0 0 2.52 7.32
177000 0 0.04 1.88 7.32
178000 0 0 2.52 6.96
179000 0 0 2.4 7.24
180000 0 0 2.28 7.28
181000 0 0 2.48 7.36
182000 0 0.04 2.04 7.52
183000 0 0 2.52 7.36
184000 0 0.04 2.72 7.36
185000 0 0 2.16 7
186000 0 0 2.24 7.44
187000 0 0 2.36 8
188000 0 0 2.32 7.44
189000 0 0 2.2 6.8
190000 0 0 2.36 7.16
191000 0 0 2.04 7
192000 0 0 2.6 7.08
193000 0 0 2.12 6.96
194000 0 0 2.08 7
195000 0 0 1.92 6.88
196000 0 0 2.44 7.08
197000 0 0 2.32 7.12
198000 0 0 2.04 7
199000 0 0 2.32 7.32
200000 0 0 2.56 6.96
201000 0 0 2.36 7.16
202000 0 0.04 2.48 7.28
203000 0 0 2.8 6.88
204000 0 0.04 2.68 7.44
205000 0 0 2.52 7.32
206000 0 0 2.36 7.08
207000 0 0 2.28 7.36
208000 0 0 2.28 7.2
209000 0 0 2.72 7.12
210000 0 0 2.4 7.4
211000 0 0 1.84 7.28
212000 0 0 2.96 7.36
213000 0 0 2.32 7.88
214000 0 0 2.36 7.08
215000 0 0 2.2 7.24
216000 0 0 2.4 7.4
217000 0 0 2.56 7.2
218000 0 0 2.36 7.48
219000 0 0.04 2.36 7.24
220000 0 0 2.24 7.04
221000 0 0 2.56 7.28
222000 0 0 2.08 6.92
223000 0 0.04 2.2 7.32
224000 0 0 2.56 7.32
225000 0 0 2.48 7.28
226000 0 0 2.48 7.08
227000 0 0 2.24 7.12
228000 0 0 2.56 7.32
229000 0 0 2.36 7.32
230000 0 0 1.96 7.24
231000 0 0 2.32 7.08
232000 0 0 2.2 6.8
233000 0 0 2.4 7.56
234000 0 0.04 2.4 7.28
235000 0 0 2.04 6.96
236000 0 0 2.56 6.72
237000 0 0 2.48 7.16
238000 0 0 2.4 7.2
239000 0 0.04 2.56 7.32
240000 0 0 2.68 7.28
241000 0 0 2.24 7.12
242000 0 0 2.72 7.4
243000 0 0 2.2 7.36
244000 0 0.04 2.52 7.6
245000 0 0 2.68 7.72
246000 0 0 2.24 7.4
247000 0 0 2.48 7.12
248000 0 0 2.4 7.4
249000 0 0 2.16 7.24
250000 0 0 2.44 7.44
251000 0 0 2 7.2
252000 0 0 2.36 7.16
253000 0 0 2.56 7.72
254000 0 0 2.4 7.32
255000 0 0 2.44 7.24
256000 0 0 2.04 7.44
257000 0 0 1.92 7.24
258000 0 0.04 2.6 7.44
259000 0 0.04 2.4 7.32
260000 0 0 2.4 7.4
261000 0 0 2.24 7.28
262000 0 0 2 7.52
263000 0 0 2.36 7.72
264000 0 0 2.24 7.12
265000 0 0 2.24 7.28
266000 0 0 2.56 7.16
267000 0 0.04 2.08 7.4
268000 0 0.04 2.32 7.56
269000 0 0 2.4 6.8
270000 0 0 2.24 7.2
271000 0 0 2.36 7.16
272000 0 0.04 2.64 7.36
273000 0 0 2.48 7.28
274000 0 0 2.6 7.56
275000 0 0 2.2 7.2
276000 0 0 2.4 7.12
277000 0 0 2.2 7.32
278000 0 0 2.48 7.56
279000 0 0 2.56 7.24
280000 0 0 2.6 7.16
281000 0 0 2.16 7.16
282000 0 0 2.6 7.04
283000 0 0 2.92 7.44
284000 0 0 1.92 7
285000 0 0 2.36 7.24
286000 0 0 2.32 7.4
287000 0 0 2.56 7.48
288000 0 0 2.16 7.6
289000 0 0 2.12 7.68
290000 0 0 2.48 7.28
291000 0 0 2.6 7.44
292000 0 0 2.48 7.28
293000 0 0 2.56 7.52
294000 0 0 1.76 7.56
295000 0 0 2.72 6.88
296000 0 0 2.08 7.28
297000 0 0 1.6 7.12
298000 0 0.04 2.2 7.08
299000 0 0 2 7.4
300000 0 0 2.44 7.2
301000 0 0 2.24 7.6
302000 0 0 2.44 7.48
303000 0 0 2.72 7.36
304000 0 0 2.32 7.4
305000 0 0 2.24 7.12
306000 0 0 2.68 7.28
307000 0 0 2.08 7.44
308000 0 0 2.16 7.52
309000 0 0 2.52 7.36
310000 0 0 2.24 7.24
311000 0 0 2.16 7.48
312000 0 0.04 2.48 7.24
313000 0 0 2.24 7.52
314000 0 0.04 2.08 7.16
315000 0 0.04 2.64 7.36
316000 0 0 2.2 7.2
317000 0 0 1.8 6.68
318000 0 0 2.08 7.04
319000 0 0 2.24 6.84
320000 0 0 2.56 7.04
321000 0 0 2.36 7.2
322000 0 0 2.32 7.44
323000 0 0 2.52 7.36
324000 0 0 2.28 7.72
325000 0 0.04 2.08 7.32
326000 0 0 2.2 7.4
327000 0 0 2.36 7.2
328000 0 0 2.56 7.08
329000 0 0 2.48 6.8
330000 0 0 2.36 7.4
331000 0 0 2.52 7.36
332000 0 0 2.64 7.4
333000 0 0 2.28 7.24
334000 0 0 2.04 7.08
335000 0 0 2.08 7
336000 0 0 2.08 7.32
337000 0 0 2.4 7.16
338000 0 0 2.04 7.44
339000 0 0 2.12 7.48
340000 0 0 2.32 7.72
341000 0 0 2.36 7.24
342000 0 0 2.48 7.08
343000 0 0 2.56 7.4
344000 0 0 1.96 7.16
345000 0 0 2.2 7.24
346000 0 0 2.52 7.36
347000 0 0 2.36 7.08
348000 0 0 2.44 7.36
349000 0 0 2.48 7.32
350000 0 0 2.2 6.92
351000 0 0 2.4 7.04
352000 0 0 2.44 7.4
353000 0 0 2.12 7.2
354000 0 0 2.28 7.16
355000 0 0 2.4 7.28
356000 0 0 2 7.44
357000 0 0 2.28 7.48
358000 0 0 2.28 7.2
359000 0 0 2.32 7.28
360000 0 0.04 3.04 7.4
361000 0 0 2.16 6.72
362000 0 0 2.44 6.88
363000 0 0.04 2.28 7
364000 0 0 2.36 7.32
365000 0 0 2.36 7.24
366000 0 0 2.36 7.4
367000 0 0 2.64 7.32
368000 0 0 2 7.28
369000 0 0 1.96 7.04
370000 0 0 2.64 7.08
371000 0 0 2.2 6.88
372000 0 0 2.08 6.88
373000 0 0 2.48 6.8
374000 0 0 2.16 7.12
375000 0 0 1.56 7.12
376000 0 0 2.36 7.4
377000 0 0 2.08 7.08
378000 0 0 2.84 7.56
379000 0 0 2.56 7.2
380000 0 0 2.48 7
381000 0 0 2.32 7.24
382000 0 0 2.32 7.6
383000 0 0 2.68 7.36
384000 0 0.04 2.6 7.4
385000 0 0 2.84 7.52
386000 0 0 2.16 7.44
387000 0 0 2.44 7.36
388000 0 0 2.2 7.72
389000 0 0 2.72 7.12
390000 0 0.04 2.36 7.44
391000 0 0 2.44 7.36
392000 0 0 2.52 7.4
393000 0 0 3 7.24
394000 0 0.04 2.6 7.48
395000 0 0 2.4 7.32
396000 0 0 2.48 7.4
397000 0 0 2.04 7.44
398000 0 0 2.8 7.28
399000 0 0 2.52 7.32
400000 0 0 2.64 7.36
401000 0 0 2.4 7.2
402000 0 0 2.36 7.2
403000 0 0 2.44 7.08
404000 0 0 1.84 7.28
405000 0 0 2.12 7.48
406000 0 0 2.16 7.4
407000 0 0 2.56 7.52
408000 0 0 2.64 7.52
409000 0 0 2.8 7.6
410000 0 0 2.64 7.64
411000 0 0 2.6 7.24
412000 0 0.08 1.96 7.04
413000 0 0 2.24 7.24
414000 0 0 2.2 6.8
415000 0 0 2.36 7.28
416000 0 0 2.28 7
417000 0 0 2.6 7.32
418000 0 0 1.84 7.2
419000 0 0 2.24 6.96
420000 0 0.04 2.6 6.64
421000 0 0 2.32 6.88
422000 0 0 2.36 7.08
423000 0 0 2.32 7.48
424000 0 0 2.24 7.48
425000 0 0 2.16 7.4
426000 0 0 2.56 7.44
427000 0 0 2.84 7.76
428000 0 0 3.08 7.56
429000 0 0 2.56 7.36
430000 0 0 2.36 7.4
431000 0 0 2.36 7.76
432000 0 0 2.6 7.76
433000 0 0 2.56 6.88
434000 0 0 2.48 7.08
435000 0 0 2.12 7.32
436000 0 0 2.32 6.8
437000 0 0 2.16 7.6
438000 0 0 2.56 7.48
439000 0 0 2.24 6.72
440000 0 0.04 2.28 6.8
441000 0 0 2.48 7.56
442000 0 0 2.92 7.44
443000 0 0 2.52 7.44
444000 0 0 2.52 7.36
445000 0 0 2.4 7.4
446000 0 0 2.32 7.16
447000 0 0.04 2.24 7.52
448000 0 0 2.32 6.96
449000 0 0 2.4 6.76
450000 0 0 2.32 7.04
451000 0 0 2.32 6.96
452000 0 0 2.32 6.8
453000 0 0 2.6 6.96
454000 0 0 2 7.2
455000 0 0 2.16 7
456000 0 0 2.36 6.92
457000 0 0 2.36 7.24
458000 0 0.04 2 6.88
459000 0 0 2.24 7.48
460000 0 0 2.6 7.2
461000 0 0 2.56 7.52
462000 0 0 2.16 7.04
463000 0 0 2.6 7.08
464000 0 0 2.88 7.44
465000 0 0 2.8 7.44
466000 0 0 2.56 7
467000 0 0 2.36 7.16
468000 0 0 2.52 7.04
469000 0 0 2.48 6.96
470000 0 0 2.04 7.28
471000 0 0 2.4 7.2
472000 0 0 2.32 7.28
473000 0 0 2.36 7.08
474000 0 0 1.56 6.88
475000 0 0 2.24 7.28
476000 0 0 2.24 7.12
477000 0 0 2.4 7.44
478000 0 0 2.52 7.48
479000 0 0 2.2 7.56
480000 0 0 2.72 7.76
481000 0 0.04 2.2 7.64
482000 0 0 2.28 7.8
483000 0 0 2 7.64
484000 0 0 2.6 7.64
485000 0 0 1.92 7.24
486000 0 0 2.32 7.4
487000 0 0 2.32 7.36
488000 0 0 2.52 7.6
489000 0 0 2.44 7.28
490000 0 0.08 2.68 7.28
491000 0 0 1.8 7.24
492000 0 0 2.48 6.96
493000 0 0 2.24 7.44
494000 0 0 2.48 7.2
495000 0 0 2.56 7.4
496000 0 0 2.36 7.2
497000 0 0 1.96 7.36
498000 0 0 2.52 7.32
499000 0 0.04 2.8 7.56
500000 0 0 2.92 7.32
501000 0 0 2.28 7.68
502000 0 0 2.6 7.68
503000 0 0 2.36 7.24
504000 0 0 2.32 7.88
505000 0 0 2.64 7.08
506000 0 0 2.28 7.92
507000 0 0 2.44 7.2
508000 0 0 2.2 7.28
509000 0 0 2.08 7.48
510000 0 0 2.36 7.4
511000 0 0 2.6 7.24
512000 0 0 2.12 7.32
513000 0 0 2.2 6.92
514000 0 0 2.44 6.92
515000 0 0.04 1.96 7.52
516000 0 0 2.32 7.64
517000 0 0.04 2.68 7.52
518000 0 0 2.28 7.36
519000 0 0 2.36 6.88
520000 0 0 2.48 7.36
521000 0 0 2.36 7.72
522000 0 0 2.68 7.52
523000 0 0 2.4 7.36
524000 0 0 2.4 7.52
525000 0 0 2.64 7.08
526000 0 0 2.28 7.08
527000 0 0 2.16 7.08
528000 0 0 2.2 6.96
529000 0 0.04 2.2 7.28
530000 0 0 2.28 7.04
531000 0 0 2.16 7
532000 0 0 2.16 7.04
533000 0 0.04 2.44 7.2
534000 0 0 2.48 7.16
535000 0 0 2.96 7.32
536000 0 0 2.24 7.24
537000 0 0 2.24 7.2
538000 0 0 2.4 7.48
539000 0 0 2.68 7.2
540000 0 0 2.16 6.84
541000 0 0 2.16 6.72
542000 0 0 1.8 7.32
543000 0 0 2.4 7.56
544000 0 0 2.48 7.16
545000 0 0 2.48 7.4
546000 0 0 1.92 7.52
547000 0 0 2.44 7.24
548000 0 0 2.28 7.4
549000 0 0 2.4 7.4
550000 0 0 2.24 7.48
551000 0 0 2.84 7
552000 0 0 2.36 7.4
553000 0 0 2.12 7
554000 0 0 2.24 7.12
555000 0 0 2.32 7.24
556000 0 0 2.72 7.12
557000 0 0.04 2.24 7.56
558000 0 0 2.72 7.36
559000 0 0 2.44 7.4
560000 0 0 2.24 7.28
561000 0 0 2.64 7.24
562000 0 0 2.36 7.56
563000 0 0 2.4 7.36
564000 0 0 2.28 7.44
565000 0 0 2.52 7.4
566000 0 0 2.12 7.56
567000 0 0 2.44 7.52
568000 0 0 2.68 7.76
569000 0 0 2.64 7.28
570000 0 0 2.76 7.24
571000 0 0 2.88 7.16
572000 0 0 2.48 7.24
573000 0 0 2.52 6.92
574000 0 0 2.16 7.44
575000 0 0 2.16 7.24
576000 0 0 2.08 7
577000 0 0 2.72 6.6
578000 0 0 2.36 6.88
579000 0 0 2.32 7.04
580000 0 0 2.24 6.88
581000 0 0 2.08 7.08
582000 0 0 2 6.8
583000 0 0 2.28 7.2
584000 0 0 2.52 7.12
585000 0 0 2.64 7.24
586000 0 0 2.44 7.2
587000 0 0 2.64 6.96
588000 0 0 2.8 7.16
589000 0 0 2.44 7.64
590000 0 0 2.2 7.96
591000 0 0 2.68 7.48
592000 0 0 2.2 7.6
593000 0 0 2.36 7.04
594000 0 0 2.48 7.24
595000 0 0 2.08 7.6
596000 0 0 2.44 7.28
597000 0 0 2.56 7.68
598000 0 0 2.44 7.4
599000 0 0 2.56 7.56
600000 0 0 2.72 7.24
601000 0 0 2.36 7.76
602000 0 0.04 2.52 7.56
603000 0 0 2.64 7.76
604000 0 0 2.84 7.76
605000 0 0 2.08 7.08
606000 0 0 2.12 7.48
607000 0 0 2.4 7
608000 0 0 2.44 7.28
609000 0 0 2.4 7.4
610000 0 0.04 2.52 7.64
611000 0 0 2.32 7.2
612000 0 0 2.04 7.28
613000 0 0 2.4 7.2
614000 0 0 2.16 7
615000 0 0 2.64 7.48
616000 0 0 2.16 7.08
617000 0 0 2.12 7.12
618000 0 0 2.28 7.04
619000 0 0 2.32 7.04
620000 0 0 2.48 7.08
621000 0 0 2.24 7.4
622000 0 0 2.32 7.16
623000 0 0 2.2 7.08
624000 0 0 1.8 7.44
625000 0 0 2.36 7.32
626000 0 0 2.68 7.52
627000 0 0 2.36 7.08
628000 0 0 2.2 7.24
629000 0 0 2.28 7.08
630000 0 0 2.6 7.32
631000 0 0.04 1.96 7.36
632000 0 0 1.96 7.04
633000 0 0 2.28 6.84
634000 0 0.04 2.2 7.12
635000 0 0 1.92 7.28
636000 0 0 2.36 6.8
637000 0 0 2.04 6.88
638000 0 0 2.12 7.2
639000 0 0 2.16 7.04
640000 0 0 2.72 7
641000 0 0 2.64 7.24
642000 0 0 2.44 7.04
643000 0 0 2.72 6.92
644000 0 0.04 2.4 7.16
645000 0 0 2.08 6.92
646000 0 0 1.92 7.04
647000 0 0 2.36 6.96
648000 0 0 1.8 7.24
649000 0 0 2.32 7.36
650000 0 0 2 7.32
651000 0 0 2.04 7.04
652000 0 0 2.08 7.12
653000 0 0 2.2 7.08
654000 0 0 2.52 7.12
655000 0 0 2.76 7.6
656000 0 0 2.2 7.16
657000 0 0 2.48 7.12
658000 0 0.04 2.32 7.6
659000 0 0 2.4 7.2
660000 0 0 2.12 7.2
661000 0 0.04 1.84 7.2
662000 0 0 2.28 7.12
663000 0 0 2.2 7.4
664000 0 0 3 7.32
665000 0 0 2.36 7.84
666000 0 0 2.48 7.32
667000 0 0 2.6 7.16
668000 0 0 2.24 7.44
669000 0 0 2.56 7.16
670000 0 0.04 2.76 7.28
671000 0 0 2.52 7.28
672000 0 0 2.08 7.2
673000 0 0 2.28 7.28
674000 0 0 1.88 6.96
675000 0 0 2.6 7.2
676000 0 0 2.84 7.52
677000 0 0.04 2.36 7.32
678000 0 0 2.2 7.52
679000 0 0 2.68 7.52
680000 0 0 2.84 7.44
681000 0 0 2.52 7.28
682000 0 0 2.36 7.68
683000 0 0 2.6 7.88
684000 0 0 2.56 7.56
685000 0 0 2.52 7.28
686000 0 0 2.72 7.64
687000 0 0 2.32 7.76
688000 0 0 2.52 7.24
689000 0 0 1.88 7
690000 0 0 2.32 7.2
691000 0 0 2.12 7.12
692000 0 0 2.6 7.12
693000 0 0 2.68 6.92
694000 0 0 2.24 7.16
695000 0 0 2.24 7.16
696000 0 0 2.08 7.08
697000 0 0 2.4 7.48
698000 0 0 2.44 7.72
699000 0 0 2.64 6.88
700000 0 0 2.56 7.36
701000 0 0 2.2 7.36
702000 0 0 2.48 7.36
703000 0 0 2.36 8.04
704000 0 0 2.84 7.76
705000 0 0 2.4 7.8
706000 0 0 2.6 7.52
707000 0 0 2.24 7.76
708000 0 0 2.4 7.56
709000 0 0 2.2 7.32
710000 0 0 2.56 7.84
711000 0 0 2.16 7.52
712000 0 0 2.24 7.68
713000 0 0 2.68 7.4
714000 0 0 2.2 7.4
715000 0 0 2.32 7.04
716000 0 0 2.6 7.52
717000 0 0.08 2.28 7.44
718000 0 0 2.48 7.48
719000 0 0 2.48 7.72
720000 0 0.04 2.28 7.8
721000 0 0 2.44 7.52
722000 0 0 2.48 7.36
723000 0 0 2.36 7.24
724000 0 0 2.2 7.44
725000 0 0 2.28 7.64
726000 0 0.04 2.4 7.72
727000 0 0 2.6 7.08
728000 0 0.04 2.56 7.2
729000 0 0 2.68 7.44
730000 0 0 2.28 7.4
731000 0 0 2.64 6.76
732000 0 0 2.8 7.24
733000 0 0 2.04 7.2
734000 0 0 2.16 6.88
735000 0 0 2.28 6.92
736000 0 0 2.52 7.48
737000 0 0 2.08 7.48
738000 0 0 2.32 6.76
739000 0 0 2.68 7.48
740000 0 0.04 2.12 7
741000 0 0.04 2.36 7.36
742000 0 0 1.96 7.2
743000 0 0 2.28 7.36
744000 0 0 2.32 6.96
745000 0 0 2.4 7.72
746000 0 0 2.68 7.56
747000 0 0 2.72 7.56
748000 0 0 2.44 7.24
749000 0 0 2.28 7.2
750000 0 0 2 7.4
751000 0 0 2.28 7.6
752000 0 0 2.64 7.56
753000 0 0 2.52 7.36
754000 0 0 2.16 7.16
755000 0 0 2.08 7.32
756000 0 0 2.52 7.52
757000 0 0 2.2 7.4
758000 0 0 2.36 7.28
759000 0 0 2 7.24
760000 0 0 2.28 7.56
761000 0 0 2.36 7.4
762000 0 0 2.76 7.12
763000 0 0 2.88 6.84
764000 0 0 2.28 6.88
765000 0 0 2.28 7.44
766000 0 0 2.28 7.08
767000 0 0 2.48 7.44
768000 0 0 1.84 6.96
769000 0 0 2.32 7.2
770000 0 0 2.2 7.4
771000 0 0 2 7.56
772000 0 0 2.36 7.04
773000 0 0 2.28 7.32
774000 0 0 2.4 7.12
775000 0 0 2.28 6.84
776000 0 0 2.48 7.4
777000 0 0 1.76 7.28
778000 0 0 1.92 7.24
779000 0 0 2.48 7.48
780000 0 0.04 2.48 7.32
781000 0 0 2.28 7.24
782000 0 0 2.36 6.88
783000 0 0 2.04 7.16
784000 0 0 2.24 6.84
785000 0 0 2.08 7.28
786000 0 0 2.24 7.52
787000 0 0 2.32 7.72
788000 0 0 2.36 7.2
789000 0 0 2.4 6.88
790000 0 0 2 7.36
791000 0 0 1.96 7.32
792000 0 0 2.04 7.28
793000 0 0 2.52 7.24
794000 0 0 2.2 7.32
795000 0 0 2.36 7.08
796000 0 0 2.72 7.16
797000 0 0.04 2.36 7.2
798000 0 0 2.44 7
799000 0 0 2.04 7.28
800000 0 0 2.4 7.16
801000 0 0 2.64 7.04
802000 0 0 2.12 7.16
803000 0 0 2.16 7.52
804000 0 0 2.04 7.32
805000 0 0 2.16 7.28
806000 0 0 2.72 7.24
807000 0 0.04 2.32 7.44
808000 0 0 2.36 7.48
809000 0 0 2.48 7.32
810000 0 0.04 2.28 7.28
811000 0 0.04 2.64 7.52
812000 0 0 2.16 7.6
813000 0 0 2 7.6
814000 0 0 2.4 7.36
815000 0 0 2.72 7.72
816000 0 0.04 2.24 7.88
817000 0 0 2.32 7.64
818000 0 0 2.48 7.4
819000 0 0 2.8 7.16
820000 0 0 2.44 7.24
821000 0 0 2.36 7.12
822000 0 0 2 6.8
823000 0 0 2.2 7.12
824000 0 0 2.76 7.12
825000 0 0.04 2.28 7.16
826000 0 0 2.4 7.04
827000 0 0 2.28 7.44
828000 0 0 2.32 7.28
829000 0 0 2.24 7.12
830000 0 0 2.32 7.24
831000 0 0 2.32 7.16
832000 0 0 2.16 7.2
833000 0 0 2.04 7.32
834000 0 0 2.4 7.28
835000 0 0 2.6 6.96
836000 0 0 2.32 7.08
837000 0 0 2.76 7.16
838000 0 0 2.32 7.36
839000 0 0 2.88 7.48
840000 0 0 2.48 7
841000 0 0 2.08 7.2
842000 0 0 2.08 7.24
843000 0 0 2.24 7.32
844000 0 0 2.68 7.4
845000 0 0 2.32 7.52
846000 0 0.04 2.44 7.52
847000 0 0 2.44 7.44
848000 0 0 2.8 7.64
849000 0 0 2.4 7.68
850000 0 0 3 7.44
851000 0 0 2.2 7.6
852000 0 0 2.64 7.44
853000 0 0 2.32 7.12
854000 0 0 2.32 7.48
855000 0 0 2.64 6.88
856000 0 0.04 2.08 7.32
857000 0 0 2.28 7.04
858000 0 0 2.24 6.92
859000 0 0 2.2 6.96
860000 0 0 2.08 6.64
861000 0 0 2.24 6.8
862000 0 0 2.04 7.16
863000 0 0.04 2.96 7.84
864000 0 0 2.36 7.4
865000 0 0 2.84 7.44
866000 0 0 2.88 7.12
867000 0 0 2.56 7.2
868000 0 0 2.36 6.92
869000 0 0 2.28 7.52
870000 0 0 1.8 7.4
871000 0 0 1.88 7
872000 0 0 2.56 7.24
873000 0 0 2.32 7.16
874000 0 0 2.32 6.88
875000 0 0.04 2.76 7.12
876000 0 0 2.8 7.04
877000 0 0 2.64 7.4
878000 0 0 2.6 7.24
879000 0 0 2.16 7.48
880000 0 0 2.2 7.24
881000 0 0 2.48 7.12
882000 0 0 2.2 6.88
883000 0 0 2.28 7.08
884000 0 0 2.64 7.52
885000 0 0 2.32 7.4
886000 0 0 2.32 7.04
887000 0 0 2.4 7
888000 0 0 2.36 7.08
889000 0 0 2.08 7.16
890000 0 0 2.64 7.6
891000 0 0.04 1.88 7.48
892000 0 0 2.4 7.16
893000 0 0 2.6 7.52
894000 0 0 2.2 7.4
895000 0 0 2.92 6.96
896000 0 0 2.56 7.12
897000 0 0 2.32 6.92
898000 0 0.04 2.36 7.32
899000 0 0 2.28 7.28
900000 0 0 2.32 7.6
901000 0 0 2.28 7.36
902000 0 0 1.96 6.92
903000 0 0 1.84 7.16
904000 0 0.04 2.8 7.48
905000 0 0 2.48 7.64
906000 0 0 2.48 7.16
907000 0 0 2.44 7.24
908000 0 0 2.4 7.24
909000 0 0 2.84 7.24
910000 0 0 2.6 7.24
911000 0 0 2.44 6.76
912000 0 0 1.96 7.04
913000 0 0 2.24 7.36
914000 0 0 2.12 7.36
915000 0 0 2.08 7.2
916000 0 0 2.24 6.88
917000 0 0 2.2 7.4
918000 0 0 2.68 7.08
919000 0 0 2.32 7.56
920000 0 0 1.96 7.56
921000 0 0 2.8 7.24
922000 0 0 2.56 7.48
923000 0 0 2.76 7.08
924000 0 0.04 2.28 7.44
925000 0 0 2.6 7.48
926000 0 0 2.28 7.2
927000 0 0 3.16 7.28
928000 0 0.04 2.4 7.52
929000 0 0 2.64 7.08
930000 0 0.04 2.44 7.08
931000 0 0 2.72 6.88
932000 0 0 2.28 7.32
933000 0 0 2.48 7.24
934000 0 0 2.12 7.6
935000 0 0 2.68 7.2
936000 0 0 1.84 7.36
937000 0 0 2 7.4
938000 0 0 2.2 7.32
939000 0 0 2.72 7
940000 0 0 2.4 7.32
941000 0 0 2.44 7.68
942000 0 0 2 7.4
943000 0 0 2.2 7.08
944000 0 0 2.2 7.28
945000 0 0 2.72 7.6
946000 0 0 2.28 7.64
947000 0 0 2.24 7.16
948000 0 0 2.68 7.28
949000 0 0 2.32 7.24
950000 0 0 2.4 7.24
951000 0 0 1.92 7.24
952000 0 0 1.88 7.08
953000 0 0 2.48 7.32
954000 0 0 3.16 7.32
955000 0 0 2.4 7.24
956000 0 0.04 2.28 7.32
957000 0 0 2.6 7.6
958000 0 0.04 2.08 7.44
959000 0 0 2.32 7.04
960000 0 0 2.52 7.32
961000 0 0 2.2 7.24
962000 0 0 2.44 7.36
963000 0 0 2.76 7.16
964000 0 0 2.44 7.16
965000 0 0 2.2 6.92
966000 0 0 2.52 7.28
967000 0 0 2.4 7.4
968000 0 0 1.76 7.48
969000 0 0.04 2.52 7.44
970000 0 0 2.56 6.88
971000 0 0 2.72 7.44
972000 0 0 2.52 7.16
973000 0 0 2.4 7.68
974000 0 0 2.44 7.4
975000 0 0.04 2.64 7.12
976000 0 0 2.2 7.2
977000 0 0 2.24 7.12
978000 0 0 2.44 7.4
979000 0 0 1.84 7.12
980000 0 0 2.4 7.12
981000 0 0 2.4 7.08
982000 0 0 2 7.4
983000 0 0.04 2.52 7.12
984000 0 0 2.32 7.28
985000 0 0.04 2.48 7.56
986000 0 0 2.28 7.04
987000 0 0 2.68 7.36
988000 0 0 2.08 7.12
989000 0 0 2.2 7.28
990000 0 0 1.88 7.04
991000 0 0 2.24 7
992000 0 0 2.12 7.32
993000 0 0 2.56 7.36
994000 0 0 1.96 7.24
995000 0 0 2.28 7.48
996000 0 0 2.36 7.44
997000 0 0 2.36 7.44
998000 0 0 2.76 7.44
999000 0 0 2.08 7.36
1000000 0 0 2.68 7.28
