# Time-averaged data for fix com
# TimeStep c_com[1] c_com[2] c_com[3]
1000 2.03615 1.88276 2.184
2000 2.03615 1.88276 2.184
3000 2.03615 1.88276 2.184
4000 2.03615 1.88276 2.184
5000 2.03615 1.88276 2.184
6000 2.03615 1.88276 2.184
7000 2.03615 1.88276 2.184
8000 2.03615 1.88276 2.184
9000 2.03615 1.88276 2.184
10000 2.03615 1.88276 2.184
11000 2.03615 1.88276 2.184
12000 2.03615 1.88276 2.184
13000 2.03615 1.88276 2.184
14000 2.03615 1.88276 2.184
15000 2.03615 1.88276 2.184
16000 2.03615 1.88276 2.184
17000 2.03615 1.88276 2.184
18000 2.03615 1.88276 2.184
19000 2.03615 1.88276 2.184
20000 2.03615 1.88276 2.184
21000 2.03615 1.88276 2.184
22000 2.03615 1.88276 2.184
23000 2.03615 1.88276 2.184
24000 2.03615 1.88276 2.184
25000 2.03615 1.88276 2.184
26000 2.03615 1.88276 2.184
27000 2.03615 1.88276 2.184
28000 2.03615 1.88276 2.184
29000 2.03615 1.88276 2.184
30000 2.03615 1.88276 2.184
31000 2.03615 1.88276 2.184
32000 2.03615 1.88276 2.184
33000 2.03615 1.88276 2.184
34000 2.03615 1.88276 2.184
35000 2.03615 1.88276 2.184
36000 2.03615 1.88276 2.184
37000 2.03615 1.88276 2.184
38000 2.03615 1.88276 2.184
39000 2.03615 1.88276 2.184
40000 2.03615 1.88276 2.184
41000 2.03615 1.88276 2.184
42000 2.03615 1.88276 2.184
43000 2.03615 1.88276 2.184
44000 2.03615 1.88276 2.184
45000 2.03615 1.88276 2.184
46000 2.03615 1.88276 2.184
47000 2.03615 1.88276 2.184
48000 2.03615 1.88276 2.184
49000 2.03615 1.88276 2.184
50000 2.03615 1.88276 2.184
51000 2.03615 1.88276 2.184
52000 2.03615 1.88276 2.184
53000 2.03615 1.88276 2.184
54000 2.03615 1.88276 2.184
55000 2.03615 1.88276 2.184
56000 2.03615 1.88276 2.184
57000 2.03615 1.88276 2.184
58000 2.03615 1.88276 2.184
59000 2.03615 1.88276 2.184
60000 2.03615 1.88276 2.184
61000 2.03615 1.88276 2.184
62000 2.03615 1.88276 2.184
63000 2.03615 1.88276 2.184
64000 2.03615 1.88276 2.184
65000 2.03615 1.88276 2.184
66000 2.03615 1.88276 2.184
67000 2.03615 1.88276 2.184
68000 2.03615 1.88276 2.184
69000 2.03615 1.88276 2.184
70000 2.03615 1.88276 2.184
71000 2.03615 1.88276 2.184
72000 2.03615 1.88276 2.184
73000 2.03615 1.88276 2.184
74000 2.03615 1.88276 2.184
75000 2.03615 1.88276 2.184
76000 2.03615 1.88276 2.184
77000 2.03615 1.88276 2.184
78000 2.03615 1.88276 2.184
79000 2.03615 1.88276 2.184
80000 2.03615 1.88276 2.184
81000 2.03615 1.88276 2.184
82000 2.03615 1.88276 2.184
83000 2.03615 1.88276 2.184
84000 2.03615 1.88276 2.184
85000 2.03615 1.88276 2.184
86000 2.03615 1.88276 2.184
87000 2.03615 1.88276 2.184
88000 2.03615 1.88276 2.184
89000 2.03615 1.88276 2.184
90000 2.03615 1.88276 2.184
91000 2.03615 1.88276 2.184
92000 2.03615 1.88276 2.184
93000 2.03615 1.88276 2.184
94000 2.03615 1.88276 2.184
95000 2.03615 1.88276 2.184
96000 2.03615 1.88276 2.184
97000 2.03615 1.88276 2.184
98000 2.03615 1.88276 2.184
99000 2.03615 1.88276 2.184
100000 2.03615 1.88276 2.184
101000 2.03615 1.88276 2.184
102000 2.03615 1.88276 2.184
103000 2.03615 1.88276 2.184
104000 2.03615 1.88276 2.184
105000 2.03615 1.88276 2.184
106000 2.03615 1.88276 2.184
107000 2.03615 1.88276 2.184
108000 2.03615 1.88276 2.184
109000 2.03615 1.88276 2.184
110000 2.03615 1.88276 2.184
111000 2.03615 1.88276 2.184
112000 2.03615 1.88276 2.184
113000 2.03615 1.88276 2.184
114000 2.03615 1.88276 2.184
115000 2.03615 1.88276 2.184
116000 2.03615 1.88276 2.184
117000 2.03615 1.88276 2.184
118000 2.03615 1.88276 2.184
119000 2.03615 1.88276 2.184
120000 2.03615 1.88276 2.184
121000 2.03615 1.88276 2.184
122000 2.03615 1.88276 2.184
123000 2.03615 1.88276 2.184
124000 2.03615 1.88276 2.184
125000 2.03615 1.88276 2.184
126000 2.03615 1.88276 2.184
127000 2.03615 1.88276 2.184
128000 2.03615 1.88276 2.184
129000 2.03615 1.88276 2.184
130000 2.03615 1.88276 2.184
131000 2.03615 1.88276 2.184
132000 2.03615 1.88276 2.184
133000 2.03615 1.88276 2.184
134000 2.03615 1.88276 2.184
135000 2.03615 1.88276 2.184
136000 2.03615 1.88276 2.184
137000 2.03615 1.88276 2.184
138000 2.03615 1.88276 2.184
139000 2.03615 1.88276 2.184
140000 2.03615 1.88276 2.184
141000 2.03615 1.88276 2.184
142000 2.03615 1.88276 2.184
143000 2.03615 1.88276 2.184
144000 2.03615 1.88276 2.184
145000 2.03615 1.88276 2.184
146000 2.03615 1.88276 2.184
147000 2.03615 1.88276 2.184
148000 2.03615 1.88276 2.184
149000 2.03615 1.88276 2.184
150000 2.03615 1.88276 2.184
151000 2.03615 1.88276 2.184
152000 2.03615 1.88276 2.184
153000 2.03615 1.88276 2.184
154000 2.03615 1.88276 2.184
155000 2.03615 1.88276 2.184
156000 2.03615 1.88276 2.184
157000 2.03615 1.88276 2.184
158000 2.03615 1.88276 2.184
159000 2.03615 1.88276 2.184
160000 2.03615 1.88276 2.184
161000 2.03615 1.88276 2.184
162000 2.03615 1.88276 2.184
163000 2.03615 1.88276 2.184
164000 2.03615 1.88276 2.184
165000 2.03615 1.88276 2.184
166000 2.03615 1.88276 2.184
167000 2.03615 1.88276 2.184
168000 2.03615 1.88276 2.184
169000 2.03615 1.88276 2.184
170000 2.03615 1.88276 2.184
171000 2.03615 1.88276 2.184
172000 2.03615 1.88276 2.184
173000 2.03615 1.88276 2.184
174000 2.03615 1.88276 2.184
175000 2.03615 1.88276 2.184
176000 2.03615 1.88276 2.184
177000 2.03615 1.88276 2.184
178000 2.03615 1.88276 2.184
179000 2.03615 1.88276 2.184
180000 2.03615 1.88276 2.184
181000 2.03615 1.88276 2.184
182000 2.03615 1.88276 2.184
183000 2.03615 1.88276 2.184
184000 2.03615 1.88276 2.184
185000 2.03615 1.88276 2.184
186000 2.03615 1.88276 2.184
187000 2.03615 1.88276 2.184
188000 2.03615 1.88276 2.184
189000 2.03615 1.88276 2.184
190000 2.03615 1.88276 2.184
191000 2.03615 1.88276 2.184
192000 2.03615 1.88276 2.184
193000 2.03615 1.88276 2.184
194000 2.03615 1.88276 2.184
195000 2.03615 1.88276 2.184
196000 2.03615 1.88276 2.184
197000 2.03615 1.88276 2.184
198000 2.03615 1.88276 2.184
199000 2.03615 1.88276 2.184
200000 2.03615 1.88276 2.184
201000 2.03615 1.88276 2.184
202000 2.03615 1.88276 2.184
203000 2.03615 1.88276 2.184
204000 2.03615 1.88276 2.184
205000 2.03615 1.88276 2.184
206000 2.03615 1.88276 2.184
207000 2.03615 1.88276 2.184
208000 2.03615 1.88276 2.184
209000 2.03615 1.88276 2.184
210000 2.03615 1.88276 2.184
211000 2.03615 1.88276 2.184
212000 2.03615 1.88276 2.184
213000 2.03615 1.88276 2.184
214000 2.03615 1.88276 2.184
215000 2.03615 1.88276 2.184
216000 2.03615 1.88276 2.184
217000 2.03615 1.88276 2.184
218000 2.03615 1.88276 2.184
219000 2.03615 1.88276 2.184
220000 2.03615 1.88276 2.184
221000 2.03615 1.88276 2.184
222000 2.03615 1.88276 2.184
223000 2.03615 1.88276 2.184
224000 2.03615 1.88276 2.184
225000 2.03615 1.88276 2.184
226000 2.03615 1.88276 2.184
227000 2.03615 1.88276 2.184
228000 2.03615 1.88276 2.184
229000 2.03615 1.88276 2.184
230000 2.03615 1.88276 2.184
231000 2.03615 1.88276 2.184
232000 2.03615 1.88276 2.184
233000 2.03615 1.88276 2.184
234000 2.03615 1.88276 2.184
235000 2.03615 1.88276 2.184
236000 2.03615 1.88276 2.184
237000 2.03615 1.88276 2.184
238000 2.03615 1.88276 2.184
239000 2.03615 1.88276 2.184
240000 2.03615 1.88276 2.184
241000 2.03615 1.88276 2.184
242000 2.03615 1.88276 2.184
243000 2.03615 1.88276 2.184
244000 2.03615 1.88276 2.184
245000 2.03615 1.88276 2.184
246000 2.03615 1.88276 2.184
247000 2.03615 1.88276 2.184
248000 2.03615 1.88276 2.184
249000 2.03615 1.88276 2.184
250000 2.03615 1.88276 2.184
251000 2.03615 1.88276 2.184
252000 2.03615 1.88276 2.184
253000 2.03615 1.88276 2.184
254000 2.03615 1.88276 2.184
255000 2.03615 1.88276 2.184
256000 2.03615 1.88276 2.184
257000 2.03615 1.88276 2.184
258000 2.03615 1.88276 2.184
259000 2.03615 1.88276 2.184
260000 2.03615 1.88276 2.184
261000 2.03615 1.88276 2.184
262000 2.03615 1.88276 2.184
263000 2.03615 1.88276 2.184
264000 2.03615 1.88276 2.184
265000 2.03615 1.88276 2.184
266000 2.03615 1.88276 2.184
267000 2.03615 1.88276 2.184
268000 2.03615 1.88276 2.184
269000 2.03615 1.88276 2.184
270000 2.03615 1.88276 2.184
271000 2.03615 1.88276 2.184
272000 2.03615 1.88276 2.184
273000 2.03615 1.88276 2.184
274000 2.03615 1.88276 2.184
275000 2.03615 1.88276 2.184
276000 2.03615 1.88276 2.184
277000 2.03615 1.88276 2.184
278000 2.03615 1.88276 2.184
279000 2.03615 1.88276 2.184
280000 2.03615 1.88276 2.184
281000 2.03615 1.88276 2.184
282000 2.03615 1.88276 2.184
283000 2.03615 1.88276 2.184
284000 2.03615 1.88276 2.184
285000 2.03615 1.88276 2.184
286000 2.03615 1.88276 2.184
287000 2.03615 1.88276 2.184
288000 2.03615 1.88276 2.184
289000 2.03615 1.88276 2.184
290000 2.03615 1.88276 2.184
291000 2.03615 1.88276 2.184
292000 2.03615 1.88276 2.184
293000 2.03615 1.88276 2.184
294000 2.03615 1.88276 2.184
295000 2.03615 1.88276 2.184
296000 2.03615 1.88276 2.184
297000 2.03615 1.88276 2.184
298000 2.03615 1.88276 2.184
299000 2.03615 1.88276 2.184
300000 2.03615 1.88276 2.184
301000 2.03615 1.88276 2.184
302000 2.03615 1.88276 2.184
303000 2.03615 1.88276 2.184
304000 2.03615 1.88276 2.184
305000 2.03615 1.88276 2.184
306000 2.03615 1.88276 2.184
307000 2.03615 1.88276 2.184
308000 2.03615 1.88276 2.184
309000 2.03615 1.88276 2.184
310000 2.03615 1.88276 2.184
311000 2.03615 1.88276 2.184
312000 2.03615 1.88276 2.184
313000 2.03615 1.88276 2.184
314000 2.03615 1.88276 2.184
315000 2.03615 1.88276 2.184
316000 2.03615 1.88276 2.184
317000 2.03615 1.88276 2.184
318000 2.03615 1.88276 2.184
319000 2.03615 1.88276 2.184
320000 2.03615 1.88276 2.184
321000 2.03615 1.88276 2.184
322000 2.03615 1.88276 2.184
323000 2.03615 1.88276 2.184
324000 2.03615 1.88276 2.184
325000 2.03615 1.88276 2.184
326000 2.03615 1.88276 2.184
327000 2.03615 1.88276 2.184
328000 2.03615 1.88276 2.184
329000 2.03615 1.88276 2.184
330000 2.03615 1.88276 2.184
331000 2.03615 1.88276 2.184
332000 2.03615 1.88276 2.184
333000 2.03615 1.88276 2.184
334000 2.03615 1.88276 2.184
335000 2.03615 1.88276 2.184
336000 2.03615 1.88276 2.184
337000 2.03615 1.88276 2.184
338000 2.03615 1.88276 2.184
339000 2.03615 1.88276 2.184
340000 2.03615 1.88276 2.184
341000 2.03615 1.88276 2.184
342000 2.03615 1.88276 2.184
343000 2.03615 1.88276 2.184
344000 2.03615 1.88276 2.184
345000 2.03615 1.88276 2.184
346000 2.03615 1.88276 2.184
347000 2.03615 1.88276 2.184
348000 2.03615 1.88276 2.184
349000 2.03615 1.88276 2.184
350000 2.03615 1.88276 2.184
351000 2.03615 1.88276 2.184
352000 2.03615 1.88276 2.184
353000 2.03615 1.88276 2.184
354000 2.03615 1.88276 2.184
355000 2.03615 1.88276 2.184
356000 2.03615 1.88276 2.184
357000 2.03615 1.88276 2.184
358000 2.03615 1.88276 2.184
359000 2.03615 1.88276 2.184
360000 2.03615 1.88276 2.184
361000 2.03615 1.88276 2.184
362000 2.03615 1.88276 2.184
363000 2.03615 1.88276 2.184
364000 2.03615 1.88276 2.184
365000 2.03615 1.88276 2.184
366000 2.03615 1.88276 2.184
367000 2.03615 1.88276 2.184
368000 2.03615 1.88276 2.184
369000 2.03615 1.88276 2.184
370000 2.03615 1.88276 2.184
371000 2.03615 1.88276 2.184
372000 2.03615 1.88276 2.184
373000 2.03615 1.88276 2.184
374000 2.03615 1.88276 2.184
375000 2.03615 1.88276 2.184
376000 2.03615 1.88276 2.184
377000 2.03615 1.88276 2.184
378000 2.03615 1.88276 2.184
379000 2.03615 1.88276 2.184
380000 2.03615 1.88276 2.184
381000 2.03615 1.88276 2.184
382000 2.03615 1.88276 2.184
383000 2.03615 1.88276 2.184
384000 2.03615 1.88276 2.184
385000 2.03615 1.88276 2.184
386000 2.03615 1.88276 2.184
387000 2.03615 1.88276 2.184
388000 2.03615 1.88276 2.184
389000 2.03615 1.88276 2.184
390000 2.03615 1.88276 2.184
391000 2.03615 1.88276 2.184
392000 2.03615 1.88276 2.184
393000 2.03615 1.88276 2.184
394000 2.03615 1.88276 2.184
395000 2.03615 1.88276 2.184
396000 2.03615 1.88276 2.184
397000 2.03615 1.88276 2.184
398000 2.03615 1.88276 2.184
399000 2.03615 1.88276 2.184
400000 2.03615 1.88276 2.184
401000 2.03615 1.88276 2.184
402000 2.03615 1.88276 2.184
403000 2.03615 1.88276 2.184
404000 2.03615 1.88276 2.184
405000 2.03615 1.88276 2.184
406000 2.03615 1.88276 2.184
407000 2.03615 1.88276 2.184
408000 2.03615 1.88276 2.184
409000 2.03615 1.88276 2.184
410000 2.03615 1.88276 2.184
411000 2.03615 1.88276 2.184
412000 2.03615 1.88276 2.184
413000 2.03615 1.88276 2.184
414000 2.03615 1.88276 2.184
415000 2.03615 1.88276 2.184
416000 2.03615 1.88276 2.184
417000 2.03615 1.88276 2.184
418000 2.03615 1.88276 2.184
419000 2.03615 1.88276 2.184
420000 2.03615 1.88276 2.184
421000 2.03615 1.88276 2.184
422000 2.03615 1.88276 2.184
423000 2.03615 1.88276 2.184
424000 2.03615 1.88276 2.184
425000 2.03615 1.88276 2.184
426000 2.03615 1.88276 2.184
427000 2.03615 1.88276 2.184
428000 2.03615 1.88276 2.184
429000 2.03615 1.88276 2.184
430000 2.03615 1.88276 2.184
431000 2.03615 1.88276 2.184
432000 2.03615 1.88276 2.184
433000 2.03615 1.88276 2.184
434000 2.03615 1.88276 2.184
435000 2.03615 1.88276 2.184
436000 2.03615 1.88276 2.184
437000 2.03615 1.88276 2.184
438000 2.03615 1.88276 2.184
439000 2.03615 1.88276 2.184
440000 2.03615 1.88276 2.184
441000 2.03615 1.88276 2.184
442000 2.03615 1.88276 2.184
443000 2.03615 1.88276 2.184
444000 2.03615 1.88276 2.184
445000 2.03615 1.88276 2.184
446000 2.03615 1.88276 2.184
447000 2.03615 1.88276 2.184
448000 2.03615 1.88276 2.184
449000 2.03615 1.88276 2.184
450000 2.03615 1.88276 2.184
451000 2.03615 1.88276 2.184
452000 2.03615 1.88276 2.184
453000 2.03615 1.88276 2.184
454000 2.03615 1.88276 2.184
455000 2.03615 1.88276 2.184
456000 2.03615 1.88276 2.184
457000 2.03615 1.88276 2.184
458000 2.03615 1.88276 2.184
459000 2.03615 1.88276 2.184
460000 2.03615 1.88276 2.184
461000 2.03615 1.88276 2.184
462000 2.03615 1.88276 2.184
463000 2.03615 1.88276 2.184
464000 2.03615 1.88276 2.184
465000 2.03615 1.88276 2.184
466000 2.03615 1.88276 2.184
467000 2.03615 1.88276 2.184
468000 2.03615 1.88276 2.184
469000 2.03615 1.88276 2.184
470000 2.03615 1.88276 2.184
471000 2.03615 1.88276 2.184
472000 2.03615 1.88276 2.184
473000 2.03615 1.88276 2.184
474000 2.03615 1.88276 2.184
475000 2.03615 1.88276 2.184
476000 2.03615 1.88276 2.184
477000 2.03615 1.88276 2.184
478000 2.03615 1.88276 2.184
479000 2.03615 1.88276 2.184
480000 2.03615 1.88276 2.184
481000 2.03615 1.88276 2.184
482000 2.03615 1.88276 2.184
483000 2.03615 1.88276 2.184
484000 2.03615 1.88276 2.184
485000 2.03615 1.88276 2.184
486000 2.03615 1.88276 2.184
487000 2.03615 1.88276 2.184
488000 2.03615 1.88276 2.184
489000 2.03615 1.88276 2.184
490000 2.03615 1.88276 2.184
491000 2.03615 1.88276 2.184
492000 2.03615 1.88276 2.184
493000 2.03615 1.88276 2.184
494000 2.03615 1.88276 2.184
495000 2.03615 1.88276 2.184
496000 2.03615 1.88276 2.184
497000 2.03615 1.88276 2.184
498000 2.03615 1.88276 2.184
499000 2.03615 1.88276 2.184
500000 2.03615 1.88276 2.184
501000 2.03615 1.88276 2.184
502000 2.03615 1.88276 2.184
503000 2.03615 1.88276 2.184
504000 2.03615 1.88276 2.184
505000 2.03615 1.88276 2.184
506000 2.03615 1.88276 2.184
507000 2.03615 1.88276 2.184
508000 2.03615 1.88276 2.184
509000 2.03615 1.88276 2.184
510000 2.03615 1.88276 2.184
511000 2.03615 1.88276 2.184
512000 2.03615 1.88276 2.184
513000 2.03615 1.88276 2.184
514000 2.03615 1.88276 2.184
515000 2.03615 1.88276 2.184
516000 2.03615 1.88276 2.184
517000 2.03615 1.88276 2.184
518000 2.03615 1.88276 2.184
519000 2.03615 1.88276 2.184
520000 2.03615 1.88276 2.184
521000 2.03615 1.88276 2.184
522000 2.03615 1.88276 2.184
523000 2.03615 1.88276 2.184
524000 2.03615 1.88276 2.184
525000 2.03615 1.88276 2.184
526000 2.03615 1.88276 2.184
527000 2.03615 1.88276 2.184
528000 2.03615 1.88276 2.184
529000 2.03615 1.88276 2.184
530000 2.03615 1.88276 2.184
531000 2.03615 1.88276 2.184
532000 2.03615 1.88276 2.184
533000 2.03615 1.88276 2.184
534000 2.03615 1.88276 2.184
535000 2.03615 1.88276 2.184
536000 2.03615 1.88276 2.184
537000 2.03615 1.88276 2.184
538000 2.03615 1.88276 2.184
539000 2.03615 1.88276 2.184
540000 2.03615 1.88276 2.184
541000 2.03615 1.88276 2.184
542000 2.03615 1.88276 2.184
543000 2.03615 1.88276 2.184
544000 2.03615 1.88276 2.184
545000 2.03615 1.88276 2.184
546000 2.03615 1.88276 2.184
547000 2.03615 1.88276 2.184
548000 2.03615 1.88276 2.184
549000 2.03615 1.88276 2.184
550000 2.03615 1.88276 2.184
551000 2.03615 1.88276 2.184
552000 2.03615 1.88276 2.184
553000 2.03615 1.88276 2.184
554000 2.03615 1.88276 2.184
555000 2.03615 1.88276 2.184
556000 2.03615 1.88276 2.184
557000 2.03615 1.88276 2.184
558000 2.03615 1.88276 2.184
559000 2.03615 1.88276 2.184
560000 2.03615 1.88276 2.184
561000 2.03615 1.88276 2.184
562000 2.03615 1.88276 2.184
563000 2.03615 1.88276 2.184
564000 2.03615 1.88276 2.184
565000 2.03615 1.88276 2.184
566000 2.03615 1.88276 2.184
567000 2.03615 1.88276 2.184
568000 2.03615 1.88276 2.184
569000 2.03615 1.88276 2.184
570000 2.03615 1.88276 2.184
571000 2.03615 1.88276 2.184
572000 2.03615 1.88276 2.184
573000 2.03615 1.88276 2.184
574000 2.03615 1.88276 2.184
575000 2.03615 1.88276 2.184
576000 2.03615 1.88276 2.184
577000 2.03615 1.88276 2.184
578000 2.03615 1.88276 2.184
579000 2.03615 1.88276 2.184
580000 2.03615 1.88276 2.184
581000 2.03615 1.88276 2.184
582000 2.03615 1.88276 2.184
583000 2.03615 1.88276 2.184
584000 2.03615 1.88276 2.184
585000 2.03615 1.88276 2.184
586000 2.03615 1.88276 2.184
587000 2.03615 1.88276 2.184
588000 2.03615 1.88276 2.184
589000 2.03615 1.88276 2.184
590000 2.03615 1.88276 2.184
591000 2.03615 1.88276 2.184
592000 2.03615 1.88276 2.184
593000 2.03615 1.88276 2.184
594000 2.03615 1.88276 2.184
595000 2.03615 1.88276 2.184
596000 2.03615 1.88276 2.184
597000 2.03615 1.88276 2.184
598000 2.03615 1.88276 2.184
599000 2.03615 1.88276 2.184
600000 2.03615 1.88276 2.184
601000 2.03615 1.88276 2.184
602000 2.03615 1.88276 2.184
603000 2.03615 1.88276 2.184
604000 2.03615 1.88276 2.184
605000 2.03615 1.88276 2.184
606000 2.03615 1.88276 2.184
607000 2.03615 1.88276 2.184
608000 2.03615 1.88276 2.184
609000 2.03615 1.88276 2.184
610000 2.03615 1.88276 2.184
611000 2.03615 1.88276 2.184
612000 2.03615 1.88276 2.184
613000 2.03615 1.88276 2.184
614000 2.03615 1.88276 2.184
615000 2.03615 1.88276 2.184
616000 2.03615 1.88276 2.184
617000 2.03615 1.88276 2.184
618000 2.03615 1.88276 2.184
619000 2.03615 1.88276 2.184
620000 2.03615 1.88276 2.184
621000 2.03615 1.88276 2.184
622000 2.03615 1.88276 2.184
623000 2.03615 1.88276 2.184
624000 2.03615 1.88276 2.184
625000 2.03615 1.88276 2.184
626000 2.03615 1.88276 2.184
627000 2.03615 1.88276 2.184
628000 2.03615 1.88276 2.184
629000 2.03615 1.88276 2.184
630000 2.03615 1.88276 2.184
631000 2.03615 1.88276 2.184
632000 2.03615 1.88276 2.184
633000 2.03615 1.88276 2.184
634000 2.03615 1.88276 2.184
635000 2.03615 1.88276 2.184
636000 2.03615 1.88276 2.184
637000 2.03615 1.88276 2.184
638000 2.03615 1.88276 2.184
639000 2.03615 1.88276 2.184
640000 2.03615 1.88276 2.184
641000 2.03615 1.88276 2.184
642000 2.03615 1.88276 2.184
643000 2.03615 1.88276 2.184
644000 2.03615 1.88276 2.184
645000 2.03615 1.88276 2.184
646000 2.03615 1.88276 2.184
647000 2.03615 1.88276 2.184
648000 2.03615 1.88276 2.184
649000 2.03615 1.88276 2.184
650000 2.03615 1.88276 2.184
651000 2.03615 1.88276 2.184
652000 2.03615 1.88276 2.184
653000 2.03615 1.88276 2.184
654000 2.03615 1.88276 2.184
655000 2.03615 1.88276 2.184
656000 2.03615 1.88276 2.184
657000 2.03615 1.88276 2.184
658000 2.03615 1.88276 2.184
659000 2.03615 1.88276 2.184
660000 2.03615 1.88276 2.184
661000 2.03615 1.88276 2.184
662000 2.03615 1.88276 2.184
663000 2.03615 1.88276 2.184
664000 2.03615 1.88276 2.184
665000 2.03615 1.88276 2.184
666000 2.03615 1.88276 2.184
667000 2.03615 1.88276 2.184
668000 2.03615 1.88276 2.184
669000 2.03615 1.88276 2.184
670000 2.03615 1.88276 2.184
671000 2.03615 1.88276 2.184
672000 2.03615 1.88276 2.184
673000 2.03615 1.88276 2.184
674000 2.03615 1.88276 2.184
675000 2.03615 1.88276 2.184
676000 2.03615 1.88276 2.184
677000 2.03615 1.88276 2.184
678000 2.03615 1.88276 2.184
679000 2.03615 1.88276 2.184
680000 2.03615 1.88276 2.184
681000 2.03615 1.88276 2.184
682000 2.03615 1.88276 2.184
683000 2.03615 1.88276 2.184
684000 2.03615 1.88276 2.184
685000 2.03615 1.88276 2.184
686000 2.03615 1.88276 2.184
687000 2.03615 1.88276 2.184
688000 2.03615 1.88276 2.184
689000 2.03615 1.88276 2.184
690000 2.03615 1.88276 2.184
691000 2.03615 1.88276 2.184
692000 2.03615 1.88276 2.184
693000 2.03615 1.88276 2.184
694000 2.03615 1.88276 2.184
695000 2.03615 1.88276 2.184
696000 2.03615 1.88276 2.184
697000 2.03615 1.88276 2.184
698000 2.03615 1.88276 2.184
699000 2.03615 1.88276 2.184
700000 2.03615 1.88276 2.184
701000 2.03615 1.88276 2.184
702000 2.03615 1.88276 2.184
703000 2.03615 1.88276 2.184
704000 2.03615 1.88276 2.184
705000 2.03615 1.88276 2.184
706000 2.03615 1.88276 2.184
707000 2.03615 1.88276 2.184
708000 2.03615 1.88276 2.184
709000 2.03615 1.88276 2.184
710000 2.03615 1.88276 2.184
711000 2.03615 1.88276 2.184
712000 2.03615 1.88276 2.184
713000 2.03615 1.88276 2.184
714000 2.03615 1.88276 2.184
715000 2.03615 1.88276 2.184
716000 2.03615 1.88276 2.184
717000 2.03615 1.88276 2.184
718000 2.03615 1.88276 2.184
719000 2.03615 1.88276 2.184
720000 2.03615 1.88276 2.184
721000 2.03615 1.88276 2.184
722000 2.03615 1.88276 2.184
723000 2.03615 1.88276 2.184
724000 2.03615 1.88276 2.184
725000 2.03615 1.88276 2.184
726000 2.03615 1.88276 2.184
727000 2.03615 1.88276 2.184
728000 2.03615 1.88276 2.184
729000 2.03615 1.88276 2.184
730000 2.03615 1.88276 2.184
731000 2.03615 1.88276 2.184
732000 2.03615 1.88276 2.184
733000 2.03615 1.88276 2.184
734000 2.03615 1.88276 2.184
735000 2.03615 1.88276 2.184
736000 2.03615 1.88276 2.184
737000 2.03615 1.88276 2.184
738000 2.03615 1.88276 2.184
739000 2.03615 1.88276 2.184
740000 2.03615 1.88276 2.184
741000 2.03615 1.88276 2.184
742000 2.03615 1.88276 2.184
743000 2.03615 1.88276 2.184
744000 2.03615 1.88276 2.184
745000 2.03615 1.88276 2.184
746000 2.03615 1.88276 2.184
747000 2.03615 1.88276 2.184
748000 2.03615 1.88276 2.184
749000 2.03615 1.88276 2.184
750000 2.03615 1.88276 2.184
751000 2.03615 1.88276 2.184
752000 2.03615 1.88276 2.184
753000 2.03615 1.88276 2.184
754000 2.03615 1.88276 2.184
755000 2.03615 1.88276 2.184
756000 2.03615 1.88276 2.184
757000 2.03615 1.88276 2.184
758000 2.03615 1.88276 2.184
759000 2.03615 1.88276 2.184
760000 2.03615 1.88276 2.184
761000 2.03615 1.88276 2.184
762000 2.03615 1.88276 2.184
763000 2.03615 1.88276 2.184
764000 2.03615 1.88276 2.184
765000 2.03615 1.88276 2.184
766000 2.03615 1.88276 2.184
767000 2.03615 1.88276 2.184
768000 2.03615 1.88276 2.184
769000 2.03615 1.88276 2.184
770000 2.03615 1.88276 2.184
771000 2.03615 1.88276 2.184
772000 2.03615 1.88276 2.184
773000 2.03615 1.88276 2.184
774000 2.03615 1.88276 2.184
775000 2.03615 1.88276 2.184
776000 2.03615 1.88276 2.184
777000 2.03615 1.88276 2.184
778000 2.03615 1.88276 2.184
779000 2.03615 1.88276 2.184
780000 2.03615 1.88276 2.184
781000 2.03615 1.88276 2.184
782000 2.03615 1.88276 2.184
783000 2.03615 1.88276 2.184
784000 2.03615 1.88276 2.184
785000 2.03615 1.88276 2.184
786000 2.03615 1.88276 2.184
787000 2.03615 1.88276 2.184
788000 2.03615 1.88276 2.184
789000 2.03615 1.88276 2.184
790000 2.03615 1.88276 2.184
791000 2.03615 1.88276 2.184
792000 2.03615 1.88276 2.184
793000 2.03615 1.88276 2.184
794000 2.03615 1.88276 2.184
795000 2.03615 1.88276 2.184
796000 2.03615 1.88276 2.184
797000 2.03615 1.88276 2.184
798000 2.03615 1.88276 2.184
799000 2.03615 1.88276 2.184
800000 2.03615 1.88276 2.184
801000 2.03615 1.88276 2.184
802000 2.03615 1.88276 2.184
803000 2.03615 1.88276 2.184
804000 2.03615 1.88276 2.184
805000 2.03615 1.88276 2.184
806000 2.03615 1.88276 2.184
807000 2.03615 1.88276 2.184
808000 2.03615 1.88276 2.184
809000 2.03615 1.88276 2.184
810000 2.03615 1.88276 2.184
811000 2.03615 1.88276 2.184
812000 2.03615 1.88276 2.184
813000 2.03615 1.88276 2.184
814000 2.03615 1.88276 2.184
815000 2.03615 1.88276 2.184
816000 2.03615 1.88276 2.184
817000 2.03615 1.88276 2.184
818000 2.03615 1.88276 2.184
819000 2.03615 1.88276 2.184
820000 2.03615 1.88276 2.184
821000 2.03615 1.88276 2.184
822000 2.03615 1.88276 2.184
823000 2.03615 1.88276 2.184
824000 2.03615 1.88276 2.184
825000 2.03615 1.88276 2.184
826000 2.03615 1.88276 2.184
827000 2.03615 1.88276 2.184
828000 2.03615 1.88276 2.184
829000 2.03615 1.88276 2.184
830000 2.03615 1.88276 2.184
831000 2.03615 1.88276 2.184
832000 2.03615 1.88276 2.184
833000 2.03615 1.88276 2.184
834000 2.03615 1.88276 2.184
835000 2.03615 1.88276 2.184
836000 2.03615 1.88276 2.184
837000 2.03615 1.88276 2.184
838000 2.03615 1.88276 2.184
839000 2.03615 1.88276 2.184
840000 2.03615 1.88276 2.184
841000 2.03615 1.88276 2.184
842000 2.03615 1.88276 2.184
843000 2.03615 1.88276 2.184
844000 2.03615 1.88276 2.184
845000 2.03615 1.88276 2.184
846000 2.03615 1.88276 2.184
847000 2.03615 1.88276 2.184
848000 2.03615 1.88276 2.184
849000 2.03615 1.88276 2.184
850000 2.03615 1.88276 2.184
851000 2.03615 1.88276 2.184
852000 2.03615 1.88276 2.184
853000 2.03615 1.88276 2.184
854000 2.03615 1.88276 2.184
855000 2.03615 1.88276 2.184
856000 2.03615 1.88276 2.184
857000 2.03615 1.88276 2.184
858000 2.03615 1.88276 2.184
859000 2.03615 1.88276 2.184
860000 2.03615 1.88276 2.184
861000 2.03615 1.88276 2.184
862000 2.03615 1.88276 2.184
863000 2.03615 1.88276 2.184
864000 2.03615 1.88276 2.184
865000 2.03615 1.88276 2.184
866000 2.03615 1.88276 2.184
867000 2.03615 1.88276 2.184
868000 2.03615 1.88276 2.184
869000 2.03615 1.88276 2.184
870000 2.03615 1.88276 2.184
871000 2.03615 1.88276 2.184
872000 2.03615 1.88276 2.184
873000 2.03615 1.88276 2.184
874000 2.03615 1.88276 2.184
875000 2.03615 1.88276 2.184
876000 2.03615 1.88276 2.184
877000 2.03615 1.88276 2.184
878000 2.03615 1.88276 2.184
879000 2.03615 1.88276 2.184
880000 2.03615 1.88276 2.184
881000 2.03615 1.88276 2.184
882000 2.03615 1.88276 2.184
883000 2.03615 1.88276 2.184
884000 2.03615 1.88276 2.184
885000 2.03615 1.88276 2.184
886000 2.03615 1.88276 2.184
887000 2.03615 1.88276 2.184
888000 2.03615 1.88276 2.184
889000 2.03615 1.88276 2.184
890000 2.03615 1.88276 2.184
891000 2.03615 1.88276 2.184
892000 2.03615 1.88276 2.184
893000 2.03615 1.88276 2.184
894000 2.03615 1.88276 2.184
895000 2.03615 1.88276 2.184
896000 2.03615 1.88276 2.184
897000 2.03615 1.88276 2.184
898000 2.03615 1.88276 2.184
899000 2.03615 1.88276 2.184
900000 2.03615 1.88276 2.184
901000 2.03615 1.88276 2.184
902000 2.03615 1.88276 2.184
903000 2.03615 1.88276 2.184
904000 2.03615 1.88276 2.184
905000 2.03615 1.88276 2.184
906000 2.03615 1.88276 2.184
907000 2.03615 1.88276 2.184
908000 2.03615 1.88276 2.184
909000 2.03615 1.88276 2.184
910000 2.03615 1.88276 2.184
911000 2.03615 1.88276 2.184
912000 2.03615 1.88276 2.184
913000 2.03615 1.88276 2.184
914000 2.03615 1.88276 2.184
915000 2.03615 1.88276 2.184
916000 2.03615 1.88276 2.184
917000 2.03615 1.88276 2.184
918000 2.03615 1.88276 2.184
919000 2.03615 1.88276 2.184
920000 2.03615 1.88276 2.184
921000 2.03615 1.88276 2.184
922000 2.03615 1.88276 2.184
923000 2.03615 1.88276 2.184
924000 2.03615 1.88276 2.184
925000 2.03615 1.88276 2.184
926000 2.03615 1.88276 2.184
927000 2.03615 1.88276 2.184
928000 2.03615 1.88276 2.184
929000 2.03615 1.88276 2.184
930000 2.03615 1.88276 2.184
931000 2.03615 1.88276 2.184
932000 2.03615 1.88276 2.184
933000 2.03615 1.88276 2.184
934000 2.03615 1.88276 2.184
935000 2.03615 1.88276 2.184
936000 2.03615 1.88276 2.184
937000 2.03615 1.88276 2.184
938000 2.03615 1.88276 2.184
939000 2.03615 1.88276 2.184
940000 2.03615 1.88276 2.184
941000 2.03615 1.88276 2.184
942000 2.03615 1.88276 2.184
943000 2.03615 1.88276 2.184
944000 2.03615 1.88276 2.184
945000 2.03615 1.88276 2.184
946000 2.03615 1.88276 2.184
947000 2.03615 1.88276 2.184
948000 2.03615 1.88276 2.184
949000 2.03615 1.88276 2.184
950000 2.03615 1.88276 2.184
951000 2.03615 1.88276 2.184
952000 2.03615 1.88276 2.184
953000 2.03615 1.88276 2.184
954000 2.03615 1.88276 2.184
955000 2.03615 1.88276 2.184
956000 2.03615 1.88276 2.184
957000 2.03615 1.88276 2.184
958000 2.03615 1.88276 2.184
959000 2.03615 1.88276 2.184
960000 2.03615 1.88276 2.184
961000 2.03615 1.88276 2.184
962000 2.03615 1.88276 2.184
963000 2.03615 1.88276 2.184
964000 2.03615 1.88276 2.184
965000 2.03615 1.88276 2.184
966000 2.03615 1.88276 2.184
967000 2.03615 1.88276 2.184
968000 2.03615 1.88276 2.184
969000 2.03615 1.88276 2.184
970000 2.03615 1.88276 2.184
971000 2.03615 1.88276 2.184
972000 2.03615 1.88276 2.184
973000 2.03615 1.88276 2.184
974000 2.03615 1.88276 2.184
975000 2.03615 1.88276 2.184
976000 2.03615 1.88276 2.184
977000 2.03615 1.88276 2.184
978000 2.03615 1.88276 2.184
979000 2.03615 1.88276 2.184
980000 2.03615 1.88276 2.184
981000 2.03615 1.88276 2.184
982000 2.03615 1.88276 2.184
983000 2.03615 1.88276 2.184
984000 2.03615 1.88276 2.184
985000 2.03615 1.88276 2.184
986000 2.03615 1.88276 2.184
987000 2.03615 1.88276 2.184
988000 2.03615 1.88276 2.184
989000 2.03615 1.88276 2.184
990000 2.03615 1.88276 2.184
991000 2.03615 1.88276 2.184
992000 2.03615 1.88276 2.184
993000 2.03615 1.88276 2.184
994000 2.03615 1.88276 2.184
995000 2.03615 1.88276 2.184
996000 2.03615 1.88276 2.184
997000 2.03615 1.88276 2.184
998000 2.03615 1.88276 2.184
999000 2.03615 1.88276 2.184
1000000 2.03615 1.88276 2.184
