# Time-averaged data for fix msd
# TimeStep c_msd[4]
1000 0.198219
2000 0.372357
3000 0.609889
4000 0.78749
5000 0.868719
6000 1.01167
7000 1.19441
8000 1.45567
9000 1.66081
10000 1.96208
11000 2.0909
12000 2.10478
13000 2.17657
14000 2.34776
15000 2.53299
16000 2.84569
17000 2.93213
18000 3.14005
19000 3.3666
20000 3.42279
21000 3.62594
22000 3.87619
23000 3.87589
24000 4.10629
25000 4.25116
26000 4.17988
27000 4.52465
28000 4.58558
29000 4.54579
30000 4.603
31000 4.63577
32000 4.7255
33000 4.53118
34000 4.80162
35000 4.86855
36000 5.02776
37000 5.09487
38000 5.53186
39000 5.62263
40000 5.82029
41000 6.18209
42000 6.36237
43000 6.48549
44000 6.57114
45000 6.75861
46000 7.06748
47000 7.13052
48000 7.13335
49000 7.24399
50000 7.14526
51000 7.44788
52000 7.73169
53000 7.84881
54000 7.92147
55000 7.96059
56000 8.22802
57000 8.57806
58000 8.88593
59000 9.27648
60000 9.47246
61000 9.67137
62000 9.73046
63000 9.99431
64000 9.97425
65000 10.2009
66000 10.4775
67000 10.7596
68000 10.6177
69000 10.7718
70000 11.2651
71000 11.3966
72000 11.9561
73000 11.8045
74000 12.2372
75000 11.8352
76000 12.2713
77000 12.3281
78000 12.6046
79000 12.8096
80000 12.8987
81000 12.8276
82000 12.8563
83000 12.9053
84000 12.826
85000 13.1313
86000 13.6466
87000 14.0665
88000 14.1358
89000 14.4369
90000 14.6349
91000 14.6737
92000 14.6762
93000 15.0466
94000 15.4128
95000 15.9179
96000 16.1931
97000 16.5335
98000 16.6735
99000 16.5284
100000 16.7433
101000 16.3202
102000 16.4395
103000 16.4444
104000 16.5269
105000 16.9198
106000 16.9631
107000 17.2016
108000 17.7764
109000 17.6121
110000 17.0535
111000 17.3628
112000 17.6611
113000 18.1674
114000 18.7482
115000 18.6589
116000 18.4843
117000 18.3883
118000 18.4024
119000 18.5693
120000 18.4918
121000 18.4707
122000 18.4413
123000 18.8719
124000 18.6118
125000 18.2184
126000 18.178
127000 18.738
128000 19.2602
129000 19.6034
130000 19.1924
131000 19.4013
132000 19.6701
133000 19.5094
134000 19.6325
135000 20.5009
136000 20.8135
137000 21.6211
138000 22.207
139000 22.3571
140000 22.4686
141000 22.7702
142000 22.5308
143000 22.1935
144000 23.0042
145000 23.7096
146000 23.9216
147000 23.472
148000 23.7593
149000 23.8644
150000 24.1368
151000 24.4414
152000 25.0591
153000 25.3643
154000 25.4165
155000 25.5019
156000 25.4848
157000 25.2805
158000 25.0013
159000 25.1177
160000 25.5698
161000 25.8651
162000 26.1384
163000 25.7589
164000 25.8659
165000 26.1885
166000 26.5447
167000 26.5771
168000 27.0834
169000 26.808
170000 26.4894
171000 26.714
172000 26.6476
173000 26.9876
174000 27.0681
175000 27.4725
176000 27.1835
177000 27.491
178000 27.567
179000 28.0831
180000 28.4973
181000 29.0432
182000 28.394
183000 28.5023
184000 28.842
185000 29.2863
186000 29.7481
187000 30.0471
188000 29.7467
189000 29.6448
190000 29.6854
191000 30.0325
192000 29.8345
193000 29.4806
194000 29.6937
195000 29.8584
196000 29.3851
197000 29.1683
198000 29.4263
199000 29.7792
200000 30.2857
201000 30.7962
202000 31.1794
203000 31.4556
204000 31.2848
205000 30.9897
206000 31.1794
207000 31.1567
208000 31.4709
209000 31.1165
210000 31.7257
211000 32.1629
212000 32.2708
213000 32.3583
214000 32.1815
215000 32.1668
216000 32.6483
217000 32.7088
218000 32.763
219000 33.0308
220000 33.4076
221000 33.1056
222000 33.4034
223000 33.3842
224000 32.6974
225000 32.4992
226000 32.6303
227000 32.341
228000 31.646
229000 32.0811
230000 31.6576
231000 31.4274
232000 31.6363
233000 32.2733
234000 32.5392
235000 32.6439
236000 32.3482
237000 32.2155
238000 32.8098
239000 33.2061
240000 32.8776
241000 33.0223
242000 33.479
243000 34.2628
244000 34.0676
245000 33.7608
246000 34.1841
247000 34.877
248000 34.7581
249000 35.1397
250000 35.7903
251000 35.7714
252000 36.0727
253000 35.9829
254000 35.481
255000 35.9119
256000 36.3435
257000 36.0562
258000 36.436
259000 36.6482
260000 36.1916
261000 37.0789
262000 37.1061
263000 37.9328
264000 37.7632
265000 37.978
266000 38.2322
267000 38.3474
268000 38.8272
269000 38.41
270000 38.1756
271000 38.301
272000 38.7091
273000 38.4343
274000 38.5667
275000 38.5851
276000 39.4026
277000 39.7045
278000 39.0105
279000 39.9148
280000 40.121
281000 40.197
282000 40.6552
283000 40.8563
284000 41.6762
285000 40.7266
286000 39.9446
287000 39.8643
288000 39.3857
289000 39.4182
290000 40.0397
291000 39.8874
292000 39.5153
293000 39.5047
294000 40.1492
295000 40.1346
296000 40.2329
297000 41.3723
298000 42.1529
299000 43.1859
300000 43.8287
301000 44.0984
302000 44.1095
303000 44.4733
304000 44.0902
305000 44.6624
306000 44.6278
307000 44.4358
308000 44.3953
309000 45.4888
310000 46.1487
311000 46.4372
312000 47.2273
313000 47.2518
314000 47.5502
315000 46.9775
316000 47.5974
317000 47.9133
318000 48.656
319000 48.9813
320000 49.2697
321000 49.1945
322000 50.2016
323000 50.2636
324000 51.4303
325000 51.5206
326000 51.9458
327000 52.1783
328000 52.5154
329000 52.5612
330000 52.79
331000 52.1966
332000 52.5595
333000 53.0014
334000 53.2739
335000 53.4105
336000 53.2568
337000 54.3731
338000 53.5108
339000 53.6728
340000 53.9465
341000 53.7974
342000 54.0014
343000 53.0473
344000 53.1733
345000 53.1967
346000 53.7361
347000 54.4434
348000 54.694
349000 55.0825
350000 54.5265
351000 54.5973
352000 54.3464
353000 54.2225
354000 53.6687
355000 54.1489
356000 54.4736
357000 53.9969
358000 54.8456
359000 54.1411
360000 54.7165
361000 54.6149
362000 54.5997
363000 53.8735
364000 55.2762
365000 55.3399
366000 56.9975
367000 56.3894
368000 56.0537
369000 55.6895
370000 56.1056
371000 56.8087
372000 56.528
373000 56.9828
374000 56.0505
375000 56.2142
376000 56.6522
377000 57.4221
378000 57.2209
379000 58.0617
380000 57.6633
381000 57.8246
382000 58.2782
383000 58.3768
384000 59.1332
385000 59.6019
386000 59.5868
387000 59.994
388000 60.1642
389000 60.0393
390000 60.5721
391000 60.686
392000 60.707
393000 61.1058
394000 61.0987
395000 61.2221
396000 61.1272
397000 60.8798
398000 60.3601
399000 59.8237
400000 59.7665
401000 59.1171
402000 59.7129
403000 60.9001
404000 61.1781
405000 62.4033
406000 62.8007
407000 63.0661
408000 62.953
409000 62.8645
410000 62.8511
411000 62.6419
412000 62.6365
413000 62.9694
414000 63.2228
415000 63.1465
416000 64.1284
417000 64.8887
418000 64.5763
419000 64.5339
420000 64.8176
421000 64.4443
422000 65.0006
423000 65.6686
424000 65.4362
425000 65.179
426000 65.5009
427000 65.8681
428000 66.0983
429000 66.758
430000 67.2287
431000 66.4848
432000 67.1173
433000 67.3684
434000 67.6758
435000 67.2139
436000 67.9853
437000 67.5286
438000 68.7384
439000 68.6529
440000 69.0675
441000 68.0049
442000 68.3455
443000 68.6297
444000 69.1645
445000 69.4766
446000 69.5975
447000 70.3096
448000 70.3129
449000 70.0748
450000 70.0413
451000 69.4287
452000 70.1417
453000 70.4955
454000 70.7505
455000 71.628
456000 72.435
457000 72.4648
458000 71.9716
459000 72.7352
460000 72.5702
461000 72.2192
462000 72.9852
463000 72.3268
464000 71.4137
465000 71.2537
466000 70.7507
467000 71.0435
468000 71.0338
469000 70.7784
470000 70.8978
471000 71.3912
472000 71.7083
473000 72.0472
474000 72.293
475000 71.7591
476000 72.3591
477000 72.0475
478000 72.2301
479000 72.5188
480000 72.0953
481000 72.4394
482000 72.2211
483000 73.5312
484000 74.1256
485000 74.5048
486000 73.636
487000 73.3837
488000 73.5004
489000 73.7079
490000 73.3988
491000 72.884
492000 72.9036
493000 72.5436
494000 73.0929
495000 73.4736
496000 73.4803
497000 73.7577
498000 73.2123
499000 72.7347
500000 72.1177
501000 72.3081
502000 72.4995
503000 72.6605
504000 72.8968
505000 72.5119
506000 71.9622
507000 72.4101
508000 72.4517
509000 71.8526
510000 71.7963
511000 71.8889
512000 72.3404
513000 70.9598
514000 71.2864
515000 71.3264
516000 71.6057
517000 72.2339
518000 71.8291
519000 72.4416
520000 71.7766
521000 71.2055
522000 71.4351
523000 70.7801
524000 71.6109
525000 71.9848
526000 72.1033
527000 72.7886
528000 73.322
529000 73.2433
530000 73.5024
531000 73.2496
532000 73.0365
533000 72.962
534000 73.0014
535000 72.9271
536000 73.9339
537000 72.7192
538000 72.6933
539000 73.929
540000 73.3769
541000 73.8618
542000 73.4333
543000 73.6896
544000 73.9232
545000 73.6353
546000 73.3888
547000 73.1286
548000 72.5464
549000 74.2153
550000 74.4006
551000 74.4757
552000 74.6243
553000 74.285
554000 75.3256
555000 75.0708
556000 75.0362
557000 75.3755
558000 74.8119
559000 74.7125
560000 75.0453
561000 75.5764
562000 76.7505
563000 77.6394
564000 77.173
565000 77.3685
566000 77.0225
567000 77.4777
568000 78.637
569000 78.206
570000 78.6707
571000 78.9455
572000 78.6789
573000 77.6813
574000 77.2218
575000 77.5564
576000 78.1047
577000 77.9735
578000 77.8525
579000 77.0765
580000 76.946
581000 77.8431
582000 78.1219
583000 78.8262
584000 78.8568
585000 77.8443
586000 78.1024
587000 78.7607
588000 79.1256
589000 79.2427
590000 78.532
591000 79.4217
592000 79.0206
593000 77.7281
594000 78.008
595000 76.8057
596000 76.6398
597000 76.1073
598000 75.5889
599000 75.5127
600000 75.0848
601000 75.1113
602000 73.9756
603000 72.9958
604000 72.8878
605000 73.2458
606000 72.6595
607000 73.0106
608000 73.8521
609000 74.5927
610000 74.8275
611000 73.7305
612000 73.5429
613000 73.2213
614000 73.3514
615000 72.5837
616000 73.1635
617000 73.5111
618000 73.7171
619000 73.8543
620000 74.3847
621000 73.5854
622000 75.0761
623000 75.3727
624000 76.0533
625000 75.5421
626000 75.7812
627000 76.4203
628000 75.8503
629000 75.6838
630000 74.7751
631000 75.9668
632000 76.3129
633000 77.0432
634000 76.7311
635000 76.9766
636000 77.776
637000 77.363
638000 77.7352
639000 79.6938
640000 79.5415
641000 80.9401
642000 81.1007
643000 82.9142
644000 82.4057
645000 83.4038
646000 83.9634
647000 85.2794
648000 84.9334
649000 85.5689
650000 86.2519
651000 86.3527
652000 86.1309
653000 86.6997
654000 86.9857
655000 86.7537
656000 87.1265
657000 87.5669
658000 88.3714
659000 88.2661
660000 88.4143
661000 88.4665
662000 88.6634
663000 88.5848
664000 88.8104
665000 88.0388
666000 88.2519
667000 87.6988
668000 87.2264
669000 86.8157
670000 87.4863
671000 87.8118
672000 87.2532
673000 86.6631
674000 87.2123
675000 86.6949
676000 87.9903
677000 88.9695
678000 89.6803
679000 90.0494
680000 89.1745
681000 89.2776
682000 89.1645
683000 91.2015
684000 91.8151
685000 91.8624
686000 92.422
687000 92.4355
688000 93.372
689000 92.6823
690000 93.5495
691000 93.5497
692000 93.7854
693000 93.0978
694000 93.2562
695000 93.0142
696000 92.8764
697000 93.1724
698000 93.2424
699000 93.2976
700000 92.6587
701000 92.4099
702000 92.2783
703000 92.4113
704000 91.7893
705000 91.9463
706000 91.0511
707000 91.5506
708000 92.8225
709000 92.4584
710000 92.6835
711000 93.242
712000 94.3618
713000 94.3791
714000 94.7273
715000 94.8371
716000 95.4537
717000 94.8783
718000 95.7712
719000 95.6105
720000 95.0371
721000 94.8095
722000 95.4491
723000 96.0882
724000 96.3618
725000 96.0823
726000 95.6781
727000 96.4615
728000 96.4832
729000 95.696
730000 95.0021
731000 94.8342
732000 95.3586
733000 94.6465
734000 94.5962
735000 95.2935
736000 94.2295
737000 94.4389
738000 93.5196
739000 93.4526
740000 93.8216
741000 94.1975
742000 93.5633
743000 93.3771
744000 94.1758
745000 94.3819
746000 93.9535
747000 94.1666
748000 94.5246
749000 95.4066
750000 95.8686
751000 97.6065
752000 98.4468
753000 97.546
754000 97.2597
755000 97.3869
756000 96.613
757000 96.7831
758000 96.6275
759000 97.1475
760000 96.8643
761000 96.8555
762000 98.6044
763000 98.387
764000 100.157
765000 99.677
766000 99.5477
767000 100.075
768000 100.336
769000 99.4326
770000 99.4652
771000 99.1539
772000 100.203
773000 99.638
774000 98.9781
775000 98.9126
776000 98.5566
777000 98.5524
778000 99.0623
779000 99.2791
780000 98.5014
781000 99.2953
782000 99.1544
783000 98.6798
784000 99.6559
785000 100.13
786000 100.104
787000 100.174
788000 100.791
789000 100.017
790000 99.2629
791000 100.308
792000 100.186
793000 101.488
794000 101.193
795000 101.581
796000 101.736
797000 101.284
798000 101.67
799000 101.838
800000 101.545
801000 102.032
802000 102.629
803000 103.484
804000 103.543
805000 103.61
806000 103.21
807000 103.402
808000 103.44
809000 103.59
810000 102.315
811000 101.74
812000 102.751
813000 103.689
814000 104.644
815000 103.052
816000 104.148
817000 103.641
818000 104.739
819000 105.112
820000 105.338
821000 105.562
822000 105.174
823000 105.018
824000 105.895
825000 106.212
826000 107.54
827000 108.42
828000 108.653
829000 108.857
830000 109.891
831000 110.708
832000 111.213
833000 110.931
834000 109.928
835000 110.584
836000 111.342
837000 110.533
838000 111.707
839000 110.315
840000 109.844
841000 109.257
842000 109.747
843000 108.556
844000 108.918
845000 108.982
846000 109.216
847000 108.638
848000 109.797
849000 109.86
850000 110.818
851000 109.733
852000 109.48
853000 109.297
854000 108.213
855000 108.603
856000 107.724
857000 109.33
858000 109.268
859000 109.206
860000 109.317
861000 110.374
862000 111.853
863000 111.703
864000 111.515
865000 109.595
866000 109.586
867000 111.486
868000 111.8
869000 110.625
870000 112.363
871000 113.664
872000 114.139
873000 116.286
874000 115.998
875000 116.242
876000 116.954
877000 117.23
878000 118.18
879000 119.388
880000 119.798
881000 119.45
882000 119.916
883000 119.698
884000 120.142
885000 119.817
886000 120.426
887000 119.429
888000 118.298
889000 117.918
890000 118.774
891000 118.206
892000 118.809
893000 119.513
894000 120.076
895000 120.336
896000 121.12
897000 121.073
898000 122.345
899000 121.764
900000 123.007
901000 123.979
902000 124.86
903000 125.256
904000 125.381
905000 125.409
906000 125.441
907000 125.507
908000 126.613
909000 127.849
910000 127.796
911000 127.706
912000 128.492
913000 129.225
914000 129.157
915000 130.504
916000 130.777
917000 129.379
918000 128.922
919000 129.65
920000 129.263
921000 128.696
922000 127.819
923000 127.253
924000 126.97
925000 126.63
926000 127.664
927000 126.169
928000 127.108
929000 126.707
930000 126.493
931000 125.772
932000 126.873
933000 125.641
934000 126.247
935000 126.41
936000 126.679
937000 127.515
938000 127.86
939000 128.252
940000 128.202
941000 128.357
942000 127.601
943000 127.145
944000 126.079
945000 125.548
946000 126.31
947000 126.343
948000 126.552
949000 127.086
950000 126.796
951000 127.68
952000 128.595
953000 128.786
954000 127.717
955000 128.878
956000 128.852
957000 128.25
958000 128.384
959000 126.269
960000 127.101
961000 126.472
962000 126.728
963000 126.846
964000 127.679
965000 126.65
966000 126.33
967000 128.006
968000 127.542
969000 126.264
970000 126.836
971000 127.336
972000 127.641
973000 128.133
974000 129.502
975000 128.829
976000 128.192
977000 128.146
978000 126.262
979000 126.755
980000 126.831
981000 128.693
982000 127.991
983000 127.256
984000 128.165
985000 129.198
986000 127.813
987000 127.523
988000 127.904
989000 127.76
990000 127.15
991000 127.898
992000 128.215
993000 128.259
994000 128.161
995000 128.799
996000 129.062
997000 128.73
998000 129.773
999000 130.549
1000000 129.712
