# Time-averaged data for fix avgcoord
# TimeStep c_ac50 c_ac75 c_ac100 c_ac125
1000 0 0 1.858 8.118
2000 0 0 1.946 8.264
3000 0 0 1.918 8.356
4000 0 0 2.066 8.402
5000 0 0 2.122 8.446
6000 0 0 2.05 8.506
7000 0 0 2.098 8.48
8000 0 0 2.084 8.506
9000 0 0 2.056 8.628
10000 0 0 2.146 8.602
11000 0 0 2.088 8.574
12000 0 0 2.08 8.632
13000 0 0 2.178 8.632
14000 0 0 2.172 8.634
15000 0 0 2.128 8.628
16000 0 0 2.074 8.662
17000 0 0 2.166 8.694
18000 0 0 2.152 8.692
19000 0 0 2.096 8.728
20000 0 0 2.2 8.702
21000 0 0 2.17 8.736
22000 0 0 2.19 8.68
23000 0 0 2.27 8.688
24000 0 0 2.144 8.69
25000 0 0 2.056 8.716
26000 0 0 2.136 8.692
27000 0 0 2.166 8.694
28000 0 0 2.152 8.712
29000 0 0 2.186 8.752
30000 0 0 2.118 8.774
31000 0 0 2.206 8.732
32000 0 0 2.186 8.772
33000 0 0 2.152 8.746
34000 0 0 2.196 8.76
35000 0 0 2.138 8.746
36000 0 0 2.092 8.754
37000 0 0 2.166 8.738
38000 0 0 2.12 8.744
39000 0 0 2.134 8.738
40000 0 0 2.134 8.738
41000 0 0 2.156 8.746
42000 0 0 2.154 8.74
43000 0 0 2.172 8.758
44000 0 0 2.148 8.77
45000 0 0 2.19 8.758
46000 0 0 2.162 8.772
47000 0 0 2.23 8.754
48000 0 0 2.172 8.772
49000 0 0 2.11 8.794
50000 0 0 2.202 8.776
51000 0 0 2.168 8.784
52000 0 0 2.274 8.798
53000 0 0 2.194 8.786
54000 0 0 2.258 8.77
55000 0 0 2.106 8.78
56000 0 0 2.2 8.78
57000 0 0 2.186 8.788
58000 0 0 2.28 8.786
59000 0 0 2.238 8.8
60000 0 0 2.238 8.802
61000 0 0 2.154 8.78
62000 0 0 2.22 8.802
63000 0 0 2.134 8.83
64000 0 0 2.246 8.798
65000 0 0 2.284 8.784
66000 0 0 2.24 8.794
67000 0 0 2.222 8.804
68000 0 0 2.236 8.828
69000 0 0 2.276 8.8
70000 0 0 2.352 8.836
71000 0 0 2.346 8.82
72000 0 0 2.272 8.802
73000 0 0 2.132 8.828
74000 0 0 2.228 8.834
75000 0 0 2.286 8.818
76000 0 0 2.308 8.816
77000 0 0 2.286 8.808
78000 0 0 2.132 8.84
79000 0 0 2.182 8.842
80000 0 0 2.38 8.828
81000 0 0 2.29 8.824
82000 0 0 2.208 8.844
83000 0 0 2.244 8.826
84000 0 0 2.282 8.842
85000 0 0 2.322 8.83
86000 0 0 2.166 8.84
87000 0 0 2.232 8.83
88000 0 0 2.362 8.844
89000 0 0 2.302 8.834
90000 0 0 2.27 8.848
91000 0 0 2.264 8.828
92000 0 0 2.264 8.864
93000 0 0 2.31 8.848
94000 0 0 2.338 8.842
95000 0 0 2.274 8.874
96000 0 0 2.308 8.874
97000 0 0 2.352 8.87
98000 0 0 2.284 8.852
99000 0 0 2.304 8.856
100000 0 0 2.294 8.83
101000 0 0 2.278 8.854
102000 0 0 2.316 8.87
103000 0 0 2.378 8.85
104000 0 0 2.284 8.878
105000 0 0 2.276 8.872
106000 0 0 2.276 8.864
107000 0 0 2.312 8.878
108000 0 0 2.226 8.866
109000 0 0 2.3 8.872
110000 0 0 2.126 8.858
111000 0 0 2.292 8.852
112000 0 0 2.304 8.862
113000 0 0 2.37 8.86
114000 0 0 2.328 8.89
115000 0 0 2.266 8.872
116000 0 0 2.25 8.854
117000 0 0 2.262 8.866
118000 0 0 2.292 8.862
119000 0 0 2.318 8.882
120000 0 0 2.252 8.896
121000 0 0 2.286 8.898
122000 0 0 2.278 8.886
123000 0 0 2.256 8.886
124000 0 0 2.264 8.878
125000 0 0 2.212 8.846
126000 0 0 2.284 8.87
127000 0 0 2.238 8.878
128000 0 0 2.35 8.872
129000 0 0 2.242 8.884
130000 0 0 2.304 8.87
131000 0 0 2.278 8.868
132000 0 0 2.23 8.886
133000 0 0 2.172 8.88
134000 0 0 2.256 8.874
135000 0 0 2.248 8.896
136000 0 0 2.204 8.9
137000 0 0 2.252 8.91
138000 0 0 2.33 8.872
139000 0 0 2.256 8.892
140000 0 0 2.268 8.914
141000 0 0 2.314 8.892
142000 0 0 2.234 8.91
143000 0 0 2.288 8.894
144000 0 0 2.216 8.896
145000 0 0 2.268 8.882
146000 0 0 2.206 8.898
147000 0 0 2.242 8.928
148000 0 0 2.256 8.934
149000 0 0 2.234 8.908
150000 0 0 2.202 8.924
151000 0 0 2.312 8.894
152000 0 0 2.176 8.932
153000 0 0 2.208 8.916
154000 0 0 2.246 8.908
155000 0 0 2.25 8.902
156000 0 0 2.222 8.92
157000 0 0 2.24 8.918
158000 0 0 2.166 8.942
159000 0 0 2.23 8.928
160000 0 0 2.274 8.93
161000 0 0 2.314 8.908
162000 0 0 2.232 8.92
163000 0 0 2.28 8.938
164000 0 0 2.238 8.928
165000 0 0 2.272 8.892
166000 0 0 2.326 8.914
167000 0 0 2.2 8.928
168000 0 0 2.254 8.91
169000 0 0 2.208 8.92
170000 0 0 2.24 8.892
171000 0 0 2.296 8.906
172000 0 0 2.226 8.918
173000 0 0 2.32 8.932
174000 0 0 2.322 8.916
175000 0 0 2.302 8.896
176000 0 0 2.358 8.912
177000 0 0 2.252 8.912
178000 0 0 2.334 8.916
179000 0 0 2.21 8.934
180000 0 0 2.254 8.934
181000 0 0 2.324 8.902
182000 0 0 2.332 8.91
183000 0 0 2.276 8.92
184000 0 0 2.318 8.916
185000 0 0 2.342 8.886
186000 0 0 2.222 8.91
187000 0 0 2.252 8.906
188000 0 0 2.27 8.888
189000 0 0 2.3 8.912
190000 0 0 2.308 8.928
191000 0 0 2.226 8.926
192000 0 0 2.19 8.906
193000 0 0 2.344 8.916
194000 0 0 2.228 8.924
195000 0 0 2.3 8.906
196000 0 0 2.254 8.906
197000 0 0 2.258 8.924
198000 0 0 2.22 8.964
199000 0 0 2.252 8.954
200000 0 0 2.31 8.946
201000 0 0 2.25 8.89
202000 0 0 2.234 8.952
203000 0 0 2.284 8.944
204000 0 0 2.298 8.93
205000 0 0 2.298 8.948
206000 0 0 2.306 8.934
207000 0 0 2.084 8.94
208000 0 0 2.332 8.946
209000 0 0 2.292 8.904
210000 0 0 2.25 8.918
211000 0 0 2.196 8.934
212000 0 0 2.262 8.962
213000 0 0 2.308 8.944
214000 0 0 2.268 8.922
215000 0 0 2.32 8.934
216000 0 0 2.352 8.938
217000 0 0 2.22 8.95
218000 0 0 2.328 8.914
219000 0 0 2.216 8.928
220000 0 0 2.274 8.918
221000 0 0 2.258 8.924
222000 0 0 2.28 8.922
223000 0 0 2.202 8.934
224000 0 0 2.294 8.944
225000 0 0 2.254 8.922
226000 0 0 2.268 8.936
227000 0 0 2.232 8.936
228000 0 0 2.348 8.926
229000 0 0 2.368 8.942
230000 0 0 2.246 8.954
231000 0 0 2.264 8.904
232000 0 0 2.334 8.934
233000 0 0 2.398 8.914
234000 0 0 2.322 8.924
235000 0 0 2.358 8.926
236000 0 0 2.332 8.93
237000 0 0 2.408 8.89
238000 0 0 2.312 8.878
239000 0 0 2.34 8.906
240000 0 0 2.222 8.898
241000 0 0 2.246 8.902
242000 0 0 2.27 8.936
243000 0 0 2.24 8.88
244000 0 0 2.322 8.894
245000 0 0 2.35 8.898
246000 0 0 2.296 8.878
247000 0 0 2.32 8.888
248000 0 0 2.32 8.91
249000 0 0 2.22 8.902
250000 0 0 2.292 8.922
251000 0 0 2.264 8.922
252000 0 0 2.274 8.908
253000 0 0 2.306 8.926
254000 0 0 2.354 8.908
255000 0 0 2.324 8.894
256000 0 0 2.306 8.914
257000 0 0 2.276 8.92
258000 0 0 2.394 8.89
259000 0 0 2.424 8.872
260000 0 0 2.284 8.922
261000 0 0 2.26 8.918
262000 0 0 2.35 8.912
263000 0 0 2.282 8.928
264000 0 0 2.24 8.938
265000 0 0 2.312 8.92
266000 0 0 2.336 8.906
267000 0 0 2.276 8.926
268000 0 0 2.268 8.938
269000 0 0 2.318 8.93
270000 0 0 2.292 8.908
271000 0 0 2.368 8.936
272000 0 0 2.31 8.916
273000 0 0 2.356 8.9
274000 0 0 2.298 8.922
275000 0 0 2.31 8.916
276000 0 0 2.41 8.944
277000 0 0 2.32 8.918
278000 0 0 2.262 8.934
279000 0 0 2.272 8.912
280000 0 0 2.436 8.9
281000 0 0 2.396 8.888
282000 0 0 2.394 8.948
283000 0 0 2.308 8.926
284000 0 0 2.276 8.928
285000 0 0 2.296 8.932
286000 0 0 2.32 8.934
287000 0 0 2.246 8.91
288000 0 0 2.356 8.9
289000 0 0 2.304 8.928
290000 0 0 2.374 8.91
291000 0 0 2.294 8.938
292000 0 0 2.278 8.92
293000 0 0 2.404 8.922
294000 0 0 2.332 8.898
295000 0 0 2.39 8.926
296000 0 0 2.302 8.92
297000 0 0 2.334 8.934
298000 0 0 2.256 8.926
299000 0 0 2.322 8.91
300000 0 0 2.34 8.928
301000 0 0 2.322 8.91
302000 0 0 2.356 8.898
303000 0 0 2.38 8.914
304000 0 0 2.326 8.93
305000 0 0 2.27 8.926
306000 0 0 2.31 8.904
307000 0 0 2.242 8.906
308000 0 0 2.286 8.876
309000 0 0 2.248 8.906
310000 0 0 2.358 8.898
311000 0 0 2.376 8.908
312000 0 0 2.36 8.886
313000 0 0 2.316 8.896
314000 0 0 2.3 8.914
315000 0 0 2.32 8.904
316000 0 0 2.412 8.928
317000 0 0 2.236 8.924
318000 0 0 2.25 8.938
319000 0 0 2.28 8.934
320000 0 0 2.366 8.902
321000 0 0 2.272 8.914
322000 0 0 2.148 8.916
323000 0 0 2.316 8.936
324000 0 0 2.432 8.898
325000 0 0 2.296 8.928
326000 0 0 2.218 8.928
327000 0 0 2.32 8.912
328000 0 0 2.328 8.936
329000 0 0 2.212 8.956
330000 0 0 2.184 8.946
331000 0 0 2.35 8.926
332000 0 0 2.322 8.924
333000 0 0 2.32 8.926
334000 0 0 2.324 8.94
335000 0 0 2.274 8.93
336000 0 0 2.156 8.952
337000 0 0 2.204 8.944
338000 0 0 2.262 8.962
339000 0 0 2.226 8.948
340000 0 0 2.316 8.912
341000 0 0 2.286 8.964
342000 0 0 2.262 8.946
343000 0 0 2.154 8.976
344000 0 0 2.228 8.964
345000 0 0 2.254 8.914
346000 0 0 2.224 8.954
347000 0 0 2.256 8.954
348000 0 0 2.294 8.976
349000 0 0 2.266 8.932
350000 0 0 2.328 8.918
351000 0 0 2.35 8.928
352000 0 0 2.37 8.93
353000 0 0 2.362 8.972
354000 0 0 2.336 8.94
355000 0 0 2.332 8.92
356000 0 0 2.294 8.914
357000 0 0 2.232 8.94
358000 0 0 2.274 8.944
359000 0 0 2.238 8.982
360000 0 0 2.342 8.96
361000 0 0 2.224 8.932
362000 0 0 2.278 8.936
363000 0 0 2.25 8.954
364000 0 0 2.342 8.936
365000 0 0 2.246 8.948
366000 0 0 2.39 8.97
367000 0 0 2.196 8.95
368000 0 0 2.294 8.944
369000 0 0 2.244 8.938
370000 0 0 2.218 8.954
371000 0 0 2.258 8.982
372000 0 0 2.324 8.924
373000 0 0 2.25 8.924
374000 0 0 2.308 8.942
375000 0 0 2.262 8.966
376000 0 0 2.308 8.964
377000 0 0 2.364 8.966
378000 0 0 2.242 8.978
379000 0 0 2.3 8.948
380000 0 0 2.23 8.962
381000 0 0 2.316 8.93
382000 0 0 2.366 8.954
383000 0 0 2.224 8.934
384000 0 0 2.27 8.948
385000 0 0 2.292 8.952
386000 0 0 2.268 8.942
387000 0 0 2.296 8.948
388000 0 0 2.298 8.938
389000 0 0 2.29 8.958
390000 0 0 2.342 8.962
391000 0 0 2.29 8.926
392000 0 0 2.26 8.956
393000 0 0 2.312 8.96
394000 0 0 2.274 8.952
395000 0 0 2.316 8.962
396000 0 0 2.314 8.978
397000 0 0 2.274 8.988
398000 0 0 2.314 8.976
399000 0 0 2.284 8.968
400000 0 0 2.31 8.938
401000 0 0 2.278 8.948
402000 0 0 2.338 8.958
403000 0 0 2.224 8.98
404000 0 0 2.372 8.946
405000 0 0 2.328 8.924
406000 0 0 2.308 8.96
407000 0 0 2.22 8.936
408000 0 0 2.29 8.972
409000 0 0 2.296 8.954
410000 0 0 2.276 8.958
411000 0 0 2.274 8.948
412000 0 0 2.378 8.944
413000 0 0 2.31 8.958
414000 0 0 2.266 8.968
415000 0 0 2.312 8.932
416000 0 0 2.366 8.922
417000 0 0 2.312 8.936
418000 0 0 2.296 8.958
419000 0 0 2.35 8.968
420000 0 0 2.268 8.95
421000 0 0 2.28 8.93
422000 0 0 2.316 8.944
423000 0 0 2.308 8.962
424000 0 0 2.396 8.958
425000 0 0 2.266 8.954
426000 0 0 2.208 8.958
427000 0 0 2.29 8.934
428000 0 0 2.278 8.946
429000 0 0 2.264 8.916
430000 0 0 2.384 8.964
431000 0 0 2.312 8.982
432000 0 0 2.28 8.952
433000 0 0 2.314 8.978
434000 0 0 2.274 8.946
435000 0 0 2.342 8.954
436000 0 0 2.366 8.948
437000 0 0 2.266 8.952
438000 0 0 2.23 8.962
439000 0 0 2.332 8.924
440000 0 0 2.296 8.954
441000 0 0 2.198 8.974
442000 0 0 2.336 8.956
443000 0 0 2.346 8.962
444000 0 0 2.424 8.936
445000 0 0 2.254 8.968
446000 0 0 2.286 8.974
447000 0 0 2.26 8.948
448000 0 0 2.332 8.914
449000 0 0 2.336 8.928
450000 0 0 2.296 8.974
451000 0 0 2.392 8.956
452000 0 0 2.328 8.972
453000 0 0 2.316 8.964
454000 0 0 2.366 8.95
455000 0 0 2.358 8.974
456000 0 0 2.296 8.946
457000 0 0 2.266 8.934
458000 0 0 2.274 8.968
459000 0 0 2.28 8.934
460000 0 0 2.224 8.936
461000 0 0 2.318 8.95
462000 0 0 2.3 8.962
463000 0 0 2.29 8.962
464000 0 0 2.352 8.96
465000 0 0 2.274 8.972
466000 0 0 2.42 8.95
467000 0 0 2.336 8.954
468000 0 0 2.374 8.928
469000 0 0 2.332 8.95
470000 0 0 2.348 8.962
471000 0 0 2.4 8.95
472000 0 0 2.314 8.962
473000 0 0 2.25 8.97
474000 0 0 2.324 8.968
475000 0 0 2.342 8.976
476000 0 0 2.398 8.966
477000 0 0 2.312 8.96
478000 0 0 2.3 8.946
479000 0 0 2.388 8.974
480000 0 0 2.434 8.982
481000 0 0 2.348 8.976
482000 0 0 2.206 9.012
483000 0 0 2.256 8.978
484000 0 0 2.332 8.952
485000 0 0 2.354 8.98
486000 0 0 2.346 8.952
487000 0 0 2.368 8.972
488000 0 0 2.246 8.952
489000 0 0 2.342 8.966
490000 0 0 2.35 8.974
491000 0 0 2.344 8.982
492000 0 0 2.416 8.962
493000 0 0 2.43 8.972
494000 0 0 2.386 8.978
495000 0 0 2.28 8.968
496000 0 0 2.334 8.976
497000 0 0 2.428 8.974
498000 0 0 2.414 8.974
499000 0 0 2.242 8.954
500000 0 0 2.314 8.96
501000 0 0 2.318 8.98
502000 0 0 2.368 8.966
503000 0 0 2.352 9
504000 0 0 2.328 8.968
505000 0 0 2.35 8.978
506000 0 0 2.446 8.954
507000 0 0 2.352 8.972
508000 0 0 2.388 8.952
509000 0 0 2.336 8.964
510000 0 0 2.332 8.968
511000 0 0 2.36 8.968
512000 0 0 2.322 8.956
513000 0 0 2.26 8.958
514000 0 0 2.326 8.936
515000 0 0 2.298 8.956
516000 0 0 2.338 8.948
517000 0 0 2.312 8.992
518000 0 0 2.332 8.978
519000 0 0 2.302 8.966
520000 0 0 2.246 8.982
521000 0 0 2.262 8.976
522000 0 0 2.362 8.986
523000 0 0 2.38 8.968
524000 0 0 2.324 8.97
525000 0 0 2.352 8.988
526000 0 0 2.264 8.972
527000 0 0 2.348 8.976
528000 0 0 2.212 8.948
529000 0 0 2.224 8.968
530000 0 0 2.272 8.968
531000 0 0 2.338 8.958
532000 0 0 2.368 8.96
533000 0 0 2.272 8.96
534000 0 0 2.262 8.956
535000 0 0 2.312 8.962
536000 0 0 2.24 8.972
537000 0 0 2.248 8.996
538000 0 0 2.334 8.98
539000 0 0 2.314 8.984
540000 0 0 2.35 8.99
541000 0 0 2.334 8.96
542000 0 0 2.324 8.972
543000 0 0 2.31 8.958
544000 0 0 2.276 8.966
545000 0 0 2.324 8.95
546000 0 0 2.314 8.962
547000 0 0 2.268 8.968
548000 0 0 2.298 8.966
549000 0 0 2.322 8.966
550000 0 0 2.358 9.012
551000 0 0 2.308 8.994
552000 0 0 2.298 9.014
553000 0 0 2.398 9.004
554000 0 0 2.288 9.002
555000 0 0 2.306 8.972
556000 0 0 2.33 8.998
557000 0 0 2.23 8.992
558000 0 0 2.316 8.982
559000 0 0 2.332 8.976
560000 0 0 2.284 8.97
561000 0 0 2.332 8.974
562000 0 0 2.268 8.98
563000 0 0 2.438 8.952
564000 0 0 2.32 8.982
565000 0 0 2.288 8.98
566000 0 0 2.176 8.958
567000 0 0 2.224 8.972
568000 0 0 2.33 8.98
569000 0 0 2.308 8.984
570000 0 0 2.318 8.994
571000 0 0 2.352 8.988
572000 0 0 2.258 9.002
573000 0 0 2.3 8.97
574000 0 0 2.318 8.97
575000 0 0 2.368 8.97
576000 0 0 2.378 8.968
577000 0 0 2.366 8.982
578000 0 0 2.396 8.972
579000 0 0 2.33 8.98
580000 0 0 2.266 8.972
581000 0 0 2.274 8.996
582000 0 0 2.302 8.99
583000 0 0 2.452 8.97
584000 0 0 2.344 8.972
585000 0 0 2.382 8.948
586000 0 0 2.388 8.964
587000 0 0 2.318 9
588000 0 0 2.274 8.986
589000 0 0 2.428 8.978
590000 0 0 2.32 8.998
591000 0 0 2.302 8.996
592000 0 0 2.348 8.966
593000 0 0 2.408 8.986
594000 0 0 2.33 8.972
595000 0 0 2.282 9
596000 0 0 2.34 8.976
597000 0 0 2.262 9.012
598000 0 0 2.384 8.984
599000 0 0 2.414 8.994
600000 0 0 2.434 8.986
601000 0 0 2.456 8.966
602000 0 0 2.384 8.96
603000 0 0 2.332 8.962
604000 0 0 2.328 9.004
605000 0 0 2.43 8.994
606000 0 0 2.432 8.976
607000 0 0 2.258 8.99
608000 0 0 2.396 8.978
609000 0 0 2.366 8.974
610000 0 0 2.368 8.954
611000 0 0 2.394 8.982
612000 0 0 2.262 8.986
613000 0 0 2.264 8.956
614000 0 0 2.354 8.988
615000 0 0 2.388 8.982
616000 0 0 2.356 8.994
617000 0 0 2.33 8.996
618000 0 0 2.406 8.988
619000 0 0 2.364 8.974
620000 0 0 2.342 9.014
621000 0 0 2.336 8.992
622000 0 0 2.394 9
623000 0 0 2.386 8.982
624000 0 0 2.296 8.992
625000 0 0 2.322 8.964
626000 0 0 2.29 8.978
627000 0 0 2.372 8.99
628000 0 0 2.376 8.972
629000 0 0 2.356 8.966
630000 0 0 2.334 8.992
631000 0 0 2.298 8.99
632000 0 0 2.316 9.008
633000 0 0 2.396 8.998
634000 0 0 2.336 8.994
635000 0 0 2.402 8.998
636000 0 0 2.322 8.994
637000 0 0 2.33 8.978
638000 0 0 2.41 9
639000 0 0 2.376 9.012
640000 0 0 2.354 9
641000 0 0 2.344 8.99
642000 0 0 2.242 9.004
643000 0 0 2.414 9
644000 0 0 2.326 8.982
645000 0 0 2.438 8.994
646000 0 0 2.29 8.994
647000 0 0 2.384 8.992
648000 0 0 2.32 9.004
649000 0 0 2.346 9.018
650000 0 0 2.334 9.004
651000 0 0 2.282 9.018
652000 0 0 2.35 8.99
653000 0 0 2.398 9.004
654000 0 0 2.246 9
655000 0 0 2.332 9
656000 0 0 2.342 8.984
657000 0 0 2.424 8.996
658000 0 0 2.326 8.986
659000 0 0 2.34 9
660000 0 0 2.292 8.988
661000 0 0 2.34 8.982
662000 0 0 2.318 8.994
663000 0 0 2.35 9.008
664000 0 0 2.412 8.976
665000 0 0 2.32 9
666000 0 0 2.31 9.006
667000 0 0 2.43 8.992
668000 0 0 2.358 8.986
669000 0 0 2.366 8.996
670000 0 0 2.456 8.98
671000 0 0 2.398 8.99
672000 0 0 2.47 8.978
673000 0 0 2.36 8.962
674000 0 0 2.408 8.968
675000 0 0 2.264 8.992
676000 0 0 2.408 8.992
677000 0 0 2.382 8.988
678000 0 0 2.404 8.99
679000 0 0 2.446 8.996
680000 0 0 2.398 8.984
681000 0 0 2.38 8.986
682000 0 0 2.424 8.976
683000 0 0 2.41 8.958
684000 0 0 2.41 9.016
685000 0 0 2.446 8.99
686000 0 0 2.416 8.988
687000 0 0 2.378 8.982
688000 0 0 2.328 8.98
689000 0 0 2.316 8.986
690000 0 0 2.438 8.97
691000 0 0 2.388 9.002
692000 0 0 2.408 9.004
693000 0 0 2.37 8.998
694000 0 0 2.388 8.966
695000 0 0 2.436 8.982
696000 0 0 2.344 9.004
697000 0 0 2.376 9.01
698000 0 0 2.42 9.04
699000 0 0 2.454 9.004
700000 0 0 2.306 8.994
701000 0 0 2.288 8.982
702000 0 0 2.234 8.984
703000 0 0 2.354 9
704000 0 0 2.396 9.002
705000 0 0 2.362 9
706000 0 0 2.272 8.978
707000 0 0 2.35 8.976
708000 0 0 2.364 9
709000 0 0 2.366 8.996
710000 0 0 2.332 8.986
711000 0 0 2.41 8.996
712000 0 0 2.398 9.006
713000 0 0 2.336 9.006
714000 0 0 2.348 8.992
715000 0 0 2.334 9
716000 0 0 2.416 8.984
717000 0 0 2.38 8.99
718000 0 0 2.344 9.004
719000 0 0 2.414 8.996
720000 0 0 2.328 8.998
721000 0 0 2.362 8.998
722000 0 0 2.31 9.004
723000 0 0 2.336 8.98
724000 0 0 2.344 9.032
725000 0 0 2.4 8.99
726000 0 0 2.432 9.012
727000 0 0 2.338 9.022
728000 0 0 2.362 9.004
729000 0 0 2.358 8.984
730000 0 0 2.326 9.006
731000 0 0 2.344 9.026
732000 0 0 2.474 8.996
733000 0 0 2.38 9.002
734000 0 0 2.366 8.996
735000 0 0 2.4 9.022
736000 0 0 2.296 9.02
737000 0 0 2.44 8.992
738000 0 0 2.348 9.024
739000 0 0 2.378 9.026
740000 0 0 2.336 9.04
741000 0 0 2.294 9.022
742000 0 0 2.308 9.042
743000 0 0 2.336 9.018
744000 0 0 2.338 9.014
745000 0 0 2.36 9.004
746000 0 0 2.426 9.02
747000 0 0 2.362 9.046
748000 0 0 2.266 9.05
749000 0 0 2.294 9.014
750000 0 0 2.376 9.012
751000 0 0 2.43 9.014
752000 0 0 2.264 8.996
753000 0 0 2.384 9.018
754000 0 0 2.292 9.034
755000 0 0 2.33 9.034
756000 0 0 2.386 8.994
757000 0 0 2.332 9
758000 0 0 2.372 8.998
759000 0 0 2.388 9.02
760000 0 0 2.442 9.048
761000 0 0 2.386 9.036
762000 0 0 2.344 9.02
763000 0 0 2.306 9.04
764000 0 0 2.372 9.026
765000 0 0 2.322 9.018
766000 0 0 2.292 9.018
767000 0 0 2.37 9.018
768000 0 0 2.316 9.012
769000 0 0 2.374 9.022
770000 0 0 2.346 9.028
771000 0 0 2.388 9.022
772000 0 0 2.4 9.022
773000 0 0 2.412 9.004
774000 0 0 2.262 9.032
775000 0 0 2.32 9.01
776000 0 0 2.296 9.02
777000 0 0 2.318 9.034
778000 0 0 2.328 9.036
779000 0 0 2.31 9.028
780000 0 0 2.34 9.05
781000 0 0 2.33 9.062
782000 0 0 2.352 9.05
783000 0 0 2.26 9.036
784000 0 0 2.306 9.056
785000 0 0 2.454 9.014
786000 0 0 2.418 9.038
787000 0 0 2.272 9.036
788000 0 0 2.388 9.018
789000 0 0 2.422 9.022
790000 0 0 2.34 9.016
791000 0 0 2.358 9.04
792000 0 0 2.36 9.038
793000 0 0 2.312 9.028
794000 0 0 2.308 9.034
795000 0 0 2.28 8.994
796000 0 0 2.292 9.014
797000 0 0 2.398 9.038
798000 0 0 2.334 9.022
799000 0 0 2.324 9.02
800000 0 0 2.28 9.024
801000 0 0 2.344 9.034
802000 0 0 2.266 9.038
803000 0 0 2.312 9.036
804000 0 0 2.454 9.024
805000 0 0 2.386 9.04
806000 0 0 2.286 9.024
807000 0 0 2.354 9.016
808000 0 0 2.406 9.064
809000 0 0 2.436 8.998
810000 0 0 2.436 9.04
811000 0 0 2.296 9.018
812000 0 0 2.36 9.018
813000 0 0 2.384 9.014
814000 0 0 2.396 9.004
815000 0 0 2.308 9.024
816000 0 0 2.318 9.04
817000 0 0 2.298 9.02
818000 0 0 2.338 9.032
819000 0 0 2.282 9.01
820000 0 0 2.414 9
821000 0 0 2.374 9.028
822000 0 0 2.436 9.01
823000 0 0 2.446 9.018
824000 0 0 2.404 9.016
825000 0 0 2.394 9.002
826000 0 0 2.312 9.004
827000 0 0 2.398 8.996
828000 0 0 2.412 9.018
829000 0 0 2.458 9.022
830000 0 0 2.33 9.056
831000 0 0 2.346 9.02
832000 0 0 2.446 9.016
833000 0 0 2.376 9.042
834000 0 0 2.356 9.012
835000 0 0 2.368 9.002
836000 0 0 2.384 9.022
837000 0 0 2.37 9.02
838000 0 0 2.434 8.994
839000 0 0 2.346 9
840000 0 0 2.308 9.032
841000 0 0 2.462 9.046
842000 0 0 2.326 9.026
843000 0 0 2.382 9.038
844000 0 0 2.376 9.002
845000 0 0 2.28 9.028
846000 0 0 2.346 9.05
847000 0 0 2.348 9.032
848000 0 0 2.502 9.032
849000 0 0 2.37 9.026
850000 0 0 2.404 9.022
851000 0 0 2.346 9.052
852000 0 0 2.298 9.022
853000 0 0 2.492 9.018
854000 0 0 2.478 9.004
855000 0 0 2.432 9.046
856000 0 0 2.338 9.03
857000 0 0 2.366 9.038
858000 0 0 2.344 9.006
859000 0 0 2.378 9.014
860000 0 0 2.374 9.048
861000 0 0 2.448 9.01
862000 0 0 2.306 9.032
863000 0 0 2.35 9
864000 0 0 2.356 8.982
865000 0 0 2.318 9.014
866000 0 0 2.45 9.03
867000 0 0 2.462 9.016
868000 0 0 2.4 9.02
869000 0 0 2.412 9.018
870000 0 0 2.324 8.988
871000 0 0 2.376 9.03
872000 0 0 2.344 9.044
873000 0 0 2.296 9.04
874000 0 0 2.36 9.018
875000 0 0 2.374 9.032
876000 0 0 2.364 9.034
877000 0 0 2.438 9.022
878000 0 0 2.344 9.018
879000 0 0 2.294 9.024
880000 0 0 2.322 9.012
881000 0 0 2.366 9.034
882000 0 0 2.346 9.03
883000 0 0 2.408 9.016
884000 0 0 2.426 9.022
885000 0 0 2.404 9.038
886000 0 0 2.382 9.036
887000 0 0 2.314 9.042
888000 0 0 2.432 9.008
889000 0 0 2.33 9.012
890000 0 0 2.438 9.03
891000 0 0 2.298 9.048
892000 0 0 2.296 9.044
893000 0 0 2.314 9.05
894000 0 0 2.378 9.018
895000 0 0 2.426 9.036
896000 0 0 2.378 9.058
897000 0 0 2.252 9.032
898000 0 0 2.34 9.018
899000 0 0 2.328 9.028
900000 0 0 2.344 9.038
901000 0 0 2.336 9.026
902000 0 0 2.382 9.042
903000 0 0 2.368 9.036
904000 0 0 2.312 9.044
905000 0 0 2.312 9.044
906000 0 0 2.302 9.058
907000 0 0 2.334 9.03
908000 0 0 2.328 9.04
909000 0 0 2.318 9.03
910000 0 0 2.438 9.02
911000 0 0 2.394 9.042
912000 0 0 2.338 9.026
913000 0 0 2.318 9.012
914000 0 0 2.406 9.028
915000 0 0 2.334 9.052
916000 0 0 2.334 9.054
917000 0 0 2.396 9.01
918000 0 0 2.342 9.038
919000 0 0 2.378 9.036
920000 0 0 2.32 9.044
921000 0 0 2.392 9.04
922000 0 0 2.316 9.018
923000 0 0 2.372 9.04
924000 0 0 2.444 9.022
925000 0 0 2.36 9.016
926000 0 0 2.328 9.028
927000 0 0 2.34 9.018
928000 0 0 2.38 9.024
929000 0 0 2.362 9.02
930000 0 0 2.318 9.026
931000 0 0 2.352 9.024
932000 0 0 2.342 8.994
933000 0 0 2.356 9.012
934000 0 0 2.302 9.016
935000 0 0 2.36 9.012
936000 0 0 2.388 9.018
937000 0 0 2.34 9.024
938000 0 0 2.342 9.02
939000 0 0 2.354 9.008
940000 0 0 2.424 9.02
941000 0 0 2.328 9.024
942000 0 0 2.344 9.03
943000 0 0 2.356 9.038
944000 0 0 2.28 9.01
945000 0 0 2.284 9.05
946000 0 0 2.322 9.032
947000 0 0 2.392 9.026
948000 0 0 2.316 9.048
949000 0 0 2.356 9.048
950000 0 0 2.288 9.012
951000 0 0 2.366 9.032
952000 0 0 2.414 9.022
953000 0 0 2.356 9.044
954000 0 0 2.352 9.048
955000 0 0 2.326 9.05
956000 0 0 2.324 9.032
957000 0 0 2.334 9.038
958000 0 0 2.256 9.016
959000 0 0 2.312 9.04
960000 0 0 2.444 9.018
961000 0 0 2.33 9.036
962000 0 0 2.308 9.02
963000 0 0 2.436 9.016
964000 0 0 2.352 9.012
965000 0 0 2.364 9.018
966000 0 0 2.38 9.032
967000 0 0 2.38 9.03
968000 0 0 2.4 9.026
969000 0 0 2.368 9.014
970000 0 0 2.42 9.024
971000 0 0 2.432 9.048
972000 0 0 2.404 9.058
973000 0 0 2.28 9.05
974000 0 0 2.348 9.048
975000 0 0 2.344 9.044
976000 0 0 2.41 9.054
977000 0 0 2.3 9.034
978000 0 0 2.446 9.022
979000 0 0 2.318 9.028
980000 0 0 2.346 9.042
981000 0 0 2.358 9.048
982000 0 0 2.454 9.028
983000 0 0 2.424 9.044
984000 0 0 2.442 9.032
985000 0 0 2.376 9.038
986000 0 0 2.41 9.038
987000 0 0 2.458 9.018
988000 0 0 2.506 9.014
989000 0 0 2.406 9.028
990000 0 0 2.376 9.012
991000 0 0 2.372 9.036
992000 0 0 2.422 9.046
993000 0 0 2.446 9.046
994000 0 0 2.41 9.048
995000 0 0 2.36 9.024
996000 0 0 2.358 9.052
997000 0 0 2.394 9.054
998000 0 0 2.428 9.036
999000 0 0 2.422 9.028
1000000 0 0 2.358 9.046
