# Time-averaged data for fix avgcoord
# TimeStep c_ac1 c_ac2
1000 1.292 3.912
2000 1.357 4.33
3000 1.383 4.546
4000 1.409 4.696
5000 1.422 4.809
6000 1.438 4.903
7000 1.435 4.956
8000 1.442 4.999
9000 1.454 5.061
10000 1.472 5.103
11000 1.479 5.137
12000 1.484 5.191
13000 1.473 5.223
14000 1.474 5.247
15000 1.474 5.28
16000 1.484 5.275
17000 1.492 5.302
18000 1.5 5.327
19000 1.494 5.343
20000 1.488 5.367
21000 1.498 5.382
22000 1.502 5.381
23000 1.505 5.377
24000 1.512 5.403
25000 1.523 5.409
26000 1.517 5.42
27000 1.508 5.413
28000 1.508 5.425
29000 1.511 5.441
30000 1.506 5.442
31000 1.506 5.461
32000 1.512 5.482
33000 1.518 5.458
34000 1.513 5.458
35000 1.508 5.454
36000 1.514 5.465
37000 1.516 5.449
38000 1.509 5.475
39000 1.514 5.491
40000 1.509 5.491
41000 1.514 5.482
42000 1.511 5.485
43000 1.518 5.503
44000 1.51 5.486
45000 1.52 5.487
46000 1.513 5.504
47000 1.516 5.512
48000 1.519 5.507
49000 1.524 5.492
50000 1.521 5.507
51000 1.527 5.511
52000 1.53 5.507
53000 1.517 5.506
54000 1.518 5.489
55000 1.53 5.508
56000 1.523 5.497
57000 1.524 5.494
58000 1.533 5.498
59000 1.53 5.501
60000 1.531 5.5
61000 1.524 5.497
62000 1.521 5.506
63000 1.523 5.512
64000 1.53 5.504
65000 1.534 5.526
66000 1.526 5.524
67000 1.522 5.523
68000 1.523 5.526
69000 1.525 5.542
70000 1.517 5.549
71000 1.525 5.544
72000 1.529 5.567
73000 1.528 5.556
74000 1.53 5.563
75000 1.531 5.56
76000 1.528 5.56
77000 1.525 5.57
78000 1.533 5.562
79000 1.524 5.568
80000 1.529 5.568
81000 1.523 5.559
82000 1.53 5.564
83000 1.534 5.552
84000 1.528 5.563
85000 1.53 5.563
86000 1.523 5.564
87000 1.531 5.567
88000 1.522 5.57
89000 1.526 5.585
90000 1.534 5.585
91000 1.522 5.595
92000 1.53 5.593
93000 1.528 5.582
94000 1.536 5.589
95000 1.538 5.6
96000 1.532 5.602
97000 1.526 5.594
98000 1.533 5.596
99000 1.538 5.615
100000 1.522 5.617
101000 1.534 5.612
102000 1.524 5.592
103000 1.527 5.602
104000 1.533 5.591
105000 1.54 5.603
106000 1.538 5.594
107000 1.535 5.6
108000 1.537 5.59
109000 1.533 5.597
110000 1.533 5.58
111000 1.532 5.584
112000 1.536 5.602
113000 1.537 5.585
114000 1.532 5.589
115000 1.539 5.605
116000 1.528 5.598
117000 1.53 5.604
118000 1.522 5.609
119000 1.53 5.592
120000 1.53 5.617
121000 1.538 5.606
122000 1.527 5.623
123000 1.529 5.619
124000 1.533 5.604
125000 1.54 5.627
126000 1.538 5.614
127000 1.539 5.614
128000 1.539 5.617
129000 1.534 5.625
130000 1.524 5.631
131000 1.533 5.634
132000 1.528 5.645
133000 1.536 5.653
134000 1.538 5.65
135000 1.533 5.638
136000 1.529 5.648
137000 1.532 5.649
138000 1.524 5.638
139000 1.533 5.646
140000 1.539 5.652
141000 1.535 5.634
142000 1.53 5.641
143000 1.528 5.635
144000 1.529 5.654
145000 1.523 5.652
146000 1.531 5.651
147000 1.53 5.652
148000 1.535 5.642
149000 1.534 5.637
150000 1.539 5.65
151000 1.539 5.65
152000 1.525 5.647
153000 1.531 5.638
154000 1.534 5.635
155000 1.535 5.651
156000 1.54 5.643
157000 1.538 5.638
158000 1.534 5.655
159000 1.536 5.651
160000 1.54 5.65
161000 1.54 5.658
162000 1.528 5.651
163000 1.535 5.655
164000 1.542 5.642
165000 1.535 5.637
166000 1.544 5.637
167000 1.545 5.642
168000 1.537 5.653
169000 1.535 5.633
170000 1.542 5.65
171000 1.539 5.659
172000 1.538 5.667
173000 1.544 5.672
174000 1.543 5.649
175000 1.547 5.661
176000 1.544 5.655
177000 1.544 5.661
178000 1.546 5.665
179000 1.551 5.641
180000 1.542 5.66
181000 1.542 5.657
182000 1.542 5.644
183000 1.532 5.636
184000 1.539 5.635
185000 1.541 5.665
186000 1.542 5.667
187000 1.536 5.659
188000 1.536 5.678
189000 1.532 5.676
190000 1.541 5.674
191000 1.534 5.69
192000 1.535 5.663
193000 1.539 5.682
194000 1.541 5.68
195000 1.544 5.683
196000 1.545 5.677
197000 1.54 5.681
198000 1.538 5.7
199000 1.546 5.673
200000 1.547 5.687
201000 1.543 5.674
202000 1.546 5.681
203000 1.54 5.685
204000 1.543 5.707
205000 1.544 5.703
206000 1.547 5.705
207000 1.544 5.681
208000 1.538 5.703
209000 1.543 5.698
210000 1.54 5.682
211000 1.539 5.704
212000 1.536 5.701
213000 1.542 5.709
214000 1.541 5.735
215000 1.537 5.725
216000 1.543 5.713
217000 1.539 5.718
218000 1.538 5.713
219000 1.545 5.706
220000 1.54 5.696
221000 1.538 5.704
222000 1.543 5.696
223000 1.544 5.708
224000 1.544 5.703
225000 1.543 5.685
226000 1.546 5.699
227000 1.547 5.72
228000 1.542 5.725
229000 1.54 5.711
230000 1.544 5.697
231000 1.546 5.709
232000 1.541 5.716
233000 1.536 5.717
234000 1.546 5.707
235000 1.534 5.707
236000 1.55 5.705
237000 1.541 5.706
238000 1.532 5.692
239000 1.541 5.701
240000 1.547 5.701
241000 1.542 5.706
242000 1.531 5.704
243000 1.544 5.699
244000 1.544 5.692
245000 1.546 5.702
246000 1.544 5.711
247000 1.539 5.721
248000 1.546 5.716
249000 1.548 5.721
250000 1.545 5.71
251000 1.544 5.71
252000 1.542 5.71
253000 1.549 5.716
254000 1.554 5.704
255000 1.546 5.715
256000 1.546 5.708
257000 1.545 5.713
258000 1.546 5.715
259000 1.545 5.717
260000 1.55 5.707
261000 1.543 5.724
262000 1.538 5.717
263000 1.549 5.713
264000 1.546 5.706
265000 1.546 5.727
266000 1.547 5.727
267000 1.547 5.72
268000 1.548 5.721
269000 1.548 5.724
270000 1.548 5.73
271000 1.546 5.724
272000 1.54 5.728
273000 1.546 5.729
274000 1.538 5.731
275000 1.542 5.74
276000 1.542 5.735
277000 1.542 5.735
278000 1.545 5.718
279000 1.534 5.735
280000 1.543 5.733
281000 1.532 5.74
282000 1.543 5.737
283000 1.546 5.746
284000 1.546 5.739
285000 1.535 5.73
286000 1.545 5.742
287000 1.545 5.736
288000 1.538 5.744
289000 1.539 5.718
290000 1.545 5.732
291000 1.548 5.718
292000 1.549 5.721
293000 1.545 5.734
294000 1.551 5.723
295000 1.542 5.742
296000 1.542 5.744
297000 1.537 5.734
298000 1.545 5.716
299000 1.538 5.725
300000 1.538 5.732
301000 1.542 5.737
302000 1.538 5.728
303000 1.542 5.711
304000 1.541 5.728
305000 1.538 5.716
306000 1.543 5.727
307000 1.54 5.722
308000 1.536 5.723
309000 1.543 5.72
310000 1.541 5.728
311000 1.538 5.721
312000 1.533 5.727
313000 1.535 5.711
314000 1.531 5.726
315000 1.542 5.75
316000 1.549 5.72
317000 1.55 5.717
318000 1.54 5.735
319000 1.549 5.731
320000 1.545 5.742
321000 1.543 5.738
322000 1.552 5.745
323000 1.552 5.737
324000 1.549 5.735
325000 1.55 5.737
326000 1.548 5.755
327000 1.548 5.746
328000 1.546 5.745
329000 1.548 5.738
330000 1.548 5.733
331000 1.54 5.741
332000 1.54 5.734
333000 1.546 5.746
334000 1.546 5.743
335000 1.545 5.744
336000 1.54 5.748
337000 1.545 5.749
338000 1.546 5.737
339000 1.536 5.742
340000 1.539 5.749
341000 1.56 5.747
342000 1.546 5.743
343000 1.545 5.738
344000 1.542 5.741
345000 1.54 5.726
346000 1.552 5.745
347000 1.552 5.753
348000 1.546 5.745
349000 1.541 5.734
350000 1.548 5.749
351000 1.548 5.751
352000 1.542 5.748
353000 1.546 5.749
354000 1.552 5.758
355000 1.542 5.734
356000 1.54 5.755
357000 1.539 5.764
358000 1.54 5.767
359000 1.545 5.757
360000 1.535 5.754
361000 1.541 5.775
362000 1.54 5.743
363000 1.548 5.753
364000 1.548 5.746
365000 1.532 5.768
366000 1.541 5.754
367000 1.545 5.752
368000 1.538 5.73
369000 1.543 5.734
370000 1.548 5.741
371000 1.544 5.739
372000 1.549 5.749
373000 1.542 5.758
374000 1.54 5.754
375000 1.549 5.741
376000 1.558 5.75
377000 1.549 5.762
378000 1.555 5.736
379000 1.55 5.765
380000 1.541 5.75
381000 1.542 5.757
382000 1.549 5.756
383000 1.549 5.74
384000 1.543 5.745
385000 1.54 5.754
386000 1.541 5.756
387000 1.539 5.742
388000 1.541 5.757
389000 1.536 5.757
390000 1.542 5.749
391000 1.537 5.75
392000 1.534 5.752
393000 1.546 5.756
394000 1.534 5.734
395000 1.541 5.748
396000 1.537 5.75
397000 1.542 5.749
398000 1.541 5.763
399000 1.543 5.762
400000 1.54 5.75
401000 1.547 5.758
402000 1.544 5.754
403000 1.537 5.767
404000 1.541 5.769
405000 1.533 5.756
406000 1.541 5.764
407000 1.539 5.757
408000 1.535 5.757
409000 1.545 5.751
410000 1.538 5.758
411000 1.545 5.753
412000 1.534 5.759
413000 1.545 5.774
414000 1.547 5.769
415000 1.548 5.78
416000 1.541 5.76
417000 1.538 5.758
418000 1.554 5.756
419000 1.537 5.765
420000 1.547 5.765
421000 1.546 5.765
422000 1.542 5.766
423000 1.538 5.767
424000 1.538 5.775
425000 1.532 5.766
426000 1.534 5.76
427000 1.538 5.755
428000 1.538 5.778
429000 1.537 5.768
430000 1.528 5.776
431000 1.53 5.785
432000 1.529 5.787
433000 1.541 5.778
434000 1.539 5.786
435000 1.543 5.792
436000 1.537 5.795
437000 1.535 5.779
438000 1.538 5.777
439000 1.541 5.778
440000 1.537 5.787
441000 1.542 5.779
442000 1.54 5.771
443000 1.537 5.771
444000 1.536 5.777
445000 1.541 5.777
446000 1.539 5.777
447000 1.547 5.776
448000 1.544 5.782
449000 1.535 5.784
450000 1.533 5.774
451000 1.542 5.76
452000 1.54 5.781
453000 1.54 5.77
454000 1.548 5.765
455000 1.542 5.78
456000 1.544 5.794
457000 1.538 5.79
458000 1.54 5.785
459000 1.548 5.791
460000 1.541 5.78
461000 1.544 5.785
462000 1.541 5.789
463000 1.541 5.783
464000 1.544 5.785
465000 1.543 5.788
466000 1.539 5.796
467000 1.544 5.773
468000 1.547 5.782
469000 1.549 5.787
470000 1.543 5.783
471000 1.544 5.783
472000 1.54 5.781
473000 1.546 5.786
474000 1.543 5.798
475000 1.544 5.795
476000 1.545 5.787
477000 1.54 5.786
478000 1.54 5.785
479000 1.538 5.785
480000 1.548 5.792
481000 1.535 5.789
482000 1.552 5.787
483000 1.545 5.796
484000 1.539 5.784
485000 1.542 5.808
486000 1.543 5.785
487000 1.546 5.792
488000 1.536 5.789
489000 1.541 5.785
490000 1.542 5.791
491000 1.544 5.796
492000 1.544 5.782
493000 1.539 5.783
494000 1.542 5.787
495000 1.543 5.802
496000 1.539 5.8
497000 1.548 5.802
498000 1.545 5.78
499000 1.548 5.799
500000 1.548 5.804
501000 1.55 5.799
502000 1.542 5.801
503000 1.549 5.797
504000 1.548 5.796
505000 1.539 5.809
506000 1.538 5.822
507000 1.537 5.8
508000 1.554 5.812
509000 1.539 5.809
510000 1.544 5.807
511000 1.545 5.807
512000 1.549 5.806
513000 1.542 5.8
514000 1.544 5.789
515000 1.551 5.798
516000 1.549 5.812
517000 1.543 5.799
518000 1.55 5.802
519000 1.548 5.821
520000 1.551 5.813
521000 1.546 5.803
522000 1.546 5.805
523000 1.55 5.806
524000 1.542 5.811
525000 1.549 5.798
526000 1.55 5.797
527000 1.54 5.799
528000 1.541 5.806
529000 1.542 5.825
530000 1.54 5.823
531000 1.544 5.804
532000 1.548 5.799
533000 1.552 5.799
534000 1.547 5.792
535000 1.549 5.802
536000 1.548 5.812
537000 1.544 5.806
538000 1.54 5.794
539000 1.55 5.811
540000 1.54 5.8
541000 1.542 5.811
542000 1.549 5.78
543000 1.547 5.809
544000 1.544 5.794
545000 1.554 5.817
546000 1.548 5.802
547000 1.542 5.799
548000 1.543 5.801
549000 1.548 5.806
550000 1.54 5.795
551000 1.542 5.807
552000 1.545 5.785
553000 1.544 5.793
554000 1.546 5.795
555000 1.548 5.8
556000 1.553 5.802
557000 1.549 5.8
558000 1.55 5.797
559000 1.556 5.811
560000 1.544 5.811
561000 1.549 5.802
562000 1.548 5.796
563000 1.55 5.805
564000 1.552 5.805
565000 1.552 5.807
566000 1.545 5.814
567000 1.547 5.811
568000 1.544 5.81
569000 1.54 5.825
570000 1.547 5.806
571000 1.543 5.798
572000 1.541 5.819
573000 1.54 5.813
574000 1.535 5.8
575000 1.542 5.797
576000 1.541 5.789
577000 1.549 5.789
578000 1.55 5.785
579000 1.542 5.787
580000 1.55 5.796
581000 1.541 5.81
582000 1.549 5.805
583000 1.537 5.791
584000 1.538 5.792
585000 1.542 5.793
586000 1.544 5.796
587000 1.545 5.808
588000 1.547 5.791
589000 1.543 5.797
590000 1.544 5.795
591000 1.542 5.811
592000 1.543 5.803
593000 1.532 5.81
594000 1.54 5.807
595000 1.54 5.808
596000 1.53 5.815
597000 1.538 5.79
598000 1.536 5.796
599000 1.534 5.793
600000 1.536 5.786
601000 1.541 5.793
602000 1.541 5.807
603000 1.532 5.815
604000 1.539 5.829
605000 1.545 5.808
606000 1.541 5.806
607000 1.543 5.804
608000 1.542 5.823
609000 1.536 5.797
610000 1.541 5.821
611000 1.548 5.817
612000 1.547 5.801
613000 1.539 5.807
614000 1.534 5.814
615000 1.537 5.803
616000 1.539 5.814
617000 1.539 5.826
618000 1.552 5.816
619000 1.535 5.814
620000 1.539 5.815
621000 1.542 5.8
622000 1.543 5.794
623000 1.543 5.813
624000 1.547 5.804
625000 1.544 5.805
626000 1.536 5.809
627000 1.538 5.806
628000 1.538 5.799
629000 1.546 5.808
630000 1.538 5.793
631000 1.538 5.817
632000 1.541 5.832
633000 1.538 5.827
634000 1.544 5.805
635000 1.551 5.827
636000 1.546 5.828
637000 1.546 5.809
638000 1.541 5.818
639000 1.54 5.822
640000 1.544 5.813
641000 1.541 5.826
642000 1.544 5.803
643000 1.545 5.804
644000 1.545 5.8
645000 1.548 5.821
646000 1.554 5.809
647000 1.544 5.806
648000 1.544 5.804
649000 1.548 5.829
650000 1.547 5.811
651000 1.545 5.813
652000 1.549 5.8
653000 1.549 5.809
654000 1.545 5.829
655000 1.551 5.804
656000 1.548 5.817
657000 1.549 5.82
658000 1.544 5.809
659000 1.544 5.803
660000 1.555 5.808
661000 1.553 5.807
662000 1.553 5.803
663000 1.55 5.802
664000 1.55 5.788
665000 1.551 5.816
666000 1.545 5.811
667000 1.558 5.808
668000 1.553 5.82
669000 1.555 5.81
670000 1.555 5.793
671000 1.546 5.809
672000 1.547 5.815
673000 1.554 5.816
674000 1.56 5.819
675000 1.55 5.82
676000 1.553 5.82
677000 1.558 5.825
678000 1.555 5.819
679000 1.552 5.809
680000 1.56 5.815
681000 1.558 5.793
682000 1.554 5.805
683000 1.56 5.814
684000 1.548 5.812
685000 1.552 5.806
686000 1.552 5.819
687000 1.543 5.81
688000 1.558 5.827
689000 1.55 5.818
690000 1.549 5.827
691000 1.552 5.831
692000 1.55 5.814
693000 1.548 5.818
694000 1.547 5.828
695000 1.554 5.82
696000 1.546 5.835
697000 1.545 5.834
698000 1.548 5.846
699000 1.548 5.836
700000 1.543 5.841
701000 1.54 5.84
702000 1.546 5.838
703000 1.545 5.833
704000 1.542 5.835
705000 1.548 5.824
706000 1.549 5.826
707000 1.551 5.825
708000 1.545 5.832
709000 1.545 5.821
710000 1.546 5.822
711000 1.544 5.83
712000 1.546 5.827
713000 1.542 5.846
714000 1.554 5.83
715000 1.545 5.835
716000 1.546 5.827
717000 1.548 5.832
718000 1.549 5.838
719000 1.549 5.842
720000 1.555 5.843
721000 1.549 5.844
722000 1.543 5.831
723000 1.546 5.845
724000 1.542 5.836
725000 1.547 5.842
726000 1.543 5.84
727000 1.549 5.841
728000 1.551 5.822
729000 1.541 5.824
730000 1.547 5.827
731000 1.551 5.84
732000 1.552 5.821
733000 1.547 5.824
734000 1.55 5.841
735000 1.545 5.827
736000 1.547 5.844
737000 1.547 5.833
738000 1.546 5.839
739000 1.547 5.836
740000 1.546 5.851
741000 1.549 5.836
742000 1.549 5.843
743000 1.545 5.834
744000 1.547 5.826
745000 1.551 5.844
746000 1.551 5.841
747000 1.555 5.835
748000 1.555 5.831
749000 1.556 5.822
750000 1.548 5.843
751000 1.553 5.84
752000 1.561 5.841
753000 1.553 5.834
754000 1.545 5.839
755000 1.561 5.839
756000 1.546 5.844
757000 1.556 5.827
758000 1.544 5.829
759000 1.542 5.838
760000 1.546 5.833
761000 1.546 5.834
762000 1.552 5.829
763000 1.544 5.839
764000 1.542 5.851
765000 1.547 5.838
766000 1.542 5.845
767000 1.548 5.848
768000 1.543 5.859
769000 1.543 5.845
770000 1.549 5.842
771000 1.549 5.853
772000 1.547 5.842
773000 1.538 5.848
774000 1.541 5.863
775000 1.546 5.851
776000 1.55 5.845
777000 1.552 5.844
778000 1.553 5.847
779000 1.554 5.851
780000 1.548 5.838
781000 1.544 5.86
782000 1.555 5.842
783000 1.548 5.854
784000 1.55 5.855
785000 1.551 5.842
786000 1.548 5.848
787000 1.555 5.843
788000 1.545 5.837
789000 1.557 5.855
790000 1.552 5.86
791000 1.547 5.836
792000 1.549 5.856
793000 1.554 5.849
794000 1.556 5.845
795000 1.551 5.851
796000 1.552 5.852
797000 1.55 5.837
798000 1.556 5.841
799000 1.555 5.855
800000 1.555 5.854
801000 1.559 5.849
802000 1.555 5.84
803000 1.543 5.845
804000 1.552 5.851
805000 1.558 5.858
806000 1.553 5.853
807000 1.549 5.856
808000 1.555 5.85
809000 1.554 5.85
810000 1.557 5.853
811000 1.551 5.865
812000 1.554 5.854
813000 1.559 5.852
814000 1.557 5.836
815000 1.554 5.865
816000 1.561 5.841
817000 1.548 5.843
818000 1.557 5.837
819000 1.553 5.85
820000 1.554 5.861
821000 1.561 5.854
822000 1.548 5.852
823000 1.547 5.85
824000 1.555 5.855
825000 1.553 5.865
826000 1.557 5.846
827000 1.548 5.843
828000 1.555 5.851
829000 1.554 5.845
830000 1.55 5.859
831000 1.55 5.855
832000 1.551 5.851
833000 1.554 5.854
834000 1.56 5.851
835000 1.556 5.867
836000 1.553 5.862
837000 1.554 5.858
838000 1.547 5.857
839000 1.554 5.849
840000 1.547 5.869
841000 1.554 5.85
842000 1.547 5.869
843000 1.548 5.858
844000 1.545 5.879
845000 1.551 5.87
846000 1.543 5.879
847000 1.548 5.856
848000 1.552 5.854
849000 1.539 5.84
850000 1.552 5.863
851000 1.548 5.855
852000 1.548 5.856
853000 1.549 5.867
854000 1.548 5.855
855000 1.552 5.856
856000 1.554 5.841
857000 1.558 5.855
858000 1.549 5.859
859000 1.552 5.841
860000 1.553 5.847
861000 1.548 5.837
862000 1.549 5.858
863000 1.548 5.865
864000 1.546 5.848
865000 1.547 5.867
866000 1.543 5.84
867000 1.55 5.848
868000 1.548 5.837
869000 1.547 5.851
870000 1.549 5.857
871000 1.551 5.862
872000 1.554 5.852
873000 1.549 5.859
874000 1.548 5.866
875000 1.549 5.857
876000 1.546 5.842
877000 1.555 5.846
878000 1.552 5.852
879000 1.54 5.851
880000 1.543 5.859
881000 1.538 5.863
882000 1.548 5.842
883000 1.546 5.843
884000 1.541 5.856
885000 1.542 5.847
886000 1.548 5.863
887000 1.551 5.86
888000 1.551 5.867
889000 1.556 5.865
890000 1.551 5.861
891000 1.555 5.858
892000 1.55 5.862
893000 1.548 5.838
894000 1.547 5.853
895000 1.554 5.836
896000 1.549 5.858
897000 1.541 5.842
898000 1.55 5.843
899000 1.546 5.843
900000 1.546 5.843
901000 1.55 5.83
902000 1.55 5.846
903000 1.547 5.838
904000 1.541 5.846
905000 1.547 5.84
906000 1.548 5.86
907000 1.552 5.851
908000 1.554 5.833
909000 1.553 5.84
910000 1.552 5.838
911000 1.551 5.846
912000 1.549 5.845
913000 1.552 5.862
914000 1.55 5.86
915000 1.547 5.846
916000 1.549 5.857
917000 1.551 5.85
918000 1.545 5.851
919000 1.553 5.865
920000 1.549 5.852
921000 1.557 5.846
922000 1.549 5.861
923000 1.553 5.851
924000 1.546 5.851
925000 1.552 5.852
926000 1.545 5.862
927000 1.551 5.851
928000 1.557 5.853
929000 1.558 5.867
930000 1.556 5.859
931000 1.55 5.868
932000 1.554 5.85
933000 1.561 5.863
934000 1.558 5.855
935000 1.551 5.849
936000 1.561 5.847
937000 1.557 5.845
938000 1.546 5.855
939000 1.552 5.855
940000 1.553 5.852
941000 1.555 5.859
942000 1.556 5.841
943000 1.551 5.844
944000 1.551 5.855
945000 1.547 5.852
946000 1.544 5.851
947000 1.552 5.849
948000 1.551 5.85
949000 1.55 5.85
950000 1.553 5.846
951000 1.55 5.856
952000 1.552 5.863
953000 1.549 5.854
954000 1.551 5.841
955000 1.541 5.85
956000 1.543 5.839
957000 1.55 5.844
958000 1.542 5.855
959000 1.551 5.844
960000 1.546 5.85
961000 1.547 5.853
962000 1.549 5.847
963000 1.542 5.838
964000 1.541 5.855
965000 1.544 5.856
966000 1.548 5.845
967000 1.546 5.844
968000 1.545 5.848
969000 1.549 5.862
970000 1.548 5.856
971000 1.557 5.855
972000 1.553 5.852
973000 1.552 5.85
974000 1.561 5.851
975000 1.548 5.87
976000 1.554 5.857
977000 1.552 5.849
978000 1.557 5.856
979000 1.549 5.849
980000 1.555 5.856
981000 1.553 5.851
982000 1.545 5.843
983000 1.547 5.842
984000 1.545 5.863
985000 1.546 5.865
986000 1.542 5.864
987000 1.544 5.844
988000 1.545 5.859
989000 1.541 5.876
990000 1.541 5.856
991000 1.543 5.857
992000 1.546 5.867
993000 1.543 5.857
994000 1.545 5.861
995000 1.542 5.864
996000 1.535 5.875
997000 1.538 5.876
998000 1.541 5.87
999000 1.544 5.87
1000000 1.544 5.848
