# Time-averaged data for fix avgcoord
# TimeStep c_ac1 c_ac2
1000 0.35 1.348
2000 0.397 1.577
3000 0.39 1.604
4000 0.392 1.642
5000 0.427 1.711
6000 0.431 1.737
7000 0.424 1.738
8000 0.39 1.76
9000 0.418 1.826
10000 0.442 1.864
11000 0.413 1.855
12000 0.422 1.916
13000 0.416 1.904
14000 0.435 1.943
15000 0.419 1.941
16000 0.443 1.981
17000 0.41 1.896
18000 0.424 1.904
19000 0.442 1.962
20000 0.436 2.02
21000 0.43 1.982
22000 0.432 1.948
23000 0.437 1.993
24000 0.443 1.991
25000 0.456 1.998
26000 0.441 1.959
27000 0.447 2.043
28000 0.47 2.006
29000 0.461 2.083
30000 0.48 2.058
31000 0.474 1.938
32000 0.462 2.022
33000 0.438 1.93
34000 0.452 1.982
35000 0.444 2.018
36000 0.463 2.001
37000 0.442 2.056
38000 0.445 1.989
39000 0.447 2.117
40000 0.443 1.975
41000 0.477 1.945
42000 0.45 2.01
43000 0.465 2.085
44000 0.447 1.959
45000 0.467 2.097
46000 0.435 1.993
47000 0.468 1.996
48000 0.443 1.977
49000 0.447 2.041
50000 0.465 2.077
51000 0.477 2.029
52000 0.457 1.989
53000 0.44 1.96
54000 0.429 2.005
55000 0.446 2.048
56000 0.49 2.06
57000 0.446 1.99
58000 0.448 2.082
59000 0.428 2.082
60000 0.439 2.085
61000 0.427 2.031
62000 0.497 2.075
63000 0.439 2.035
64000 0.438 2.018
65000 0.457 2.033
66000 0.457 2.087
67000 0.435 1.995
68000 0.501 2.099
69000 0.452 2.048
70000 0.48 2.088
71000 0.453 2.009
72000 0.429 2.041
73000 0.451 2.091
74000 0.406 1.96
75000 0.433 2.145
76000 0.447 2.009
77000 0.443 2.063
78000 0.442 2.102
79000 0.423 2.067
80000 0.433 2.081
81000 0.461 2.047
82000 0.465 2.141
83000 0.42 2.052
84000 0.44 2.09
85000 0.452 2.032
86000 0.488 2.128
87000 0.435 1.983
88000 0.454 2.142
89000 0.457 2.053
90000 0.467 2.069
91000 0.465 2.113
92000 0.455 2.131
93000 0.439 2.029
94000 0.475 2.115
95000 0.46 2.094
96000 0.444 2.012
97000 0.44 2.198
98000 0.45 2.072
99000 0.494 2.194
100000 0.446 2.08
101000 0.465 2.125
102000 0.444 2.096
103000 0.453 2.083
104000 0.462 2.04
105000 0.467 2.025
106000 0.463 2.019
107000 0.472 2.062
108000 0.44 2.062
109000 0.461 2.033
110000 0.457 2.067
111000 0.448 2.036
112000 0.461 1.993
113000 0.477 2.053
114000 0.464 2.048
115000 0.474 2.132
116000 0.463 2.033
117000 0.471 2.091
118000 0.475 2.131
119000 0.444 1.964
120000 0.468 1.98
121000 0.48 2.086
122000 0.469 2.083
123000 0.448 2.062
124000 0.468 1.984
125000 0.459 2.113
126000 0.481 2.139
127000 0.455 2.091
128000 0.472 2.104
129000 0.453 2.145
130000 0.47 2.116
131000 0.456 2.098
132000 0.472 2.064
133000 0.461 2.085
134000 0.485 2.063
135000 0.469 2.007
136000 0.463 2.119
137000 0.456 2.02
138000 0.453 2.051
139000 0.451 1.999
140000 0.45 2.028
141000 0.497 2.141
142000 0.485 2.109
143000 0.466 2.088
144000 0.478 2.06
145000 0.451 2.055
146000 0.456 2.138
147000 0.469 2.093
148000 0.456 2.09
149000 0.469 2.113
150000 0.465 2.115
151000 0.475 2.107
152000 0.466 2.04
153000 0.43 1.988
154000 0.464 2.104
155000 0.465 2.123
156000 0.473 2.117
157000 0.477 2.089
158000 0.464 2.05
159000 0.479 2.085
160000 0.471 2.075
161000 0.448 2.022
162000 0.49 2.144
163000 0.467 2.179
164000 0.454 2.06
165000 0.472 2.15
166000 0.471 2.063
167000 0.452 2.064
168000 0.445 2.119
169000 0.455 2.053
170000 0.474 2.12
171000 0.441 2.113
172000 0.507 2.237
173000 0.463 2.041
174000 0.497 2.111
175000 0.474 2.164
176000 0.462 2.038
177000 0.507 2.093
178000 0.473 2.085
179000 0.469 2.069
180000 0.438 2.086
181000 0.473 2.065
182000 0.475 2.139
183000 0.446 2.13
184000 0.464 2.1
185000 0.504 2.166
186000 0.505 2.161
187000 0.457 2.221
188000 0.456 2.172
189000 0.475 2.143
190000 0.457 2.105
191000 0.456 2.218
192000 0.483 2.023
193000 0.479 2.119
194000 0.502 2.178
195000 0.44 2.108
196000 0.466 2.074
197000 0.458 2.138
198000 0.466 2.074
199000 0.436 2.036
200000 0.478 2.192
201000 0.485 2.141
202000 0.488 2.112
203000 0.47 2.094
204000 0.468 2.178
205000 0.513 2.157
206000 0.479 2.179
207000 0.486 2.118
208000 0.489 2.145
209000 0.483 2.097
210000 0.465 2.071
211000 0.439 2.093
212000 0.471 2.109
213000 0.457 2.147
214000 0.459 2.101
215000 0.481 2.207
216000 0.467 2.105
217000 0.456 2.174
218000 0.491 2.181
219000 0.501 2.143
220000 0.465 2.119
221000 0.456 2.06
222000 0.467 2.097
223000 0.481 2.137
224000 0.473 2.089
225000 0.471 2.045
226000 0.467 2.059
227000 0.483 2.173
228000 0.444 2.172
229000 0.448 2.072
230000 0.504 2.136
231000 0.487 2.141
232000 0.467 2.135
233000 0.483 2.071
234000 0.483 2.161
235000 0.486 2.202
236000 0.463 2.147
237000 0.502 2.136
238000 0.472 2.146
239000 0.481 2.145
240000 0.474 2.18
241000 0.494 2.152
242000 0.47 2.122
243000 0.473 2.205
244000 0.493 2.207
245000 0.471 2.175
246000 0.468 2.16
247000 0.493 2.197
248000 0.508 2.142
249000 0.487 2.159
250000 0.506 2.236
251000 0.499 2.199
252000 0.509 2.153
253000 0.497 2.129
254000 0.501 2.133
255000 0.544 2.24
256000 0.476 2.168
257000 0.472 2.11
258000 0.452 2.088
259000 0.491 2.075
260000 0.491 2.123
261000 0.454 2.124
262000 0.484 2.198
263000 0.49 2.204
264000 0.466 2.09
265000 0.502 2.22
266000 0.461 2.095
267000 0.487 2.129
268000 0.477 2.107
269000 0.481 2.199
270000 0.498 2.148
271000 0.5 2.184
272000 0.467 2.067
273000 0.455 2.069
274000 0.494 2.176
275000 0.479 2.169
276000 0.494 2.184
277000 0.454 2.176
278000 0.498 2.176
279000 0.499 2.263
280000 0.467 2.173
281000 0.49 2.098
282000 0.488 2.188
283000 0.48 2.226
284000 0.461 2.093
285000 0.458 2.226
286000 0.501 2.171
287000 0.496 2.132
288000 0.485 2.153
289000 0.497 2.239
290000 0.499 2.109
291000 0.476 2.16
292000 0.474 2.11
293000 0.473 2.183
294000 0.468 2.182
295000 0.482 2.12
296000 0.477 2.169
297000 0.475 2.135
298000 0.477 2.089
299000 0.497 2.187
300000 0.463 2.101
301000 0.469 2.129
302000 0.499 2.135
303000 0.479 2.119
304000 0.487 2.195
305000 0.472 2.138
306000 0.478 2.124
307000 0.478 2.066
308000 0.478 2.132
309000 0.497 2.169
310000 0.479 2.173
311000 0.518 2.156
312000 0.492 2.16
313000 0.482 2.138
314000 0.473 2.139
315000 0.485 2.173
316000 0.513 2.205
317000 0.49 2.13
318000 0.478 2.128
319000 0.487 2.177
320000 0.481 2.169
321000 0.463 2.161
322000 0.473 2.175
323000 0.5 2.226
324000 0.469 2.115
325000 0.486 2.186
326000 0.506 2.196
327000 0.509 2.197
328000 0.474 2.16
329000 0.496 2.222
330000 0.473 2.147
331000 0.466 2.098
332000 0.481 2.231
333000 0.501 2.203
334000 0.477 2.113
335000 0.444 2.16
336000 0.48 2.09
337000 0.48 2.176
338000 0.463 2.171
339000 0.504 2.218
340000 0.502 2.21
341000 0.482 2.144
342000 0.47 2.098
343000 0.498 2.148
344000 0.484 2.182
345000 0.511 2.157
346000 0.46 2.168
347000 0.479 2.169
348000 0.493 2.155
349000 0.5 2.138
350000 0.495 2.229
351000 0.456 2.108
352000 0.479 2.175
353000 0.488 2.198
354000 0.514 2.172
355000 0.511 2.181
356000 0.483 2.235
357000 0.5 2.154
358000 0.485 2.203
359000 0.505 2.207
360000 0.478 2.154
361000 0.481 2.259
362000 0.485 2.171
363000 0.499 2.175
364000 0.466 2.16
365000 0.477 2.147
366000 0.489 2.147
367000 0.472 2.178
368000 0.491 2.161
369000 0.499 2.265
370000 0.498 2.192
371000 0.464 2.176
372000 0.501 2.163
373000 0.503 2.135
374000 0.507 2.251
375000 0.504 2.244
376000 0.514 2.184
377000 0.447 2.169
378000 0.492 2.16
379000 0.496 2.154
380000 0.465 2.143
381000 0.484 2.13
382000 0.481 2.187
383000 0.475 2.179
384000 0.487 2.145
385000 0.494 2.244
386000 0.487 2.151
387000 0.488 2.148
388000 0.464 2.124
389000 0.473 2.189
390000 0.477 2.195
391000 0.479 2.175
392000 0.456 2.178
393000 0.487 2.219
394000 0.49 2.14
395000 0.461 2.211
396000 0.485 2.153
397000 0.491 2.201
398000 0.511 2.191
399000 0.466 2.192
400000 0.492 2.21
401000 0.498 2.246
402000 0.454 2.14
403000 0.498 2.166
404000 0.476 2.16
405000 0.467 2.105
406000 0.479 2.183
407000 0.502 2.202
408000 0.492 2.196
409000 0.483 2.137
410000 0.487 2.177
411000 0.492 2.196
412000 0.475 2.173
413000 0.485 2.227
414000 0.474 2.118
415000 0.449 2.143
416000 0.456 2.06
417000 0.46 2.14
418000 0.478 2.182
419000 0.467 2.161
420000 0.465 2.211
421000 0.492 2.262
422000 0.467 2.149
423000 0.464 2.234
424000 0.467 2.113
425000 0.478 2.206
426000 0.491 2.141
427000 0.492 2.198
428000 0.495 2.189
429000 0.492 2.192
430000 0.486 2.25
431000 0.491 2.149
432000 0.471 2.197
433000 0.488 2.246
434000 0.48 2.24
435000 0.477 2.199
436000 0.502 2.16
437000 0.476 2.194
438000 0.5 2.214
439000 0.482 2.184
440000 0.51 2.248
441000 0.476 2.12
442000 0.476 2.16
443000 0.515 2.121
444000 0.499 2.195
445000 0.48 2.216
446000 0.512 2.282
447000 0.463 2.175
448000 0.451 2.211
449000 0.484 2.17
450000 0.479 2.185
451000 0.475 2.183
452000 0.484 2.222
453000 0.482 2.152
454000 0.499 2.161
455000 0.469 2.159
456000 0.488 2.224
457000 0.495 2.179
458000 0.527 2.209
459000 0.503 2.199
460000 0.493 2.237
461000 0.479 2.213
462000 0.484 2.186
463000 0.505 2.151
464000 0.494 2.196
465000 0.473 2.093
466000 0.47 2.098
467000 0.479 2.185
468000 0.49 2.216
469000 0.452 2.224
470000 0.487 2.159
471000 0.486 2.154
472000 0.503 2.115
473000 0.508 2.244
474000 0.48 2.236
475000 0.483 2.235
476000 0.483 2.143
477000 0.476 2.108
478000 0.494 2.256
479000 0.479 2.165
480000 0.474 2.128
481000 0.477 2.111
482000 0.499 2.281
483000 0.497 2.181
484000 0.464 2.192
485000 0.495 2.135
486000 0.49 2.276
487000 0.462 2.198
488000 0.468 2.122
489000 0.487 2.135
490000 0.477 2.209
491000 0.501 2.171
492000 0.478 2.148
493000 0.477 2.209
494000 0.5 2.166
495000 0.464 2.16
496000 0.489 2.143
497000 0.492 2.182
498000 0.494 2.102
499000 0.478 2.216
500000 0.49 2.148
501000 0.473 2.175
502000 0.49 2.236
503000 0.482 2.288
504000 0.488 2.202
505000 0.449 2.205
506000 0.488 2.174
507000 0.472 2.16
508000 0.486 2.16
509000 0.457 2.207
510000 0.461 2.147
511000 0.474 2.228
512000 0.479 2.133
513000 0.463 2.155
514000 0.463 2.127
515000 0.523 2.205
516000 0.476 2.228
517000 0.461 2.185
518000 0.469 2.221
519000 0.48 2.154
520000 0.466 2.252
521000 0.456 2.22
522000 0.473 2.197
523000 0.474 2.254
524000 0.479 2.157
525000 0.46 2.144
526000 0.501 2.257
527000 0.447 2.155
528000 0.462 2.2
529000 0.487 2.211
530000 0.488 2.206
531000 0.481 2.231
532000 0.5 2.246
533000 0.487 2.095
534000 0.499 2.255
535000 0.485 2.147
536000 0.503 2.245
537000 0.464 2.23
538000 0.467 2.203
539000 0.516 2.23
540000 0.464 2.182
541000 0.492 2.218
542000 0.483 2.127
543000 0.48 2.134
544000 0.496 2.126
545000 0.483 2.237
546000 0.462 2.182
547000 0.492 2.17
548000 0.491 2.187
549000 0.485 2.179
550000 0.469 2.107
551000 0.445 2.201
552000 0.515 2.195
553000 0.475 2.191
554000 0.509 2.259
555000 0.501 2.157
556000 0.475 2.153
557000 0.481 2.229
558000 0.467 2.175
559000 0.486 2.282
560000 0.495 2.169
561000 0.467 2.223
562000 0.468 2.224
563000 0.482 2.152
564000 0.472 2.212
565000 0.474 2.182
566000 0.506 2.18
567000 0.489 2.209
568000 0.469 2.153
569000 0.505 2.203
570000 0.476 2.18
571000 0.496 2.15
572000 0.491 2.247
573000 0.487 2.189
574000 0.474 2.144
575000 0.51 2.17
576000 0.493 2.177
577000 0.475 2.143
578000 0.483 2.187
579000 0.475 2.185
580000 0.485 2.085
581000 0.479 2.269
582000 0.49 2.14
583000 0.457 2.153
584000 0.506 2.196
585000 0.48 2.152
586000 0.451 2.257
587000 0.506 2.216
588000 0.46 2.158
589000 0.497 2.221
590000 0.479 2.145
591000 0.487 2.133
592000 0.489 2.111
593000 0.471 2.155
594000 0.49 2.314
595000 0.45 2.274
596000 0.468 2.168
597000 0.473 2.081
598000 0.504 2.208
599000 0.499 2.147
600000 0.475 2.231
601000 0.495 2.243
602000 0.489 2.309
603000 0.509 2.261
604000 0.475 2.203
605000 0.479 2.211
606000 0.494 2.204
607000 0.487 2.119
608000 0.509 2.159
609000 0.467 2.117
610000 0.487 2.261
611000 0.495 2.257
612000 0.469 2.125
613000 0.495 2.225
614000 0.47 2.188
615000 0.469 2.153
616000 0.486 2.208
617000 0.494 2.132
618000 0.453 2.123
619000 0.465 2.199
620000 0.474 2.2
621000 0.527 2.263
622000 0.492 2.13
623000 0.494 2.2
624000 0.469 2.207
625000 0.514 2.208
626000 0.49 2.192
627000 0.477 2.207
628000 0.484 2.188
629000 0.509 2.261
630000 0.5 2.154
631000 0.483 2.137
632000 0.467 2.165
633000 0.494 2.184
634000 0.482 2.198
635000 0.483 2.241
636000 0.469 2.129
637000 0.475 2.197
638000 0.487 2.193
639000 0.487 2.183
640000 0.482 2.248
641000 0.46 2.152
642000 0.5 2.278
643000 0.459 2.241
644000 0.472 2.148
645000 0.486 2.206
646000 0.456 2.128
647000 0.497 2.103
648000 0.493 2.261
649000 0.49 2.19
650000 0.481 2.223
651000 0.486 2.154
652000 0.481 2.141
653000 0.46 2.244
654000 0.52 2.218
655000 0.488 2.16
656000 0.484 2.246
657000 0.484 2.242
658000 0.486 2.162
659000 0.499 2.161
660000 0.51 2.162
661000 0.473 2.239
662000 0.465 2.157
663000 0.485 2.241
664000 0.461 2.171
665000 0.469 2.135
666000 0.456 2.14
667000 0.478 2.23
668000 0.488 2.174
669000 0.483 2.207
670000 0.467 2.259
671000 0.481 2.163
672000 0.523 2.293
673000 0.49 2.2
674000 0.528 2.248
675000 0.475 2.255
676000 0.473 2.223
677000 0.492 2.256
678000 0.483 2.223
679000 0.465 2.237
680000 0.45 2.204
681000 0.47 2.158
682000 0.469 2.103
683000 0.466 2.196
684000 0.495 2.253
685000 0.468 2.108
686000 0.485 2.127
687000 0.471 2.183
688000 0.462 2.138
689000 0.451 2.181
690000 0.486 2.264
691000 0.439 2.169
692000 0.492 2.188
693000 0.469 2.187
694000 0.474 2.104
695000 0.477 2.195
696000 0.489 2.199
697000 0.509 2.221
698000 0.499 2.177
699000 0.509 2.173
700000 0.467 2.117
701000 0.47 2.146
702000 0.467 2.145
703000 0.483 2.199
704000 0.462 2.174
705000 0.479 2.103
706000 0.464 2.248
707000 0.471 2.177
708000 0.477 2.181
709000 0.469 2.205
710000 0.481 2.125
711000 0.482 2.172
712000 0.457 2.147
713000 0.466 2.196
714000 0.456 2.132
715000 0.463 2.157
716000 0.459 2.211
717000 0.476 2.158
718000 0.483 2.173
719000 0.475 2.203
720000 0.482 2.204
721000 0.463 2.121
722000 0.461 2.157
723000 0.479 2.265
724000 0.496 2.146
725000 0.467 2.187
726000 0.452 2.142
727000 0.471 2.171
728000 0.464 2.236
729000 0.448 2.24
730000 0.496 2.192
731000 0.495 2.125
732000 0.493 2.165
733000 0.44 2.118
734000 0.48 2.212
735000 0.455 2.181
736000 0.475 2.185
737000 0.503 2.223
738000 0.482 2.238
739000 0.474 2.096
740000 0.479 2.183
741000 0.489 2.221
742000 0.49 2.194
743000 0.483 2.209
744000 0.488 2.24
745000 0.498 2.142
746000 0.485 2.167
747000 0.462 2.15
748000 0.484 2.242
749000 0.489 2.223
750000 0.48 2.238
751000 0.482 2.166
752000 0.495 2.261
753000 0.491 2.205
754000 0.468 2.118
755000 0.494 2.214
756000 0.513 2.257
757000 0.463 2.159
758000 0.482 2.174
759000 0.474 2.228
760000 0.48 2.204
761000 0.483 2.155
762000 0.474 2.206
763000 0.462 2.148
764000 0.483 2.191
765000 0.493 2.233
766000 0.495 2.247
767000 0.478 2.144
768000 0.489 2.215
769000 0.475 2.197
770000 0.489 2.171
771000 0.479 2.259
772000 0.491 2.207
773000 0.474 2.152
774000 0.459 2.199
775000 0.479 2.133
776000 0.484 2.232
777000 0.46 2.28
778000 0.456 2.174
779000 0.48 2.184
780000 0.476 2.18
781000 0.457 2.173
782000 0.459 2.213
783000 0.478 2.25
784000 0.488 2.176
785000 0.445 2.153
786000 0.489 2.235
787000 0.469 2.195
788000 0.443 2.151
789000 0.465 2.171
790000 0.481 2.179
791000 0.47 2.154
792000 0.487 2.245
793000 0.487 2.139
794000 0.479 2.169
795000 0.487 2.169
796000 0.471 2.235
797000 0.455 2.247
798000 0.467 2.183
799000 0.485 2.191
800000 0.496 2.22
801000 0.461 2.159
802000 0.48 2.236
803000 0.444 2.166
804000 0.472 2.23
805000 0.469 2.195
806000 0.472 2.184
807000 0.458 2.102
808000 0.457 2.181
809000 0.496 2.144
810000 0.47 2.128
811000 0.486 2.278
812000 0.472 2.218
813000 0.466 2.242
814000 0.447 2.115
815000 0.481 2.211
816000 0.47 2.188
817000 0.47 2.17
818000 0.478 2.192
819000 0.467 2.265
820000 0.472 2.18
821000 0.471 2.175
822000 0.478 2.118
823000 0.474 2.234
824000 0.472 2.168
825000 0.483 2.213
826000 0.478 2.286
827000 0.46 2.232
828000 0.476 2.232
829000 0.477 2.205
830000 0.476 2.24
831000 0.477 2.203
832000 0.454 2.164
833000 0.462 2.226
834000 0.458 2.172
835000 0.439 2.149
836000 0.488 2.228
837000 0.478 2.232
838000 0.452 2.16
839000 0.475 2.259
840000 0.494 2.246
841000 0.468 2.2
842000 0.442 2.296
843000 0.442 2.166
844000 0.462 2.176
845000 0.474 2.204
846000 0.445 2.165
847000 0.481 2.283
848000 0.447 2.159
849000 0.493 2.199
850000 0.464 2.188
851000 0.465 2.171
852000 0.471 2.205
853000 0.455 2.189
854000 0.468 2.2
855000 0.432 2.196
856000 0.485 2.205
857000 0.443 2.165
858000 0.444 2.218
859000 0.486 2.182
860000 0.49 2.226
861000 0.446 2.166
862000 0.5 2.196
863000 0.485 2.239
864000 0.452 2.114
865000 0.487 2.219
866000 0.478 2.262
867000 0.459 2.243
868000 0.463 2.165
869000 0.483 2.185
870000 0.482 2.202
871000 0.463 2.131
872000 0.473 2.207
873000 0.489 2.261
874000 0.46 2.218
875000 0.454 2.17
876000 0.446 2.148
877000 0.48 2.208
878000 0.475 2.249
879000 0.472 2.284
880000 0.468 2.168
881000 0.484 2.254
882000 0.495 2.189
883000 0.498 2.15
884000 0.493 2.267
885000 0.461 2.177
886000 0.484 2.226
887000 0.483 2.221
888000 0.499 2.179
889000 0.488 2.196
890000 0.504 2.23
891000 0.482 2.116
892000 0.48 2.212
893000 0.489 2.233
894000 0.504 2.17
895000 0.489 2.257
896000 0.498 2.216
897000 0.466 2.106
898000 0.505 2.137
899000 0.461 2.203
900000 0.482 2.158
901000 0.45 2.11
902000 0.477 2.159
903000 0.477 2.243
904000 0.464 2.212
905000 0.502 2.182
906000 0.499 2.153
907000 0.477 2.189
908000 0.478 2.246
909000 0.472 2.142
910000 0.498 2.154
911000 0.463 2.105
912000 0.453 2.127
913000 0.473 2.237
914000 0.464 2.082
915000 0.483 2.179
916000 0.463 2.151
917000 0.484 2.198
918000 0.475 2.205
919000 0.501 2.177
920000 0.479 2.165
921000 0.483 2.231
922000 0.469 2.127
923000 0.504 2.14
924000 0.455 2.081
925000 0.485 2.125
926000 0.492 2.212
927000 0.48 2.198
928000 0.454 2.252
929000 0.462 2.228
930000 0.479 2.207
931000 0.473 2.161
932000 0.444 2.098
933000 0.47 2.17
934000 0.483 2.171
935000 0.486 2.188
936000 0.464 2.234
937000 0.49 2.248
938000 0.472 2.098
939000 0.467 2.237
940000 0.473 2.261
941000 0.459 2.171
942000 0.459 2.201
943000 0.455 2.133
944000 0.488 2.196
945000 0.476 2.234
946000 0.468 2.12
947000 0.47 2.256
948000 0.466 2.234
949000 0.502 2.218
950000 0.476 2.17
951000 0.469 2.129
952000 0.489 2.259
953000 0.488 2.236
954000 0.486 2.146
955000 0.471 2.231
956000 0.463 2.087
957000 0.481 2.123
958000 0.457 2.199
959000 0.47 2.152
960000 0.477 2.187
961000 0.482 2.22
962000 0.48 2.198
963000 0.492 2.162
964000 0.495 2.131
965000 0.468 2.202
966000 0.452 2.092
967000 0.482 2.23
968000 0.459 2.241
969000 0.48 2.234
970000 0.487 2.221
971000 0.48 2.152
972000 0.447 2.139
973000 0.498 2.23
974000 0.486 2.228
975000 0.466 2.198
976000 0.469 2.167
977000 0.486 2.162
978000 0.508 2.246
979000 0.506 2.222
980000 0.484 2.27
981000 0.432 2.204
982000 0.485 2.211
983000 0.494 2.164
984000 0.474 2.174
985000 0.473 2.175
986000 0.483 2.183
987000 0.461 2.149
988000 0.498 2.13
989000 0.501 2.291
990000 0.448 2.18
991000 0.491 2.199
992000 0.502 2.276
993000 0.464 2.174
994000 0.487 2.191
995000 0.475 2.151
996000 0.481 2.215
997000 0.483 2.259
998000 0.473 2.069
999000 0.49 2.238
1000000 0.458 2.218
