# Time-averaged data for fix com
# TimeStep c_com[1] c_com[2] c_com[3]
1000 4.36135 4.25875 4.2449
2000 4.36135 4.25875 4.2449
3000 4.36135 4.25875 4.2449
4000 4.36135 4.25875 4.2449
5000 4.36135 4.25875 4.2449
6000 4.36135 4.25875 4.2449
7000 4.36135 4.25875 4.2449
8000 4.36135 4.25875 4.2449
9000 4.36135 4.25875 4.2449
10000 4.36135 4.25875 4.2449
11000 4.36135 4.25875 4.2449
12000 4.36135 4.25875 4.2449
13000 4.36135 4.25875 4.2449
14000 4.36135 4.25875 4.2449
15000 4.36135 4.25875 4.2449
16000 4.36135 4.25875 4.2449
17000 4.36135 4.25875 4.2449
18000 4.36135 4.25875 4.2449
19000 4.36135 4.25875 4.2449
20000 4.36135 4.25875 4.2449
21000 4.36135 4.25875 4.2449
22000 4.36135 4.25875 4.2449
23000 4.36135 4.25875 4.2449
24000 4.36135 4.25875 4.2449
25000 4.36135 4.25875 4.2449
26000 4.36135 4.25875 4.2449
27000 4.36135 4.25875 4.2449
28000 4.36135 4.25875 4.2449
29000 4.36135 4.25875 4.2449
30000 4.36135 4.25875 4.2449
31000 4.36135 4.25875 4.2449
32000 4.36135 4.25875 4.2449
33000 4.36135 4.25875 4.2449
34000 4.36135 4.25875 4.2449
35000 4.36135 4.25875 4.2449
36000 4.36135 4.25875 4.2449
37000 4.36135 4.25875 4.2449
38000 4.36135 4.25875 4.2449
39000 4.36135 4.25875 4.2449
40000 4.36135 4.25875 4.2449
41000 4.36135 4.25875 4.2449
42000 4.36135 4.25875 4.2449
43000 4.36135 4.25875 4.2449
44000 4.36135 4.25875 4.2449
45000 4.36135 4.25875 4.2449
46000 4.36135 4.25875 4.2449
47000 4.36135 4.25875 4.2449
48000 4.36135 4.25875 4.2449
49000 4.36135 4.25875 4.2449
50000 4.36135 4.25875 4.2449
51000 4.36135 4.25875 4.2449
52000 4.36135 4.25875 4.2449
53000 4.36135 4.25875 4.2449
54000 4.36135 4.25875 4.2449
55000 4.36135 4.25875 4.2449
56000 4.36135 4.25875 4.2449
57000 4.36135 4.25875 4.2449
58000 4.36135 4.25875 4.2449
59000 4.36135 4.25875 4.2449
60000 4.36135 4.25875 4.2449
61000 4.36135 4.25875 4.2449
62000 4.36135 4.25875 4.2449
63000 4.36135 4.25875 4.2449
64000 4.36135 4.25875 4.2449
65000 4.36135 4.25875 4.2449
66000 4.36135 4.25875 4.2449
67000 4.36135 4.25875 4.2449
68000 4.36135 4.25875 4.2449
69000 4.36135 4.25875 4.2449
70000 4.36135 4.25875 4.2449
71000 4.36135 4.25875 4.2449
72000 4.36135 4.25875 4.2449
73000 4.36135 4.25875 4.2449
74000 4.36135 4.25875 4.2449
75000 4.36135 4.25875 4.2449
76000 4.36135 4.25875 4.2449
77000 4.36135 4.25875 4.2449
78000 4.36135 4.25875 4.2449
79000 4.36135 4.25875 4.2449
80000 4.36135 4.25875 4.2449
81000 4.36135 4.25875 4.2449
82000 4.36135 4.25875 4.2449
83000 4.36135 4.25875 4.2449
84000 4.36135 4.25875 4.2449
85000 4.36135 4.25875 4.2449
86000 4.36135 4.25875 4.2449
87000 4.36135 4.25875 4.2449
88000 4.36135 4.25875 4.2449
89000 4.36135 4.25875 4.2449
90000 4.36135 4.25875 4.2449
91000 4.36135 4.25875 4.2449
92000 4.36135 4.25875 4.2449
93000 4.36135 4.25875 4.2449
94000 4.36135 4.25875 4.2449
95000 4.36135 4.25875 4.2449
96000 4.36135 4.25875 4.2449
97000 4.36135 4.25875 4.2449
98000 4.36135 4.25875 4.2449
99000 4.36135 4.25875 4.2449
100000 4.36135 4.25875 4.2449
101000 4.36135 4.25875 4.2449
102000 4.36135 4.25875 4.2449
103000 4.36135 4.25875 4.2449
104000 4.36135 4.25875 4.2449
105000 4.36135 4.25875 4.2449
106000 4.36135 4.25875 4.2449
107000 4.36135 4.25875 4.2449
108000 4.36135 4.25875 4.2449
109000 4.36135 4.25875 4.2449
110000 4.36135 4.25875 4.2449
111000 4.36135 4.25875 4.2449
112000 4.36135 4.25875 4.2449
113000 4.36135 4.25875 4.2449
114000 4.36135 4.25875 4.2449
115000 4.36135 4.25875 4.2449
116000 4.36135 4.25875 4.2449
117000 4.36135 4.25875 4.2449
118000 4.36135 4.25875 4.2449
119000 4.36135 4.25875 4.2449
120000 4.36135 4.25875 4.2449
121000 4.36135 4.25875 4.2449
122000 4.36135 4.25875 4.2449
123000 4.36135 4.25875 4.2449
124000 4.36135 4.25875 4.2449
125000 4.36135 4.25875 4.2449
126000 4.36135 4.25875 4.2449
127000 4.36135 4.25875 4.2449
128000 4.36135 4.25875 4.2449
129000 4.36135 4.25875 4.2449
130000 4.36135 4.25875 4.2449
131000 4.36135 4.25875 4.2449
132000 4.36135 4.25875 4.2449
133000 4.36135 4.25875 4.2449
134000 4.36135 4.25875 4.2449
135000 4.36135 4.25875 4.2449
136000 4.36135 4.25875 4.2449
137000 4.36135 4.25875 4.2449
138000 4.36135 4.25875 4.2449
139000 4.36135 4.25875 4.2449
140000 4.36135 4.25875 4.2449
141000 4.36135 4.25875 4.2449
142000 4.36135 4.25875 4.2449
143000 4.36135 4.25875 4.2449
144000 4.36135 4.25875 4.2449
145000 4.36135 4.25875 4.2449
146000 4.36135 4.25875 4.2449
147000 4.36135 4.25875 4.2449
148000 4.36135 4.25875 4.2449
149000 4.36135 4.25875 4.2449
150000 4.36135 4.25875 4.2449
151000 4.36135 4.25875 4.2449
152000 4.36135 4.25875 4.2449
153000 4.36135 4.25875 4.2449
154000 4.36135 4.25875 4.2449
155000 4.36135 4.25875 4.2449
156000 4.36135 4.25875 4.2449
157000 4.36135 4.25875 4.2449
158000 4.36135 4.25875 4.2449
159000 4.36135 4.25875 4.2449
160000 4.36135 4.25875 4.2449
161000 4.36135 4.25875 4.2449
162000 4.36135 4.25875 4.2449
163000 4.36135 4.25875 4.2449
164000 4.36135 4.25875 4.2449
165000 4.36135 4.25875 4.2449
166000 4.36135 4.25875 4.2449
167000 4.36135 4.25875 4.2449
168000 4.36135 4.25875 4.2449
169000 4.36135 4.25875 4.2449
170000 4.36135 4.25875 4.2449
171000 4.36135 4.25875 4.2449
172000 4.36135 4.25875 4.2449
173000 4.36135 4.25875 4.2449
174000 4.36135 4.25875 4.2449
175000 4.36135 4.25875 4.2449
176000 4.36135 4.25875 4.2449
177000 4.36135 4.25875 4.2449
178000 4.36135 4.25875 4.2449
179000 4.36135 4.25875 4.2449
180000 4.36135 4.25875 4.2449
181000 4.36135 4.25875 4.2449
182000 4.36135 4.25875 4.2449
183000 4.36135 4.25875 4.2449
184000 4.36135 4.25875 4.2449
185000 4.36135 4.25875 4.2449
186000 4.36135 4.25875 4.2449
187000 4.36135 4.25875 4.2449
188000 4.36135 4.25875 4.2449
189000 4.36135 4.25875 4.2449
190000 4.36135 4.25875 4.2449
191000 4.36135 4.25875 4.2449
192000 4.36135 4.25875 4.2449
193000 4.36135 4.25875 4.2449
194000 4.36135 4.25875 4.2449
195000 4.36135 4.25875 4.2449
196000 4.36135 4.25875 4.2449
197000 4.36135 4.25875 4.2449
198000 4.36135 4.25875 4.2449
199000 4.36135 4.25875 4.2449
200000 4.36135 4.25875 4.2449
201000 4.36135 4.25875 4.2449
202000 4.36135 4.25875 4.2449
203000 4.36135 4.25875 4.2449
204000 4.36135 4.25875 4.2449
205000 4.36135 4.25875 4.2449
206000 4.36135 4.25875 4.2449
207000 4.36135 4.25875 4.2449
208000 4.36135 4.25875 4.2449
209000 4.36135 4.25875 4.2449
210000 4.36135 4.25875 4.2449
211000 4.36135 4.25875 4.2449
212000 4.36135 4.25875 4.2449
213000 4.36135 4.25875 4.2449
214000 4.36135 4.25875 4.2449
215000 4.36135 4.25875 4.2449
216000 4.36135 4.25875 4.2449
217000 4.36135 4.25875 4.2449
218000 4.36135 4.25875 4.2449
219000 4.36135 4.25875 4.2449
220000 4.36135 4.25875 4.2449
221000 4.36135 4.25875 4.2449
222000 4.36135 4.25875 4.2449
223000 4.36135 4.25875 4.2449
224000 4.36135 4.25875 4.2449
225000 4.36135 4.25875 4.2449
226000 4.36135 4.25875 4.2449
227000 4.36135 4.25875 4.2449
228000 4.36135 4.25875 4.2449
229000 4.36135 4.25875 4.2449
230000 4.36135 4.25875 4.2449
231000 4.36135 4.25875 4.2449
232000 4.36135 4.25875 4.2449
233000 4.36135 4.25875 4.2449
234000 4.36135 4.25875 4.2449
235000 4.36135 4.25875 4.2449
236000 4.36135 4.25875 4.2449
237000 4.36135 4.25875 4.2449
238000 4.36135 4.25875 4.2449
239000 4.36135 4.25875 4.2449
240000 4.36135 4.25875 4.2449
241000 4.36135 4.25875 4.2449
242000 4.36135 4.25875 4.2449
243000 4.36135 4.25875 4.2449
244000 4.36135 4.25875 4.2449
245000 4.36135 4.25875 4.2449
246000 4.36135 4.25875 4.2449
247000 4.36135 4.25875 4.2449
248000 4.36135 4.25875 4.2449
249000 4.36135 4.25875 4.2449
250000 4.36135 4.25875 4.2449
251000 4.36135 4.25875 4.2449
252000 4.36135 4.25875 4.2449
253000 4.36135 4.25875 4.2449
254000 4.36135 4.25875 4.2449
255000 4.36135 4.25875 4.2449
256000 4.36135 4.25875 4.2449
257000 4.36135 4.25875 4.2449
258000 4.36135 4.25875 4.2449
259000 4.36135 4.25875 4.2449
260000 4.36135 4.25875 4.2449
261000 4.36135 4.25875 4.2449
262000 4.36135 4.25875 4.2449
263000 4.36135 4.25875 4.2449
264000 4.36135 4.25875 4.2449
265000 4.36135 4.25875 4.2449
266000 4.36135 4.25875 4.2449
267000 4.36135 4.25875 4.2449
268000 4.36135 4.25875 4.2449
269000 4.36135 4.25875 4.2449
270000 4.36135 4.25875 4.2449
271000 4.36135 4.25875 4.2449
272000 4.36135 4.25875 4.2449
273000 4.36135 4.25875 4.2449
274000 4.36135 4.25875 4.2449
275000 4.36135 4.25875 4.2449
276000 4.36135 4.25875 4.2449
277000 4.36135 4.25875 4.2449
278000 4.36135 4.25875 4.2449
279000 4.36135 4.25875 4.2449
280000 4.36135 4.25875 4.2449
281000 4.36135 4.25875 4.2449
282000 4.36135 4.25875 4.2449
283000 4.36135 4.25875 4.2449
284000 4.36135 4.25875 4.2449
285000 4.36135 4.25875 4.2449
286000 4.36135 4.25875 4.2449
287000 4.36135 4.25875 4.2449
288000 4.36135 4.25875 4.2449
289000 4.36135 4.25875 4.2449
290000 4.36135 4.25875 4.2449
291000 4.36135 4.25875 4.2449
292000 4.36135 4.25875 4.2449
293000 4.36135 4.25875 4.2449
294000 4.36135 4.25875 4.2449
295000 4.36135 4.25875 4.2449
296000 4.36135 4.25875 4.2449
297000 4.36135 4.25875 4.2449
298000 4.36135 4.25875 4.2449
299000 4.36135 4.25875 4.2449
300000 4.36135 4.25875 4.2449
301000 4.36135 4.25875 4.2449
302000 4.36135 4.25875 4.2449
303000 4.36135 4.25875 4.2449
304000 4.36135 4.25875 4.2449
305000 4.36135 4.25875 4.2449
306000 4.36135 4.25875 4.2449
307000 4.36135 4.25875 4.2449
308000 4.36135 4.25875 4.2449
309000 4.36135 4.25875 4.2449
310000 4.36135 4.25875 4.2449
311000 4.36135 4.25875 4.2449
312000 4.36135 4.25875 4.2449
313000 4.36135 4.25875 4.2449
314000 4.36135 4.25875 4.2449
315000 4.36135 4.25875 4.2449
316000 4.36135 4.25875 4.2449
317000 4.36135 4.25875 4.2449
318000 4.36135 4.25875 4.2449
319000 4.36135 4.25875 4.2449
320000 4.36135 4.25875 4.2449
321000 4.36135 4.25875 4.2449
322000 4.36135 4.25875 4.2449
323000 4.36135 4.25875 4.2449
324000 4.36135 4.25875 4.2449
325000 4.36135 4.25875 4.2449
326000 4.36135 4.25875 4.2449
327000 4.36135 4.25875 4.2449
328000 4.36135 4.25875 4.2449
329000 4.36135 4.25875 4.2449
330000 4.36135 4.25875 4.2449
331000 4.36135 4.25875 4.2449
332000 4.36135 4.25875 4.2449
333000 4.36135 4.25875 4.2449
334000 4.36135 4.25875 4.2449
335000 4.36135 4.25875 4.2449
336000 4.36135 4.25875 4.2449
337000 4.36135 4.25875 4.2449
338000 4.36135 4.25875 4.2449
339000 4.36135 4.25875 4.2449
340000 4.36135 4.25875 4.2449
341000 4.36135 4.25875 4.2449
342000 4.36135 4.25875 4.2449
343000 4.36135 4.25875 4.2449
344000 4.36135 4.25875 4.2449
345000 4.36135 4.25875 4.2449
346000 4.36135 4.25875 4.2449
347000 4.36135 4.25875 4.2449
348000 4.36135 4.25875 4.2449
349000 4.36135 4.25875 4.2449
350000 4.36135 4.25875 4.2449
351000 4.36135 4.25875 4.2449
352000 4.36135 4.25875 4.2449
353000 4.36135 4.25875 4.2449
354000 4.36135 4.25875 4.2449
355000 4.36135 4.25875 4.2449
356000 4.36135 4.25875 4.2449
357000 4.36135 4.25875 4.2449
358000 4.36135 4.25875 4.2449
359000 4.36135 4.25875 4.2449
360000 4.36135 4.25875 4.2449
361000 4.36135 4.25875 4.2449
362000 4.36135 4.25875 4.2449
363000 4.36135 4.25875 4.2449
364000 4.36135 4.25875 4.2449
365000 4.36135 4.25875 4.2449
366000 4.36135 4.25875 4.2449
367000 4.36135 4.25875 4.2449
368000 4.36135 4.25875 4.2449
369000 4.36135 4.25875 4.2449
370000 4.36135 4.25875 4.2449
371000 4.36135 4.25875 4.2449
372000 4.36135 4.25875 4.2449
373000 4.36135 4.25875 4.2449
374000 4.36135 4.25875 4.2449
375000 4.36135 4.25875 4.2449
376000 4.36135 4.25875 4.2449
377000 4.36135 4.25875 4.2449
378000 4.36135 4.25875 4.2449
379000 4.36135 4.25875 4.2449
380000 4.36135 4.25875 4.2449
381000 4.36135 4.25875 4.2449
382000 4.36135 4.25875 4.2449
383000 4.36135 4.25875 4.2449
384000 4.36135 4.25875 4.2449
385000 4.36135 4.25875 4.2449
386000 4.36135 4.25875 4.2449
387000 4.36135 4.25875 4.2449
388000 4.36135 4.25875 4.2449
389000 4.36135 4.25875 4.2449
390000 4.36135 4.25875 4.2449
391000 4.36135 4.25875 4.2449
392000 4.36135 4.25875 4.2449
393000 4.36135 4.25875 4.2449
394000 4.36135 4.25875 4.2449
395000 4.36135 4.25875 4.2449
396000 4.36135 4.25875 4.2449
397000 4.36135 4.25875 4.2449
398000 4.36135 4.25875 4.2449
399000 4.36135 4.25875 4.2449
400000 4.36135 4.25875 4.2449
401000 4.36135 4.25875 4.2449
402000 4.36135 4.25875 4.2449
403000 4.36135 4.25875 4.2449
404000 4.36135 4.25875 4.2449
405000 4.36135 4.25875 4.2449
406000 4.36135 4.25875 4.2449
407000 4.36135 4.25875 4.2449
408000 4.36135 4.25875 4.2449
409000 4.36135 4.25875 4.2449
410000 4.36135 4.25875 4.2449
411000 4.36135 4.25875 4.2449
412000 4.36135 4.25875 4.2449
413000 4.36135 4.25875 4.2449
414000 4.36135 4.25875 4.2449
415000 4.36135 4.25875 4.2449
416000 4.36135 4.25875 4.2449
417000 4.36135 4.25875 4.2449
418000 4.36135 4.25875 4.2449
419000 4.36135 4.25875 4.2449
420000 4.36135 4.25875 4.2449
421000 4.36135 4.25875 4.2449
422000 4.36135 4.25875 4.2449
423000 4.36135 4.25875 4.2449
424000 4.36135 4.25875 4.2449
425000 4.36135 4.25875 4.2449
426000 4.36135 4.25875 4.2449
427000 4.36135 4.25875 4.2449
428000 4.36135 4.25875 4.2449
429000 4.36135 4.25875 4.2449
430000 4.36135 4.25875 4.2449
431000 4.36135 4.25875 4.2449
432000 4.36135 4.25875 4.2449
433000 4.36135 4.25875 4.2449
434000 4.36135 4.25875 4.2449
435000 4.36135 4.25875 4.2449
436000 4.36135 4.25875 4.2449
437000 4.36135 4.25875 4.2449
438000 4.36135 4.25875 4.2449
439000 4.36135 4.25875 4.2449
440000 4.36135 4.25875 4.2449
441000 4.36135 4.25875 4.2449
442000 4.36135 4.25875 4.2449
443000 4.36135 4.25875 4.2449
444000 4.36135 4.25875 4.2449
445000 4.36135 4.25875 4.2449
446000 4.36135 4.25875 4.2449
447000 4.36135 4.25875 4.2449
448000 4.36135 4.25875 4.2449
449000 4.36135 4.25875 4.2449
450000 4.36135 4.25875 4.2449
451000 4.36135 4.25875 4.2449
452000 4.36135 4.25875 4.2449
453000 4.36135 4.25875 4.2449
454000 4.36135 4.25875 4.2449
455000 4.36135 4.25875 4.2449
456000 4.36135 4.25875 4.2449
457000 4.36135 4.25875 4.2449
458000 4.36135 4.25875 4.2449
459000 4.36135 4.25875 4.2449
460000 4.36135 4.25875 4.2449
461000 4.36135 4.25875 4.2449
462000 4.36135 4.25875 4.2449
463000 4.36135 4.25875 4.2449
464000 4.36135 4.25875 4.2449
465000 4.36135 4.25875 4.2449
466000 4.36135 4.25875 4.2449
467000 4.36135 4.25875 4.2449
468000 4.36135 4.25875 4.2449
469000 4.36135 4.25875 4.2449
470000 4.36135 4.25875 4.2449
471000 4.36135 4.25875 4.2449
472000 4.36135 4.25875 4.2449
473000 4.36135 4.25875 4.2449
474000 4.36135 4.25875 4.2449
475000 4.36135 4.25875 4.2449
476000 4.36135 4.25875 4.2449
477000 4.36135 4.25875 4.2449
478000 4.36135 4.25875 4.2449
479000 4.36135 4.25875 4.2449
480000 4.36135 4.25875 4.2449
481000 4.36135 4.25875 4.2449
482000 4.36135 4.25875 4.2449
483000 4.36135 4.25875 4.2449
484000 4.36135 4.25875 4.2449
485000 4.36135 4.25875 4.2449
486000 4.36135 4.25875 4.2449
487000 4.36135 4.25875 4.2449
488000 4.36135 4.25875 4.2449
489000 4.36135 4.25875 4.2449
490000 4.36135 4.25875 4.2449
491000 4.36135 4.25875 4.2449
492000 4.36135 4.25875 4.2449
493000 4.36135 4.25875 4.2449
494000 4.36135 4.25875 4.2449
495000 4.36135 4.25875 4.2449
496000 4.36135 4.25875 4.2449
497000 4.36135 4.25875 4.2449
498000 4.36135 4.25875 4.2449
499000 4.36135 4.25875 4.2449
500000 4.36135 4.25875 4.2449
501000 4.36135 4.25875 4.2449
502000 4.36135 4.25875 4.2449
503000 4.36135 4.25875 4.2449
504000 4.36135 4.25875 4.2449
505000 4.36135 4.25875 4.2449
506000 4.36135 4.25875 4.2449
507000 4.36135 4.25875 4.2449
508000 4.36135 4.25875 4.2449
509000 4.36135 4.25875 4.2449
510000 4.36135 4.25875 4.2449
511000 4.36135 4.25875 4.2449
512000 4.36135 4.25875 4.2449
513000 4.36135 4.25875 4.2449
514000 4.36135 4.25875 4.2449
515000 4.36135 4.25875 4.2449
516000 4.36135 4.25875 4.2449
517000 4.36135 4.25875 4.2449
518000 4.36135 4.25875 4.2449
519000 4.36135 4.25875 4.2449
520000 4.36135 4.25875 4.2449
521000 4.36135 4.25875 4.2449
522000 4.36135 4.25875 4.2449
523000 4.36135 4.25875 4.2449
524000 4.36135 4.25875 4.2449
525000 4.36135 4.25875 4.2449
526000 4.36135 4.25875 4.2449
527000 4.36135 4.25875 4.2449
528000 4.36135 4.25875 4.2449
529000 4.36135 4.25875 4.2449
530000 4.36135 4.25875 4.2449
531000 4.36135 4.25875 4.2449
532000 4.36135 4.25875 4.2449
533000 4.36135 4.25875 4.2449
534000 4.36135 4.25875 4.2449
535000 4.36135 4.25875 4.2449
536000 4.36135 4.25875 4.2449
537000 4.36135 4.25875 4.2449
538000 4.36135 4.25875 4.2449
539000 4.36135 4.25875 4.2449
540000 4.36135 4.25875 4.2449
541000 4.36135 4.25875 4.2449
542000 4.36135 4.25875 4.2449
543000 4.36135 4.25875 4.2449
544000 4.36135 4.25875 4.2449
545000 4.36135 4.25875 4.2449
546000 4.36135 4.25875 4.2449
547000 4.36135 4.25875 4.2449
548000 4.36135 4.25875 4.2449
549000 4.36135 4.25875 4.2449
550000 4.36135 4.25875 4.2449
551000 4.36135 4.25875 4.2449
552000 4.36135 4.25875 4.2449
553000 4.36135 4.25875 4.2449
554000 4.36135 4.25875 4.2449
555000 4.36135 4.25875 4.2449
556000 4.36135 4.25875 4.2449
557000 4.36135 4.25875 4.2449
558000 4.36135 4.25875 4.2449
559000 4.36135 4.25875 4.2449
560000 4.36135 4.25875 4.2449
561000 4.36135 4.25875 4.2449
562000 4.36135 4.25875 4.2449
563000 4.36135 4.25875 4.2449
564000 4.36135 4.25875 4.2449
565000 4.36135 4.25875 4.2449
566000 4.36135 4.25875 4.2449
567000 4.36135 4.25875 4.2449
568000 4.36135 4.25875 4.2449
569000 4.36135 4.25875 4.2449
570000 4.36135 4.25875 4.2449
571000 4.36135 4.25875 4.2449
572000 4.36135 4.25875 4.2449
573000 4.36135 4.25875 4.2449
574000 4.36135 4.25875 4.2449
575000 4.36135 4.25875 4.2449
576000 4.36135 4.25875 4.2449
577000 4.36135 4.25875 4.2449
578000 4.36135 4.25875 4.2449
579000 4.36135 4.25875 4.2449
580000 4.36135 4.25875 4.2449
581000 4.36135 4.25875 4.2449
582000 4.36135 4.25875 4.2449
583000 4.36135 4.25875 4.2449
584000 4.36135 4.25875 4.2449
585000 4.36135 4.25875 4.2449
586000 4.36135 4.25875 4.2449
587000 4.36135 4.25875 4.2449
588000 4.36135 4.25875 4.2449
589000 4.36135 4.25875 4.2449
590000 4.36135 4.25875 4.2449
591000 4.36135 4.25875 4.2449
592000 4.36135 4.25875 4.2449
593000 4.36135 4.25875 4.2449
594000 4.36135 4.25875 4.2449
595000 4.36135 4.25875 4.2449
596000 4.36135 4.25875 4.2449
597000 4.36135 4.25875 4.2449
598000 4.36135 4.25875 4.2449
599000 4.36135 4.25875 4.2449
600000 4.36135 4.25875 4.2449
601000 4.36135 4.25875 4.2449
602000 4.36135 4.25875 4.2449
603000 4.36135 4.25875 4.2449
604000 4.36135 4.25875 4.2449
605000 4.36135 4.25875 4.2449
606000 4.36135 4.25875 4.2449
607000 4.36135 4.25875 4.2449
608000 4.36135 4.25875 4.2449
609000 4.36135 4.25875 4.2449
610000 4.36135 4.25875 4.2449
611000 4.36135 4.25875 4.2449
612000 4.36135 4.25875 4.2449
613000 4.36135 4.25875 4.2449
614000 4.36135 4.25875 4.2449
615000 4.36135 4.25875 4.2449
616000 4.36135 4.25875 4.2449
617000 4.36135 4.25875 4.2449
618000 4.36135 4.25875 4.2449
619000 4.36135 4.25875 4.2449
620000 4.36135 4.25875 4.2449
621000 4.36135 4.25875 4.2449
622000 4.36135 4.25875 4.2449
623000 4.36135 4.25875 4.2449
624000 4.36135 4.25875 4.2449
625000 4.36135 4.25875 4.2449
626000 4.36135 4.25875 4.2449
627000 4.36135 4.25875 4.2449
628000 4.36135 4.25875 4.2449
629000 4.36135 4.25875 4.2449
630000 4.36135 4.25875 4.2449
631000 4.36135 4.25875 4.2449
632000 4.36135 4.25875 4.2449
633000 4.36135 4.25875 4.2449
634000 4.36135 4.25875 4.2449
635000 4.36135 4.25875 4.2449
636000 4.36135 4.25875 4.2449
637000 4.36135 4.25875 4.2449
638000 4.36135 4.25875 4.2449
639000 4.36135 4.25875 4.2449
640000 4.36135 4.25875 4.2449
641000 4.36135 4.25875 4.2449
642000 4.36135 4.25875 4.2449
643000 4.36135 4.25875 4.2449
644000 4.36135 4.25875 4.2449
645000 4.36135 4.25875 4.2449
646000 4.36135 4.25875 4.2449
647000 4.36135 4.25875 4.2449
648000 4.36135 4.25875 4.2449
649000 4.36135 4.25875 4.2449
650000 4.36135 4.25875 4.2449
651000 4.36135 4.25875 4.2449
652000 4.36135 4.25875 4.2449
653000 4.36135 4.25875 4.2449
654000 4.36135 4.25875 4.2449
655000 4.36135 4.25875 4.2449
656000 4.36135 4.25875 4.2449
657000 4.36135 4.25875 4.2449
658000 4.36135 4.25875 4.2449
659000 4.36135 4.25875 4.2449
660000 4.36135 4.25875 4.2449
661000 4.36135 4.25875 4.2449
662000 4.36135 4.25875 4.2449
663000 4.36135 4.25875 4.2449
664000 4.36135 4.25875 4.2449
665000 4.36135 4.25875 4.2449
666000 4.36135 4.25875 4.2449
667000 4.36135 4.25875 4.2449
668000 4.36135 4.25875 4.2449
669000 4.36135 4.25875 4.2449
670000 4.36135 4.25875 4.2449
671000 4.36135 4.25875 4.2449
672000 4.36135 4.25875 4.2449
673000 4.36135 4.25875 4.2449
674000 4.36135 4.25875 4.2449
675000 4.36135 4.25875 4.2449
676000 4.36135 4.25875 4.2449
677000 4.36135 4.25875 4.2449
678000 4.36135 4.25875 4.2449
679000 4.36135 4.25875 4.2449
680000 4.36135 4.25875 4.2449
681000 4.36135 4.25875 4.2449
682000 4.36135 4.25875 4.2449
683000 4.36135 4.25875 4.2449
684000 4.36135 4.25875 4.2449
685000 4.36135 4.25875 4.2449
686000 4.36135 4.25875 4.2449
687000 4.36135 4.25875 4.2449
688000 4.36135 4.25875 4.2449
689000 4.36135 4.25875 4.2449
690000 4.36135 4.25875 4.2449
691000 4.36135 4.25875 4.2449
692000 4.36135 4.25875 4.2449
693000 4.36135 4.25875 4.2449
694000 4.36135 4.25875 4.2449
695000 4.36135 4.25875 4.2449
696000 4.36135 4.25875 4.2449
697000 4.36135 4.25875 4.2449
698000 4.36135 4.25875 4.2449
699000 4.36135 4.25875 4.2449
700000 4.36135 4.25875 4.2449
701000 4.36135 4.25875 4.2449
702000 4.36135 4.25875 4.2449
703000 4.36135 4.25875 4.2449
704000 4.36135 4.25875 4.2449
705000 4.36135 4.25875 4.2449
706000 4.36135 4.25875 4.2449
707000 4.36135 4.25875 4.2449
708000 4.36135 4.25875 4.2449
709000 4.36135 4.25875 4.2449
710000 4.36135 4.25875 4.2449
711000 4.36135 4.25875 4.2449
712000 4.36135 4.25875 4.2449
713000 4.36135 4.25875 4.2449
714000 4.36135 4.25875 4.2449
715000 4.36135 4.25875 4.2449
716000 4.36135 4.25875 4.2449
717000 4.36135 4.25875 4.2449
718000 4.36135 4.25875 4.2449
719000 4.36135 4.25875 4.2449
720000 4.36135 4.25875 4.2449
721000 4.36135 4.25875 4.2449
722000 4.36135 4.25875 4.2449
723000 4.36135 4.25875 4.2449
724000 4.36135 4.25875 4.2449
725000 4.36135 4.25875 4.2449
726000 4.36135 4.25875 4.2449
727000 4.36135 4.25875 4.2449
728000 4.36135 4.25875 4.2449
729000 4.36135 4.25875 4.2449
730000 4.36135 4.25875 4.2449
731000 4.36135 4.25875 4.2449
732000 4.36135 4.25875 4.2449
733000 4.36135 4.25875 4.2449
734000 4.36135 4.25875 4.2449
735000 4.36135 4.25875 4.2449
736000 4.36135 4.25875 4.2449
737000 4.36135 4.25875 4.2449
738000 4.36135 4.25875 4.2449
739000 4.36135 4.25875 4.2449
740000 4.36135 4.25875 4.2449
741000 4.36135 4.25875 4.2449
742000 4.36135 4.25875 4.2449
743000 4.36135 4.25875 4.2449
744000 4.36135 4.25875 4.2449
745000 4.36135 4.25875 4.2449
746000 4.36135 4.25875 4.2449
747000 4.36135 4.25875 4.2449
748000 4.36135 4.25875 4.2449
749000 4.36135 4.25875 4.2449
750000 4.36135 4.25875 4.2449
751000 4.36135 4.25875 4.2449
752000 4.36135 4.25875 4.2449
753000 4.36135 4.25875 4.2449
754000 4.36135 4.25875 4.2449
755000 4.36135 4.25875 4.2449
756000 4.36135 4.25875 4.2449
757000 4.36135 4.25875 4.2449
758000 4.36135 4.25875 4.2449
759000 4.36135 4.25875 4.2449
760000 4.36135 4.25875 4.2449
761000 4.36135 4.25875 4.2449
762000 4.36135 4.25875 4.2449
763000 4.36135 4.25875 4.2449
764000 4.36135 4.25875 4.2449
765000 4.36135 4.25875 4.2449
766000 4.36135 4.25875 4.2449
767000 4.36135 4.25875 4.2449
768000 4.36135 4.25875 4.2449
769000 4.36135 4.25875 4.2449
770000 4.36135 4.25875 4.2449
771000 4.36135 4.25875 4.2449
772000 4.36135 4.25875 4.2449
773000 4.36135 4.25875 4.2449
774000 4.36135 4.25875 4.2449
775000 4.36135 4.25875 4.2449
776000 4.36135 4.25875 4.2449
777000 4.36135 4.25875 4.2449
778000 4.36135 4.25875 4.2449
779000 4.36135 4.25875 4.2449
780000 4.36135 4.25875 4.2449
781000 4.36135 4.25875 4.2449
782000 4.36135 4.25875 4.2449
783000 4.36135 4.25875 4.2449
784000 4.36135 4.25875 4.2449
785000 4.36135 4.25875 4.2449
786000 4.36135 4.25875 4.2449
787000 4.36135 4.25875 4.2449
788000 4.36135 4.25875 4.2449
789000 4.36135 4.25875 4.2449
790000 4.36135 4.25875 4.2449
791000 4.36135 4.25875 4.2449
792000 4.36135 4.25875 4.2449
793000 4.36135 4.25875 4.2449
794000 4.36135 4.25875 4.2449
795000 4.36135 4.25875 4.2449
796000 4.36135 4.25875 4.2449
797000 4.36135 4.25875 4.2449
798000 4.36135 4.25875 4.2449
799000 4.36135 4.25875 4.2449
800000 4.36135 4.25875 4.2449
801000 4.36135 4.25875 4.2449
802000 4.36135 4.25875 4.2449
803000 4.36135 4.25875 4.2449
804000 4.36135 4.25875 4.2449
805000 4.36135 4.25875 4.2449
806000 4.36135 4.25875 4.2449
807000 4.36135 4.25875 4.2449
808000 4.36135 4.25875 4.2449
809000 4.36135 4.25875 4.2449
810000 4.36135 4.25875 4.2449
811000 4.36135 4.25875 4.2449
812000 4.36135 4.25875 4.2449
813000 4.36135 4.25875 4.2449
814000 4.36135 4.25875 4.2449
815000 4.36135 4.25875 4.2449
816000 4.36135 4.25875 4.2449
817000 4.36135 4.25875 4.2449
818000 4.36135 4.25875 4.2449
819000 4.36135 4.25875 4.2449
820000 4.36135 4.25875 4.2449
821000 4.36135 4.25875 4.2449
822000 4.36135 4.25875 4.2449
823000 4.36135 4.25875 4.2449
824000 4.36135 4.25875 4.2449
825000 4.36135 4.25875 4.2449
826000 4.36135 4.25875 4.2449
827000 4.36135 4.25875 4.2449
828000 4.36135 4.25875 4.2449
829000 4.36135 4.25875 4.2449
830000 4.36135 4.25875 4.2449
831000 4.36135 4.25875 4.2449
832000 4.36135 4.25875 4.2449
833000 4.36135 4.25875 4.2449
834000 4.36135 4.25875 4.2449
835000 4.36135 4.25875 4.2449
836000 4.36135 4.25875 4.2449
837000 4.36135 4.25875 4.2449
838000 4.36135 4.25875 4.2449
839000 4.36135 4.25875 4.2449
840000 4.36135 4.25875 4.2449
841000 4.36135 4.25875 4.2449
842000 4.36135 4.25875 4.2449
843000 4.36135 4.25875 4.2449
844000 4.36135 4.25875 4.2449
845000 4.36135 4.25875 4.2449
846000 4.36135 4.25875 4.2449
847000 4.36135 4.25875 4.2449
848000 4.36135 4.25875 4.2449
849000 4.36135 4.25875 4.2449
850000 4.36135 4.25875 4.2449
851000 4.36135 4.25875 4.2449
852000 4.36135 4.25875 4.2449
853000 4.36135 4.25875 4.2449
854000 4.36135 4.25875 4.2449
855000 4.36135 4.25875 4.2449
856000 4.36135 4.25875 4.2449
857000 4.36135 4.25875 4.2449
858000 4.36135 4.25875 4.2449
859000 4.36135 4.25875 4.2449
860000 4.36135 4.25875 4.2449
861000 4.36135 4.25875 4.2449
862000 4.36135 4.25875 4.2449
863000 4.36135 4.25875 4.2449
864000 4.36135 4.25875 4.2449
865000 4.36135 4.25875 4.2449
866000 4.36135 4.25875 4.2449
867000 4.36135 4.25875 4.2449
868000 4.36135 4.25875 4.2449
869000 4.36135 4.25875 4.2449
870000 4.36135 4.25875 4.2449
871000 4.36135 4.25875 4.2449
872000 4.36135 4.25875 4.2449
873000 4.36135 4.25875 4.2449
874000 4.36135 4.25875 4.2449
875000 4.36135 4.25875 4.2449
876000 4.36135 4.25875 4.2449
877000 4.36135 4.25875 4.2449
878000 4.36135 4.25875 4.2449
879000 4.36135 4.25875 4.2449
880000 4.36135 4.25875 4.2449
881000 4.36135 4.25875 4.2449
882000 4.36135 4.25875 4.2449
883000 4.36135 4.25875 4.2449
884000 4.36135 4.25875 4.2449
885000 4.36135 4.25875 4.2449
886000 4.36135 4.25875 4.2449
887000 4.36135 4.25875 4.2449
888000 4.36135 4.25875 4.2449
889000 4.36135 4.25875 4.2449
890000 4.36135 4.25875 4.2449
891000 4.36135 4.25875 4.2449
892000 4.36135 4.25875 4.2449
893000 4.36135 4.25875 4.2449
894000 4.36135 4.25875 4.2449
895000 4.36135 4.25875 4.2449
896000 4.36135 4.25875 4.2449
897000 4.36135 4.25875 4.2449
898000 4.36135 4.25875 4.2449
899000 4.36135 4.25875 4.2449
900000 4.36135 4.25875 4.2449
901000 4.36135 4.25875 4.2449
902000 4.36135 4.25875 4.2449
903000 4.36135 4.25875 4.2449
904000 4.36135 4.25875 4.2449
905000 4.36135 4.25875 4.2449
906000 4.36135 4.25875 4.2449
907000 4.36135 4.25875 4.2449
908000 4.36135 4.25875 4.2449
909000 4.36135 4.25875 4.2449
910000 4.36135 4.25875 4.2449
911000 4.36135 4.25875 4.2449
912000 4.36135 4.25875 4.2449
913000 4.36135 4.25875 4.2449
914000 4.36135 4.25875 4.2449
915000 4.36135 4.25875 4.2449
916000 4.36135 4.25875 4.2449
917000 4.36135 4.25875 4.2449
918000 4.36135 4.25875 4.2449
919000 4.36135 4.25875 4.2449
920000 4.36135 4.25875 4.2449
921000 4.36135 4.25875 4.2449
922000 4.36135 4.25875 4.2449
923000 4.36135 4.25875 4.2449
924000 4.36135 4.25875 4.2449
925000 4.36135 4.25875 4.2449
926000 4.36135 4.25875 4.2449
927000 4.36135 4.25875 4.2449
928000 4.36135 4.25875 4.2449
929000 4.36135 4.25875 4.2449
930000 4.36135 4.25875 4.2449
931000 4.36135 4.25875 4.2449
932000 4.36135 4.25875 4.2449
933000 4.36135 4.25875 4.2449
934000 4.36135 4.25875 4.2449
935000 4.36135 4.25875 4.2449
936000 4.36135 4.25875 4.2449
937000 4.36135 4.25875 4.2449
938000 4.36135 4.25875 4.2449
939000 4.36135 4.25875 4.2449
940000 4.36135 4.25875 4.2449
941000 4.36135 4.25875 4.2449
942000 4.36135 4.25875 4.2449
943000 4.36135 4.25875 4.2449
944000 4.36135 4.25875 4.2449
945000 4.36135 4.25875 4.2449
946000 4.36135 4.25875 4.2449
947000 4.36135 4.25875 4.2449
948000 4.36135 4.25875 4.2449
949000 4.36135 4.25875 4.2449
950000 4.36135 4.25875 4.2449
951000 4.36135 4.25875 4.2449
952000 4.36135 4.25875 4.2449
953000 4.36135 4.25875 4.2449
954000 4.36135 4.25875 4.2449
955000 4.36135 4.25875 4.2449
956000 4.36135 4.25875 4.2449
957000 4.36135 4.25875 4.2449
958000 4.36135 4.25875 4.2449
959000 4.36135 4.25875 4.2449
960000 4.36135 4.25875 4.2449
961000 4.36135 4.25875 4.2449
962000 4.36135 4.25875 4.2449
963000 4.36135 4.25875 4.2449
964000 4.36135 4.25875 4.2449
965000 4.36135 4.25875 4.2449
966000 4.36135 4.25875 4.2449
967000 4.36135 4.25875 4.2449
968000 4.36135 4.25875 4.2449
969000 4.36135 4.25875 4.2449
970000 4.36135 4.25875 4.2449
971000 4.36135 4.25875 4.2449
972000 4.36135 4.25875 4.2449
973000 4.36135 4.25875 4.2449
974000 4.36135 4.25875 4.2449
975000 4.36135 4.25875 4.2449
976000 4.36135 4.25875 4.2449
977000 4.36135 4.25875 4.2449
978000 4.36135 4.25875 4.2449
979000 4.36135 4.25875 4.2449
980000 4.36135 4.25875 4.2449
981000 4.36135 4.25875 4.2449
982000 4.36135 4.25875 4.2449
983000 4.36135 4.25875 4.2449
984000 4.36135 4.25875 4.2449
985000 4.36135 4.25875 4.2449
986000 4.36135 4.25875 4.2449
987000 4.36135 4.25875 4.2449
988000 4.36135 4.25875 4.2449
989000 4.36135 4.25875 4.2449
990000 4.36135 4.25875 4.2449
991000 4.36135 4.25875 4.2449
992000 4.36135 4.25875 4.2449
993000 4.36135 4.25875 4.2449
994000 4.36135 4.25875 4.2449
995000 4.36135 4.25875 4.2449
996000 4.36135 4.25875 4.2449
997000 4.36135 4.25875 4.2449
998000 4.36135 4.25875 4.2449
999000 4.36135 4.25875 4.2449
1000000 4.36135 4.25875 4.2449
