# Time-averaged data for fix com
# TimeStep c_com[1] c_com[2] c_com[3]
420 6.72272 7.11032 6.48689
490 6.72272 7.11032 6.48689
560 6.72272 7.11032 6.48689
630 6.72272 7.11032 6.48689
700 6.72272 7.11032 6.48689
770 6.72272 7.11032 6.48689
840 6.72272 7.11032 6.48689
910 6.72272 7.11032 6.48689
980 6.72272 7.11032 6.48689
1050 6.72272 7.11032 6.48689
1120 6.72272 7.11032 6.48689
1190 6.72272 7.11032 6.48689
1260 6.72272 7.11032 6.48689
1330 6.72272 7.11032 6.48689
1400 6.72272 7.11032 6.48689
1470 6.72272 7.11032 6.48689
1540 6.72272 7.11032 6.48689
1610 6.72272 7.11032 6.48689
1680 6.72272 7.11032 6.48689
1750 6.72272 7.11032 6.48689
1820 6.72272 7.11032 6.48689
1890 6.72272 7.11032 6.48689
1960 6.72272 7.11032 6.48689
2030 6.72272 7.11032 6.48689
2100 6.72272 7.11032 6.48689
2170 6.72272 7.11032 6.48689
2240 6.72272 7.11032 6.48689
2310 6.72272 7.11032 6.48689
2380 6.72272 7.11032 6.48689
2450 6.72272 7.11032 6.48689
2520 6.72272 7.11032 6.48689
2590 6.72272 7.11032 6.48689
2660 6.72272 7.11032 6.48689
2730 6.72272 7.11032 6.48689
2800 6.72272 7.11032 6.48689
2870 6.72272 7.11032 6.48689
2940 6.72272 7.11032 6.48689
3010 6.72272 7.11032 6.48689
3080 6.72272 7.11032 6.48689
3150 6.72272 7.11032 6.48689
3220 6.72272 7.11032 6.48689
3290 6.72272 7.11032 6.48689
3360 6.72272 7.11032 6.48689
3430 6.72272 7.11032 6.48689
3500 6.72272 7.11032 6.48689
3570 6.72272 7.11032 6.48689
3640 6.72272 7.11032 6.48689
3710 6.72272 7.11032 6.48689
3780 6.72272 7.11032 6.48689
3850 6.72272 7.11032 6.48689
3920 6.72272 7.11032 6.48689
3990 6.72272 7.11032 6.48689
4060 6.72272 7.11032 6.48689
4130 6.72272 7.11032 6.48689
4200 6.72272 7.11032 6.48689
4270 6.72272 7.11032 6.48689
4340 6.72272 7.11032 6.48689
4410 6.72272 7.11032 6.48689
4480 6.72272 7.11032 6.48689
4550 6.72272 7.11032 6.48689
4620 6.72272 7.11032 6.48689
4690 6.72272 7.11032 6.48689
4760 6.72272 7.11032 6.48689
4830 6.72272 7.11032 6.48689
4900 6.72272 7.11032 6.48689
4970 6.72272 7.11032 6.48689
5040 6.72272 7.11032 6.48689
5110 6.72272 7.11032 6.48689
5180 6.72272 7.11032 6.48689
5250 6.72272 7.11032 6.48689
5320 6.72272 7.11032 6.48689
5390 6.72272 7.11032 6.48689
5460 6.72272 7.11032 6.48689
5530 6.72272 7.11032 6.48689
5600 6.72272 7.11032 6.48689
5670 6.72272 7.11032 6.48689
5740 6.72272 7.11032 6.48689
5810 6.72272 7.11032 6.48689
5880 6.72272 7.11032 6.48689
5950 6.72272 7.11032 6.48689
6020 6.72272 7.11032 6.48689
6090 6.72272 7.11032 6.48689
6160 6.72272 7.11032 6.48689
6230 6.72272 7.11032 6.48689
6300 6.72272 7.11032 6.48689
6370 6.72272 7.11032 6.48689
6440 6.72272 7.11032 6.48689
6510 6.72272 7.11032 6.48689
6580 6.72272 7.11032 6.48689
6650 6.72272 7.11032 6.48689
6720 6.72272 7.11032 6.48689
6790 6.72272 7.11032 6.48689
6860 6.72272 7.11032 6.48689
6930 6.72272 7.11032 6.48689
7000 6.72272 7.11032 6.48689
7070 6.72272 7.11032 6.48689
7140 6.72272 7.11032 6.48689
7210 6.72272 7.11032 6.48689
7280 6.72272 7.11032 6.48689
7350 6.72272 7.11032 6.48689
7420 6.72272 7.11032 6.48689
7490 6.72272 7.11032 6.48689
7560 6.72272 7.11032 6.48689
7630 6.72272 7.11032 6.48689
7700 6.72272 7.11032 6.48689
7770 6.72272 7.11032 6.48689
7840 6.72272 7.11032 6.48689
7910 6.72272 7.11032 6.48689
7980 6.72272 7.11032 6.48689
8050 6.72272 7.11032 6.48689
8120 6.72272 7.11032 6.48689
8190 6.72272 7.11032 6.48689
8260 6.72272 7.11032 6.48689
8330 6.72272 7.11032 6.48689
8400 6.72272 7.11032 6.48689
8470 6.72272 7.11032 6.48689
8540 6.72272 7.11032 6.48689
8610 6.72272 7.11032 6.48689
8680 6.72272 7.11032 6.48689
8750 6.72272 7.11032 6.48689
8820 6.72272 7.11032 6.48689
8890 6.72272 7.11032 6.48689
8960 6.72272 7.11032 6.48689
9030 6.72272 7.11032 6.48689
9100 6.72272 7.11032 6.48689
9170 6.72272 7.11032 6.48689
9240 6.72272 7.11032 6.48689
9310 6.72272 7.11032 6.48689
9380 6.72272 7.11032 6.48689
9450 6.72272 7.11032 6.48689
9520 6.72272 7.11032 6.48689
9590 6.72272 7.11032 6.48689
9660 6.72272 7.11032 6.48689
9730 6.72272 7.11032 6.48689
9800 6.72272 7.11032 6.48689
9870 6.72272 7.11032 6.48689
9940 6.72272 7.11032 6.48689
10010 6.72272 7.11032 6.48689
10080 6.72272 7.11032 6.48689
10150 6.72272 7.11032 6.48689
10220 6.72272 7.11032 6.48689
10290 6.72272 7.11032 6.48689
10360 6.72272 7.11032 6.48689
10430 6.72272 7.11032 6.48689
10500 6.72272 7.11032 6.48689
10570 6.72272 7.11032 6.48689
10640 6.72272 7.11032 6.48689
10710 6.72272 7.11032 6.48689
10780 6.72272 7.11032 6.48689
10850 6.72272 7.11032 6.48689
10920 6.72272 7.11032 6.48689
10990 6.72272 7.11032 6.48689
11060 6.72272 7.11032 6.48689
11130 6.72272 7.11032 6.48689
11200 6.72272 7.11032 6.48689
11270 6.72272 7.11032 6.48689
11340 6.72272 7.11032 6.48689
11410 6.72272 7.11032 6.48689
11480 6.72272 7.11032 6.48689
11550 6.72272 7.11032 6.48689
11620 6.72272 7.11032 6.48689
11690 6.72272 7.11032 6.48689
11760 6.72272 7.11032 6.48689
11830 6.72272 7.11032 6.48689
11900 6.72272 7.11032 6.48689
11970 6.72272 7.11032 6.48689
12040 6.72272 7.11032 6.48689
12110 6.72272 7.11032 6.48689
12180 6.72272 7.11032 6.48689
12250 6.72272 7.11032 6.48689
12320 6.72272 7.11032 6.48689
12390 6.72272 7.11032 6.48689
12460 6.72272 7.11032 6.48689
12530 6.72272 7.11032 6.48689
12600 6.72272 7.11032 6.48689
12670 6.72272 7.11032 6.48689
12740 6.72272 7.11032 6.48689
12810 6.72272 7.11032 6.48689
12880 6.72272 7.11032 6.48689
12950 6.72272 7.11032 6.48689
13020 6.72272 7.11032 6.48689
13090 6.72272 7.11032 6.48689
13160 6.72272 7.11032 6.48689
13230 6.72272 7.11032 6.48689
13300 6.72272 7.11032 6.48689
13370 6.72272 7.11032 6.48689
13440 6.72272 7.11032 6.48689
13510 6.72272 7.11032 6.48689
13580 6.72272 7.11032 6.48689
13650 6.72272 7.11032 6.48689
13720 6.72272 7.11032 6.48689
13790 6.72272 7.11032 6.48689
13860 6.72272 7.11032 6.48689
13930 6.72272 7.11032 6.48689
14000 6.72272 7.11032 6.48689
14070 6.72272 7.11032 6.48689
14140 6.72272 7.11032 6.48689
14210 6.72272 7.11032 6.48689
14280 6.72272 7.11032 6.48689
14350 6.72272 7.11032 6.48689
14420 6.72272 7.11032 6.48689
14490 6.72272 7.11032 6.48689
14560 6.72272 7.11032 6.48689
14630 6.72272 7.11032 6.48689
14700 6.72272 7.11032 6.48689
14770 6.72272 7.11032 6.48689
14840 6.72272 7.11032 6.48689
14910 6.72272 7.11032 6.48689
14980 6.72272 7.11032 6.48689
15050 6.72272 7.11032 6.48689
15120 6.72272 7.11032 6.48689
15190 6.72272 7.11032 6.48689
15260 6.72272 7.11032 6.48689
15330 6.72272 7.11032 6.48689
15400 6.72272 7.11032 6.48689
15470 6.72272 7.11032 6.48689
15540 6.72272 7.11032 6.48689
15610 6.72272 7.11032 6.48689
15680 6.72272 7.11032 6.48689
15750 6.72272 7.11032 6.48689
15820 6.72272 7.11032 6.48689
15890 6.72272 7.11032 6.48689
15960 6.72272 7.11032 6.48689
16030 6.72272 7.11032 6.48689
16100 6.72272 7.11032 6.48689
16170 6.72272 7.11032 6.48689
16240 6.72272 7.11032 6.48689
16310 6.72272 7.11032 6.48689
16380 6.72272 7.11032 6.48689
16450 6.72272 7.11032 6.48689
16520 6.72272 7.11032 6.48689
16590 6.72272 7.11032 6.48689
16660 6.72272 7.11032 6.48689
16730 6.72272 7.11032 6.48689
16800 6.72272 7.11032 6.48689
16870 6.72272 7.11032 6.48689
16940 6.72272 7.11032 6.48689
17010 6.72272 7.11032 6.48689
17080 6.72272 7.11032 6.48689
17150 6.72272 7.11032 6.48689
17220 6.72272 7.11032 6.48689
17290 6.72272 7.11032 6.48689
17360 6.72272 7.11032 6.48689
17430 6.72272 7.11032 6.48689
17500 6.72272 7.11032 6.48689
17570 6.72272 7.11032 6.48689
17640 6.72272 7.11032 6.48689
17710 6.72272 7.11032 6.48689
17780 6.72272 7.11032 6.48689
17850 6.72272 7.11032 6.48689
17920 6.72272 7.11032 6.48689
17990 6.72272 7.11032 6.48689
18060 6.72272 7.11032 6.48689
18130 6.72272 7.11032 6.48689
18200 6.72272 7.11032 6.48689
18270 6.72272 7.11032 6.48689
18340 6.72272 7.11032 6.48689
18410 6.72272 7.11032 6.48689
18480 6.72272 7.11032 6.48689
18550 6.72272 7.11032 6.48689
18620 6.72272 7.11032 6.48689
18690 6.72272 7.11032 6.48689
18760 6.72272 7.11032 6.48689
18830 6.72272 7.11032 6.48689
18900 6.72272 7.11032 6.48689
18970 6.72272 7.11032 6.48689
19040 6.72272 7.11032 6.48689
19110 6.72272 7.11032 6.48689
19180 6.72272 7.11032 6.48689
19250 6.72272 7.11032 6.48689
19320 6.72272 7.11032 6.48689
19390 6.72272 7.11032 6.48689
19460 6.72272 7.11032 6.48689
19530 6.72272 7.11032 6.48689
19600 6.72272 7.11032 6.48689
19670 6.72272 7.11032 6.48689
19740 6.72272 7.11032 6.48689
19810 6.72272 7.11032 6.48689
19880 6.72272 7.11032 6.48689
19950 6.72272 7.11032 6.48689
20020 6.72272 7.11032 6.48689
20090 6.72272 7.11032 6.48689
20160 6.72272 7.11032 6.48689
20230 6.72272 7.11032 6.48689
20300 6.72272 7.11032 6.48689
20370 6.72272 7.11032 6.48689
20440 6.72272 7.11032 6.48689
20510 6.72272 7.11032 6.48689
20580 6.72272 7.11032 6.48689
20650 6.72272 7.11032 6.48689
20720 6.72272 7.11032 6.48689
20790 6.72272 7.11032 6.48689
20860 6.72272 7.11032 6.48689
20930 6.72272 7.11032 6.48689
21000 6.72272 7.11032 6.48689
21070 6.72272 7.11032 6.48689
21140 6.72272 7.11032 6.48689
21210 6.72272 7.11032 6.48689
21280 6.72272 7.11032 6.48689
21350 6.72272 7.11032 6.48689
21420 6.72272 7.11032 6.48689
21490 6.72272 7.11032 6.48689
21560 6.72272 7.11032 6.48689
21630 6.72272 7.11032 6.48689
21700 6.72272 7.11032 6.48689
21770 6.72272 7.11032 6.48689
21840 6.72272 7.11032 6.48689
21910 6.72272 7.11032 6.48689
21980 6.72272 7.11032 6.48689
22050 6.72272 7.11032 6.48689
22120 6.72272 7.11032 6.48689
22190 6.72272 7.11032 6.48689
22260 6.72272 7.11032 6.48689
22330 6.72272 7.11032 6.48689
22400 6.72272 7.11032 6.48689
22470 6.72272 7.11032 6.48689
22540 6.72272 7.11032 6.48689
22610 6.72272 7.11032 6.48689
22680 6.72272 7.11032 6.48689
22750 6.72272 7.11032 6.48689
22820 6.72272 7.11032 6.48689
22890 6.72272 7.11032 6.48689
22960 6.72272 7.11032 6.48689
23030 6.72272 7.11032 6.48689
23100 6.72272 7.11032 6.48689
23170 6.72272 7.11032 6.48689
23240 6.72272 7.11032 6.48689
23310 6.72272 7.11032 6.48689
23380 6.72272 7.11032 6.48689
23450 6.72272 7.11032 6.48689
23520 6.72272 7.11032 6.48689
23590 6.72272 7.11032 6.48689
23660 6.72272 7.11032 6.48689
23730 6.72272 7.11032 6.48689
23800 6.72272 7.11032 6.48689
23870 6.72272 7.11032 6.48689
23940 6.72272 7.11032 6.48689
24010 6.72272 7.11032 6.48689
24080 6.72272 7.11032 6.48689
24150 6.72272 7.11032 6.48689
24220 6.72272 7.11032 6.48689
24290 6.72272 7.11032 6.48689
24360 6.72272 7.11032 6.48689
24430 6.72272 7.11032 6.48689
24500 6.72272 7.11032 6.48689
24570 6.72272 7.11032 6.48689
24640 6.72272 7.11032 6.48689
24710 6.72272 7.11032 6.48689
24780 6.72272 7.11032 6.48689
24850 6.72272 7.11032 6.48689
24920 6.72272 7.11032 6.48689
24990 6.72272 7.11032 6.48689
25060 6.72272 7.11032 6.48689
25130 6.72272 7.11032 6.48689
25200 6.72272 7.11032 6.48689
25270 6.72272 7.11032 6.48689
25340 6.72272 7.11032 6.48689
25410 6.72272 7.11032 6.48689
25480 6.72272 7.11032 6.48689
25550 6.72272 7.11032 6.48689
25620 6.72272 7.11032 6.48689
25690 6.72272 7.11032 6.48689
25760 6.72272 7.11032 6.48689
25830 6.72272 7.11032 6.48689
25900 6.72272 7.11032 6.48689
25970 6.72272 7.11032 6.48689
26040 6.72272 7.11032 6.48689
26110 6.72272 7.11032 6.48689
26180 6.72272 7.11032 6.48689
26250 6.72272 7.11032 6.48689
26320 6.72272 7.11032 6.48689
26390 6.72272 7.11032 6.48689
26460 6.72272 7.11032 6.48689
26530 6.72272 7.11032 6.48689
26600 6.72272 7.11032 6.48689
26670 6.72272 7.11032 6.48689
26740 6.72272 7.11032 6.48689
26810 6.72272 7.11032 6.48689
26880 6.72272 7.11032 6.48689
26950 6.72272 7.11032 6.48689
27020 6.72272 7.11032 6.48689
27090 6.72272 7.11032 6.48689
27160 6.72272 7.11032 6.48689
27230 6.72272 7.11032 6.48689
27300 6.72272 7.11032 6.48689
27370 6.72272 7.11032 6.48689
27440 6.72272 7.11032 6.48689
27510 6.72272 7.11032 6.48689
27580 6.72272 7.11032 6.48689
27650 6.72272 7.11032 6.48689
27720 6.72272 7.11032 6.48689
27790 6.72272 7.11032 6.48689
27860 6.72272 7.11032 6.48689
27930 6.72272 7.11032 6.48689
28000 6.72272 7.11032 6.48689
28070 6.72272 7.11032 6.48689
28140 6.72272 7.11032 6.48689
28210 6.72272 7.11032 6.48689
28280 6.72272 7.11032 6.48689
28350 6.72272 7.11032 6.48689
28420 6.72272 7.11032 6.48689
28490 6.72272 7.11032 6.48689
28560 6.72272 7.11032 6.48689
28630 6.72272 7.11032 6.48689
28700 6.72272 7.11032 6.48689
28770 6.72272 7.11032 6.48689
28840 6.72272 7.11032 6.48689
28910 6.72272 7.11032 6.48689
28980 6.72272 7.11032 6.48689
29050 6.72272 7.11032 6.48689
29120 6.72272 7.11032 6.48689
29190 6.72272 7.11032 6.48689
29260 6.72272 7.11032 6.48689
29330 6.72272 7.11032 6.48689
29400 6.72272 7.11032 6.48689
29470 6.72272 7.11032 6.48689
29540 6.72272 7.11032 6.48689
29610 6.72272 7.11032 6.48689
29680 6.72272 7.11032 6.48689
29750 6.72272 7.11032 6.48689
29820 6.72272 7.11032 6.48689
29890 6.72272 7.11032 6.48689
29960 6.72272 7.11032 6.48689
30030 6.72272 7.11032 6.48689
30100 6.72272 7.11032 6.48689
30170 6.72272 7.11032 6.48689
30240 6.72272 7.11032 6.48689
30310 6.72272 7.11032 6.48689
30380 6.72272 7.11032 6.48689
30450 6.72272 7.11032 6.48689
30520 6.72272 7.11032 6.48689
30590 6.72272 7.11032 6.48689
30660 6.72272 7.11032 6.48689
30730 6.72272 7.11032 6.48689
30800 6.72272 7.11032 6.48689
30870 6.72272 7.11032 6.48689
30940 6.72272 7.11032 6.48689
31010 6.72272 7.11032 6.48689
31080 6.72272 7.11032 6.48689
31150 6.72272 7.11032 6.48689
31220 6.72272 7.11032 6.48689
31290 6.72272 7.11032 6.48689
31360 6.72272 7.11032 6.48689
31430 6.72272 7.11032 6.48689
31500 6.72272 7.11032 6.48689
31570 6.72272 7.11032 6.48689
31640 6.72272 7.11032 6.48689
31710 6.72272 7.11032 6.48689
31780 6.72272 7.11032 6.48689
31850 6.72272 7.11032 6.48689
31920 6.72272 7.11032 6.48689
31990 6.72272 7.11032 6.48689
32060 6.72272 7.11032 6.48689
32130 6.72272 7.11032 6.48689
32200 6.72272 7.11032 6.48689
32270 6.72272 7.11032 6.48689
32340 6.72272 7.11032 6.48689
32410 6.72272 7.11032 6.48689
32480 6.72272 7.11032 6.48689
32550 6.72272 7.11032 6.48689
32620 6.72272 7.11032 6.48689
32690 6.72272 7.11032 6.48689
32760 6.72272 7.11032 6.48689
32830 6.72272 7.11032 6.48689
32900 6.72272 7.11032 6.48689
32970 6.72272 7.11032 6.48689
33040 6.72272 7.11032 6.48689
33110 6.72272 7.11032 6.48689
33180 6.72272 7.11032 6.48689
33250 6.72272 7.11032 6.48689
33320 6.72272 7.11032 6.48689
33390 6.72272 7.11032 6.48689
33460 6.72272 7.11032 6.48689
33530 6.72272 7.11032 6.48689
33600 6.72272 7.11032 6.48689
33670 6.72272 7.11032 6.48689
33740 6.72272 7.11032 6.48689
33810 6.72272 7.11032 6.48689
33880 6.72272 7.11032 6.48689
33950 6.72272 7.11032 6.48689
34020 6.72272 7.11032 6.48689
34090 6.72272 7.11032 6.48689
34160 6.72272 7.11032 6.48689
34230 6.72272 7.11032 6.48689
34300 6.72272 7.11032 6.48689
34370 6.72272 7.11032 6.48689
34440 6.72272 7.11032 6.48689
34510 6.72272 7.11032 6.48689
34580 6.72272 7.11032 6.48689
34650 6.72272 7.11032 6.48689
34720 6.72272 7.11032 6.48689
34790 6.72272 7.11032 6.48689
34860 6.72272 7.11032 6.48689
34930 6.72272 7.11032 6.48689
35000 6.72272 7.11032 6.48689
35070 6.72272 7.11032 6.48689
35140 6.72272 7.11032 6.48689
35210 6.72272 7.11032 6.48689
35280 6.72272 7.11032 6.48689
35350 6.72272 7.11032 6.48689
35420 6.72272 7.11032 6.48689
35490 6.72272 7.11032 6.48689
35560 6.72272 7.11032 6.48689
35630 6.72272 7.11032 6.48689
35700 6.72272 7.11032 6.48689
35770 6.72272 7.11032 6.48689
35840 6.72272 7.11032 6.48689
35910 6.72272 7.11032 6.48689
35980 6.72272 7.11032 6.48689
36050 6.72272 7.11032 6.48689
36120 6.72272 7.11032 6.48689
36190 6.72272 7.11032 6.48689
36260 6.72272 7.11032 6.48689
36330 6.72272 7.11032 6.48689
36400 6.72272 7.11032 6.48689
36470 6.72272 7.11032 6.48689
36540 6.72272 7.11032 6.48689
36610 6.72272 7.11032 6.48689
36680 6.72272 7.11032 6.48689
36750 6.72272 7.11032 6.48689
36820 6.72272 7.11032 6.48689
36890 6.72272 7.11032 6.48689
36960 6.72272 7.11032 6.48689
37030 6.72272 7.11032 6.48689
37100 6.72272 7.11032 6.48689
37170 6.72272 7.11032 6.48689
37240 6.72272 7.11032 6.48689
37310 6.72272 7.11032 6.48689
37380 6.72272 7.11032 6.48689
37450 6.72272 7.11032 6.48689
37520 6.72272 7.11032 6.48689
37590 6.72272 7.11032 6.48689
37660 6.72272 7.11032 6.48689
37730 6.72272 7.11032 6.48689
37800 6.72272 7.11032 6.48689
37870 6.72272 7.11032 6.48689
37940 6.72272 7.11032 6.48689
38010 6.72272 7.11032 6.48689
38080 6.72272 7.11032 6.48689
38150 6.72272 7.11032 6.48689
38220 6.72272 7.11032 6.48689
38290 6.72272 7.11032 6.48689
38360 6.72272 7.11032 6.48689
38430 6.72272 7.11032 6.48689
38500 6.72272 7.11032 6.48689
38570 6.72272 7.11032 6.48689
38640 6.72272 7.11032 6.48689
38710 6.72272 7.11032 6.48689
38780 6.72272 7.11032 6.48689
38850 6.72272 7.11032 6.48689
38920 6.72272 7.11032 6.48689
38990 6.72272 7.11032 6.48689
39060 6.72272 7.11032 6.48689
39130 6.72272 7.11032 6.48689
39200 6.72272 7.11032 6.48689
39270 6.72272 7.11032 6.48689
39340 6.72272 7.11032 6.48689
39410 6.72272 7.11032 6.48689
39480 6.72272 7.11032 6.48689
39550 6.72272 7.11032 6.48689
39620 6.72272 7.11032 6.48689
39690 6.72272 7.11032 6.48689
39760 6.72272 7.11032 6.48689
39830 6.72272 7.11032 6.48689
39900 6.72272 7.11032 6.48689
39970 6.72272 7.11032 6.48689
40040 6.72272 7.11032 6.48689
40110 6.72272 7.11032 6.48689
40180 6.72272 7.11032 6.48689
40250 6.72272 7.11032 6.48689
40320 6.72272 7.11032 6.48689
40390 6.72272 7.11032 6.48689
40460 6.72272 7.11032 6.48689
40530 6.72272 7.11032 6.48689
40600 6.72272 7.11032 6.48689
40670 6.72272 7.11032 6.48689
40740 6.72272 7.11032 6.48689
40810 6.72272 7.11032 6.48689
40880 6.72272 7.11032 6.48689
40950 6.72272 7.11032 6.48689
41020 6.72272 7.11032 6.48689
41090 6.72272 7.11032 6.48689
41160 6.72272 7.11032 6.48689
41230 6.72272 7.11032 6.48689
41300 6.72272 7.11032 6.48689
41370 6.72272 7.11032 6.48689
41440 6.72272 7.11032 6.48689
41510 6.72272 7.11032 6.48689
41580 6.72272 7.11032 6.48689
41650 6.72272 7.11032 6.48689
41720 6.72272 7.11032 6.48689
41790 6.72272 7.11032 6.48689
41860 6.72272 7.11032 6.48689
41930 6.72272 7.11032 6.48689
42000 6.72272 7.11032 6.48689
42070 6.72272 7.11032 6.48689
42140 6.72272 7.11032 6.48689
42210 6.72272 7.11032 6.48689
42280 6.72272 7.11032 6.48689
42350 6.72272 7.11032 6.48689
42420 6.72272 7.11032 6.48689
42490 6.72272 7.11032 6.48689
42560 6.72272 7.11032 6.48689
42630 6.72272 7.11032 6.48689
42700 6.72272 7.11032 6.48689
42770 6.72272 7.11032 6.48689
42840 6.72272 7.11032 6.48689
42910 6.72272 7.11032 6.48689
42980 6.72272 7.11032 6.48689
43050 6.72272 7.11032 6.48689
43120 6.72272 7.11032 6.48689
43190 6.72272 7.11032 6.48689
43260 6.72272 7.11032 6.48689
43330 6.72272 7.11032 6.48689
43400 6.72272 7.11032 6.48689
43470 6.72272 7.11032 6.48689
43540 6.72272 7.11032 6.48689
43610 6.72272 7.11032 6.48689
43680 6.72272 7.11032 6.48689
43750 6.72272 7.11032 6.48689
43820 6.72272 7.11032 6.48689
43890 6.72272 7.11032 6.48689
43960 6.72272 7.11032 6.48689
44030 6.72272 7.11032 6.48689
44100 6.72272 7.11032 6.48689
44170 6.72272 7.11032 6.48689
44240 6.72272 7.11032 6.48689
44310 6.72272 7.11032 6.48689
44380 6.72272 7.11032 6.48689
44450 6.72272 7.11032 6.48689
44520 6.72272 7.11032 6.48689
44590 6.72272 7.11032 6.48689
44660 6.72272 7.11032 6.48689
44730 6.72272 7.11032 6.48689
44800 6.72272 7.11032 6.48689
44870 6.72272 7.11032 6.48689
44940 6.72272 7.11032 6.48689
45010 6.72272 7.11032 6.48689
45080 6.72272 7.11032 6.48689
45150 6.72272 7.11032 6.48689
45220 6.72272 7.11032 6.48689
45290 6.72272 7.11032 6.48689
45360 6.72272 7.11032 6.48689
45430 6.72272 7.11032 6.48689
45500 6.72272 7.11032 6.48689
45570 6.72272 7.11032 6.48689
45640 6.72272 7.11032 6.48689
45710 6.72272 7.11032 6.48689
45780 6.72272 7.11032 6.48689
45850 6.72272 7.11032 6.48689
45920 6.72272 7.11032 6.48689
45990 6.72272 7.11032 6.48689
46060 6.72272 7.11032 6.48689
46130 6.72272 7.11032 6.48689
46200 6.72272 7.11032 6.48689
46270 6.72272 7.11032 6.48689
46340 6.72272 7.11032 6.48689
46410 6.72272 7.11032 6.48689
46480 6.72272 7.11032 6.48689
46550 6.72272 7.11032 6.48689
46620 6.72272 7.11032 6.48689
46690 6.72272 7.11032 6.48689
46760 6.72272 7.11032 6.48689
46830 6.72272 7.11032 6.48689
46900 6.72272 7.11032 6.48689
46970 6.72272 7.11032 6.48689
47040 6.72272 7.11032 6.48689
47110 6.72272 7.11032 6.48689
47180 6.72272 7.11032 6.48689
47250 6.72272 7.11032 6.48689
47320 6.72272 7.11032 6.48689
47390 6.72272 7.11032 6.48689
47460 6.72272 7.11032 6.48689
47530 6.72272 7.11032 6.48689
47600 6.72272 7.11032 6.48689
47670 6.72272 7.11032 6.48689
47740 6.72272 7.11032 6.48689
47810 6.72272 7.11032 6.48689
47880 6.72272 7.11032 6.48689
47950 6.72272 7.11032 6.48689
48020 6.72272 7.11032 6.48689
48090 6.72272 7.11032 6.48689
48160 6.72272 7.11032 6.48689
48230 6.72272 7.11032 6.48689
48300 6.72272 7.11032 6.48689
48370 6.72272 7.11032 6.48689
48440 6.72272 7.11032 6.48689
48510 6.72272 7.11032 6.48689
48580 6.72272 7.11032 6.48689
48650 6.72272 7.11032 6.48689
48720 6.72272 7.11032 6.48689
48790 6.72272 7.11032 6.48689
48860 6.72272 7.11032 6.48689
48930 6.72272 7.11032 6.48689
49000 6.72272 7.11032 6.48689
49070 6.72272 7.11032 6.48689
49140 6.72272 7.11032 6.48689
49210 6.72272 7.11032 6.48689
49280 6.72272 7.11032 6.48689
49350 6.72272 7.11032 6.48689
49420 6.72272 7.11032 6.48689
49490 6.72272 7.11032 6.48689
49560 6.72272 7.11032 6.48689
49630 6.72272 7.11032 6.48689
49700 6.72272 7.11032 6.48689
49770 6.72272 7.11032 6.48689
49840 6.72272 7.11032 6.48689
49910 6.72272 7.11032 6.48689
49980 6.72272 7.11032 6.48689
50050 6.72272 7.11032 6.48689
50120 6.72272 7.11032 6.48689
50190 6.72272 7.11032 6.48689
50260 6.72272 7.11032 6.48689
50330 6.72272 7.11032 6.48689
50400 6.72272 7.11032 6.48689
50470 6.72272 7.11032 6.48689
50540 6.72272 7.11032 6.48689
50610 6.72272 7.11032 6.48689
50680 6.72272 7.11032 6.48689
50750 6.72272 7.11032 6.48689
50820 6.72272 7.11032 6.48689
50890 6.72272 7.11032 6.48689
50960 6.72272 7.11032 6.48689
51030 6.72272 7.11032 6.48689
51100 6.72272 7.11032 6.48689
51170 6.72272 7.11032 6.48689
51240 6.72272 7.11032 6.48689
51310 6.72272 7.11032 6.48689
51380 6.72272 7.11032 6.48689
51450 6.72272 7.11032 6.48689
51520 6.72272 7.11032 6.48689
51590 6.72272 7.11032 6.48689
51660 6.72272 7.11032 6.48689
51730 6.72272 7.11032 6.48689
51800 6.72272 7.11032 6.48689
51870 6.72272 7.11032 6.48689
51940 6.72272 7.11032 6.48689
52010 6.72272 7.11032 6.48689
52080 6.72272 7.11032 6.48689
52150 6.72272 7.11032 6.48689
52220 6.72272 7.11032 6.48689
52290 6.72272 7.11032 6.48689
52360 6.72272 7.11032 6.48689
52430 6.72272 7.11032 6.48689
52500 6.72272 7.11032 6.48689
52570 6.72272 7.11032 6.48689
52640 6.72272 7.11032 6.48689
52710 6.72272 7.11032 6.48689
52780 6.72272 7.11032 6.48689
52850 6.72272 7.11032 6.48689
52920 6.72272 7.11032 6.48689
52990 6.72272 7.11032 6.48689
53060 6.72272 7.11032 6.48689
53130 6.72272 7.11032 6.48689
53200 6.72272 7.11032 6.48689
53270 6.72272 7.11032 6.48689
53340 6.72272 7.11032 6.48689
53410 6.72272 7.11032 6.48689
53480 6.72272 7.11032 6.48689
53550 6.72272 7.11032 6.48689
53620 6.72272 7.11032 6.48689
53690 6.72272 7.11032 6.48689
53760 6.72272 7.11032 6.48689
53830 6.72272 7.11032 6.48689
53900 6.72272 7.11032 6.48689
53970 6.72272 7.11032 6.48689
54040 6.72272 7.11032 6.48689
54110 6.72272 7.11032 6.48689
54180 6.72272 7.11032 6.48689
54250 6.72272 7.11032 6.48689
54320 6.72272 7.11032 6.48689
54390 6.72272 7.11032 6.48689
54460 6.72272 7.11032 6.48689
54530 6.72272 7.11032 6.48689
54600 6.72272 7.11032 6.48689
54670 6.72272 7.11032 6.48689
54740 6.72272 7.11032 6.48689
54810 6.72272 7.11032 6.48689
54880 6.72272 7.11032 6.48689
54950 6.72272 7.11032 6.48689
55020 6.72272 7.11032 6.48689
55090 6.72272 7.11032 6.48689
55160 6.72272 7.11032 6.48689
55230 6.72272 7.11032 6.48689
55300 6.72272 7.11032 6.48689
55370 6.72272 7.11032 6.48689
55440 6.72272 7.11032 6.48689
55510 6.72272 7.11032 6.48689
55580 6.72272 7.11032 6.48689
55650 6.72272 7.11032 6.48689
55720 6.72272 7.11032 6.48689
55790 6.72272 7.11032 6.48689
55860 6.72272 7.11032 6.48689
55930 6.72272 7.11032 6.48689
56000 6.72272 7.11032 6.48689
56070 6.72272 7.11032 6.48689
56140 6.72272 7.11032 6.48689
56210 6.72272 7.11032 6.48689
56280 6.72272 7.11032 6.48689
56350 6.72272 7.11032 6.48689
56420 6.72272 7.11032 6.48689
56490 6.72272 7.11032 6.48689
56560 6.72272 7.11032 6.48689
56630 6.72272 7.11032 6.48689
56700 6.72272 7.11032 6.48689
56770 6.72272 7.11032 6.48689
56840 6.72272 7.11032 6.48689
56910 6.72272 7.11032 6.48689
56980 6.72272 7.11032 6.48689
57050 6.72272 7.11032 6.48689
57120 6.72272 7.11032 6.48689
57190 6.72272 7.11032 6.48689
57260 6.72272 7.11032 6.48689
57330 6.72272 7.11032 6.48689
57400 6.72272 7.11032 6.48689
57470 6.72272 7.11032 6.48689
57540 6.72272 7.11032 6.48689
57610 6.72272 7.11032 6.48689
57680 6.72272 7.11032 6.48689
57750 6.72272 7.11032 6.48689
57820 6.72272 7.11032 6.48689
57890 6.72272 7.11032 6.48689
57960 6.72272 7.11032 6.48689
58030 6.72272 7.11032 6.48689
58100 6.72272 7.11032 6.48689
58170 6.72272 7.11032 6.48689
58240 6.72272 7.11032 6.48689
58310 6.72272 7.11032 6.48689
58380 6.72272 7.11032 6.48689
58450 6.72272 7.11032 6.48689
58520 6.72272 7.11032 6.48689
58590 6.72272 7.11032 6.48689
58660 6.72272 7.11032 6.48689
58730 6.72272 7.11032 6.48689
58800 6.72272 7.11032 6.48689
58870 6.72272 7.11032 6.48689
58940 6.72272 7.11032 6.48689
59010 6.72272 7.11032 6.48689
59080 6.72272 7.11032 6.48689
59150 6.72272 7.11032 6.48689
59220 6.72272 7.11032 6.48689
59290 6.72272 7.11032 6.48689
59360 6.72272 7.11032 6.48689
59430 6.72272 7.11032 6.48689
59500 6.72272 7.11032 6.48689
59570 6.72272 7.11032 6.48689
59640 6.72272 7.11032 6.48689
59710 6.72272 7.11032 6.48689
59780 6.72272 7.11032 6.48689
59850 6.72272 7.11032 6.48689
59920 6.72272 7.11032 6.48689
59990 6.72272 7.11032 6.48689
60060 6.72272 7.11032 6.48689
60130 6.72272 7.11032 6.48689
60200 6.72272 7.11032 6.48689
60270 6.72272 7.11032 6.48689
60340 6.72272 7.11032 6.48689
60410 6.72272 7.11032 6.48689
60480 6.72272 7.11032 6.48689
60550 6.72272 7.11032 6.48689
60620 6.72272 7.11032 6.48689
60690 6.72272 7.11032 6.48689
60760 6.72272 7.11032 6.48689
60830 6.72272 7.11032 6.48689
60900 6.72272 7.11032 6.48689
60970 6.72272 7.11032 6.48689
61040 6.72272 7.11032 6.48689
61110 6.72272 7.11032 6.48689
61180 6.72272 7.11032 6.48689
61250 6.72272 7.11032 6.48689
61320 6.72272 7.11032 6.48689
61390 6.72272 7.11032 6.48689
61460 6.72272 7.11032 6.48689
61530 6.72272 7.11032 6.48689
61600 6.72272 7.11032 6.48689
61670 6.72272 7.11032 6.48689
61740 6.72272 7.11032 6.48689
61810 6.72272 7.11032 6.48689
61880 6.72272 7.11032 6.48689
61950 6.72272 7.11032 6.48689
62020 6.72272 7.11032 6.48689
62090 6.72272 7.11032 6.48689
62160 6.72272 7.11032 6.48689
62230 6.72272 7.11032 6.48689
62300 6.72272 7.11032 6.48689
62370 6.72272 7.11032 6.48689
62440 6.72272 7.11032 6.48689
62510 6.72272 7.11032 6.48689
62580 6.72272 7.11032 6.48689
62650 6.72272 7.11032 6.48689
62720 6.72272 7.11032 6.48689
62790 6.72272 7.11032 6.48689
62860 6.72272 7.11032 6.48689
62930 6.72272 7.11032 6.48689
63000 6.72272 7.11032 6.48689
63070 6.72272 7.11032 6.48689
63140 6.72272 7.11032 6.48689
63210 6.72272 7.11032 6.48689
63280 6.72272 7.11032 6.48689
63350 6.72272 7.11032 6.48689
63420 6.72272 7.11032 6.48689
63490 6.72272 7.11032 6.48689
63560 6.72272 7.11032 6.48689
63630 6.72272 7.11032 6.48689
63700 6.72272 7.11032 6.48689
63770 6.72272 7.11032 6.48689
63840 6.72272 7.11032 6.48689
63910 6.72272 7.11032 6.48689
63980 6.72272 7.11032 6.48689
64050 6.72272 7.11032 6.48689
64120 6.72272 7.11032 6.48689
64190 6.72272 7.11032 6.48689
64260 6.72272 7.11032 6.48689
64330 6.72272 7.11032 6.48689
64400 6.72272 7.11032 6.48689
64470 6.72272 7.11032 6.48689
64540 6.72272 7.11032 6.48689
64610 6.72272 7.11032 6.48689
64680 6.72272 7.11032 6.48689
64750 6.72272 7.11032 6.48689
64820 6.72272 7.11032 6.48689
64890 6.72272 7.11032 6.48689
64960 6.72272 7.11032 6.48689
65030 6.72272 7.11032 6.48689
65100 6.72272 7.11032 6.48689
65170 6.72272 7.11032 6.48689
65240 6.72272 7.11032 6.48689
65310 6.72272 7.11032 6.48689
65380 6.72272 7.11032 6.48689
65450 6.72272 7.11032 6.48689
65520 6.72272 7.11032 6.48689
65590 6.72272 7.11032 6.48689
65660 6.72272 7.11032 6.48689
65730 6.72272 7.11032 6.48689
65800 6.72272 7.11032 6.48689
65870 6.72272 7.11032 6.48689
65940 6.72272 7.11032 6.48689
66010 6.72272 7.11032 6.48689
66080 6.72272 7.11032 6.48689
66150 6.72272 7.11032 6.48689
66220 6.72272 7.11032 6.48689
66290 6.72272 7.11032 6.48689
66360 6.72272 7.11032 6.48689
66430 6.72272 7.11032 6.48689
66500 6.72272 7.11032 6.48689
66570 6.72272 7.11032 6.48689
66640 6.72272 7.11032 6.48689
66710 6.72272 7.11032 6.48689
66780 6.72272 7.11032 6.48689
66850 6.72272 7.11032 6.48689
66920 6.72272 7.11032 6.48689
66990 6.72272 7.11032 6.48689
67060 6.72272 7.11032 6.48689
67130 6.72272 7.11032 6.48689
67200 6.72272 7.11032 6.48689
67270 6.72272 7.11032 6.48689
67340 6.72272 7.11032 6.48689
67410 6.72272 7.11032 6.48689
67480 6.72272 7.11032 6.48689
67550 6.72272 7.11032 6.48689
67620 6.72272 7.11032 6.48689
67690 6.72272 7.11032 6.48689
67760 6.72272 7.11032 6.48689
67830 6.72272 7.11032 6.48689
67900 6.72272 7.11032 6.48689
67970 6.72272 7.11032 6.48689
68040 6.72272 7.11032 6.48689
68110 6.72272 7.11032 6.48689
68180 6.72272 7.11032 6.48689
68250 6.72272 7.11032 6.48689
68320 6.72272 7.11032 6.48689
68390 6.72272 7.11032 6.48689
68460 6.72272 7.11032 6.48689
68530 6.72272 7.11032 6.48689
68600 6.72272 7.11032 6.48689
68670 6.72272 7.11032 6.48689
68740 6.72272 7.11032 6.48689
68810 6.72272 7.11032 6.48689
68880 6.72272 7.11032 6.48689
68950 6.72272 7.11032 6.48689
69020 6.72272 7.11032 6.48689
69090 6.72272 7.11032 6.48689
69160 6.72272 7.11032 6.48689
69230 6.72272 7.11032 6.48689
69300 6.72272 7.11032 6.48689
69370 6.72272 7.11032 6.48689
69440 6.72272 7.11032 6.48689
69510 6.72272 7.11032 6.48689
69580 6.72272 7.11032 6.48689
69650 6.72272 7.11032 6.48689
69720 6.72272 7.11032 6.48689
69790 6.72272 7.11032 6.48689
69860 6.72272 7.11032 6.48689
69930 6.72272 7.11032 6.48689
70000 6.72272 7.11032 6.48689
70070 6.72272 7.11032 6.48689
70140 6.72272 7.11032 6.48689
70210 6.72272 7.11032 6.48689
70280 6.72272 7.11032 6.48689
70350 6.72272 7.11032 6.48689
