# Time-averaged data for fix msd
# TimeStep c_msd[4]
420 0.00409984
490 0.0723229
560 0.217678
630 0.434292
700 0.720851
770 1.06832
840 1.47463
910 1.93484
980 2.44992
1050 3.02309
1120 3.63904
1190 4.3046
1260 5.01768
1330 5.77153
1400 6.56163
1470 7.38055
1540 8.23962
1610 9.12873
1680 10.0515
1750 11.0004
1820 11.9613
1890 12.9681
1960 13.995
2030 15.0422
2100 16.1039
2170 17.1697
2240 18.269
2310 19.3886
2380 20.5333
2450 21.6836
2520 22.85
2590 24.0295
2660 25.2367
2730 26.4647
2800 27.7005
2870 28.9446
2940 30.1899
3010 31.4721
3080 32.7872
3150 34.1249
3220 35.4681
3290 36.8018
3360 38.1481
3430 39.4781
3500 40.8016
3570 42.141
3640 43.5087
3710 44.8851
3780 46.2579
3850 47.6334
3920 48.9804
3990 50.3269
4060 51.6917
4130 53.0502
4200 54.4363
4270 55.8093
4340 57.1775
4410 58.5498
4480 59.9484
4550 61.402
4620 62.8401
4690 64.3052
4760 65.7473
4830 67.1421
4900 68.5323
4970 69.9301
5040 71.2847
5110 72.6205
5180 73.9533
5250 75.2738
5320 76.6137
5390 77.9418
5460 79.2495
5530 80.5802
5600 81.9082
5670 83.248
5740 84.6803
5810 86.1199
5880 87.553
5950 88.9823
6020 90.41
6090 91.833
6160 93.2485
6230 94.7037
6300 96.1996
6370 97.6736
6440 99.1721
6510 100.694
6580 102.214
6650 103.714
6720 105.231
6790 106.734
6860 108.219
6930 109.708
7000 111.179
7070 112.657
7140 114.132
7210 115.61
7280 117.129
7350 118.606
7420 120.078
7490 121.619
7560 123.127
7630 124.605
7700 126.073
7770 127.552
7840 129.059
7910 130.535
7980 131.931
8050 133.299
8120 134.723
8190 136.198
8260 137.666
8330 139.131
8400 140.562
8470 141.976
8540 143.336
8610 144.706
8680 146.102
8750 147.501
8820 148.827
8890 150.164
8960 151.505
9030 152.83
9100 154.12
9170 155.368
9240 156.62
9310 157.874
9380 159.16
9450 160.49
9520 161.847
9590 163.234
9660 164.607
9730 165.953
9800 167.259
9870 168.64
9940 170.039
10010 171.426
10080 172.776
10150 174.035
10220 175.344
10290 176.691
10360 178.011
10430 179.288
10500 180.512
10570 181.758
10640 183.012
10710 184.294
10780 185.636
10850 187.01
10920 188.404
10990 189.797
11060 191.171
11130 192.497
11200 193.807
11270 195.087
11340 196.399
11410 197.665
11480 198.925
11550 200.203
11620 201.456
11690 202.686
11760 203.934
11830 205.201
11900 206.58
11970 207.996
12040 209.407
12110 210.864
12180 212.35
12250 213.873
12320 215.398
12390 216.938
12460 218.444
12530 219.967
12600 221.526
12670 223.046
12740 224.602
12810 226.251
12880 227.911
12950 229.558
13020 231.237
13090 232.945
13160 234.605
13230 236.202
13300 237.81
13370 239.437
13440 241.078
13510 242.706
13580 244.285
13650 245.882
13720 247.471
13790 249.027
13860 250.633
13930 252.182
14000 253.751
14070 255.307
14140 256.816
14210 258.329
14280 259.875
14350 261.362
14420 262.889
14490 264.439
14560 265.997
14630 267.499
14700 269.058
14770 270.664
14840 272.291
14910 273.827
14980 275.289
15050 276.723
15120 278.147
15190 279.586
15260 281.039
15330 282.477
15400 283.935
15470 285.3
15540 286.63
15610 288.012
15680 289.512
15750 290.983
15820 292.431
15890 293.835
15960 295.192
16030 296.561
16100 297.988
16170 299.518
16240 301.081
16310 302.633
16380 304.13
16450 305.597
16520 307.099
16590 308.532
16660 309.929
16730 311.331
16800 312.689
16870 314.115
16940 315.49
17010 316.865
17080 318.324
17150 319.791
17220 321.278
17290 322.722
17360 324.154
17430 325.643
17500 327.282
17570 328.997
17640 330.687
17710 332.359
17780 334.065
17850 335.775
17920 337.381
17990 338.961
18060 340.526
18130 342.042
18200 343.506
18270 345.016
18340 346.509
18410 348.07
18480 349.58
18550 350.995
18620 352.44
18690 353.893
18760 355.328
18830 356.704
18900 358.014
18970 359.238
19040 360.492
19110 361.827
19180 363.183
19250 364.573
19320 366.007
19390 367.449
19460 368.969
19530 370.447
19600 371.906
19670 373.424
19740 374.955
19810 376.309
19880 377.627
19950 378.911
20020 380.188
20090 381.415
20160 382.672
20230 383.926
20300 385.165
20370 386.46
20440 387.802
20510 389.213
20580 390.618
20650 391.975
20720 393.286
20790 394.627
20860 395.935
20930 397.28
21000 398.602
21070 399.906
21140 401.247
21210 402.568
21280 403.919
21350 405.276
21420 406.602
21490 407.863
21560 409.178
21630 410.506
21700 411.862
21770 413.216
21840 414.584
21910 415.935
21980 417.23
22050 418.499
22120 419.767
22190 420.931
22260 421.993
22330 423.057
22400 424.247
22470 425.552
22540 426.858
22610 428.167
22680 429.517
22750 430.984
22820 432.486
22890 433.927
22960 435.329
23030 436.748
23100 438.13
23170 439.461
23240 440.755
23310 441.956
23380 443.094
23450 444.247
23520 445.446
23590 446.685
23660 447.938
23730 449.195
23800 450.404
23870 451.588
23940 452.769
24010 453.892
24080 455.034
24150 456.196
24220 457.3
24290 458.409
24360 459.456
24430 460.392
24500 461.289
24570 462.172
24640 462.983
24710 463.879
24780 464.879
24850 465.888
24920 466.859
24990 467.874
25060 468.821
25130 469.809
25200 470.757
25270 471.651
25340 472.586
25410 473.519
25480 474.503
25550 475.591
25620 476.696
25690 477.745
25760 478.699
25830 479.715
25900 480.756
25970 481.898
26040 483.056
26110 484.336
26180 485.639
26250 486.889
26320 488.176
26390 489.464
26460 490.785
26530 492.145
26600 493.567
26670 495.072
26740 496.581
26810 498.179
26880 499.756
26950 501.294
27020 502.878
27090 504.433
27160 506.066
27230 507.757
27300 509.436
27370 511.14
27440 512.849
27510 514.533
27580 516.125
27650 517.768
27720 519.472
27790 521.126
27860 522.718
27930 524.24
28000 525.729
28070 527.247
28140 528.754
28210 530.372
28280 531.965
28350 533.511
28420 535.062
28490 536.599
28560 538.162
28630 539.632
28700 541.176
28770 542.727
28840 544.257
28910 545.802
28980 547.305
29050 548.691
29120 550.212
29190 551.777
29260 553.218
29330 554.664
29400 556.182
29470 557.647
29540 559.12
29610 560.674
29680 562.251
29750 563.802
29820 565.223
29890 566.648
29960 568.093
30030 569.603
30100 571.17
30170 572.701
30240 574.25
30310 575.834
30380 577.291
30450 578.652
30520 579.96
30590 581.186
30660 582.378
30730 583.53
30800 584.664
30870 585.782
30940 587.06
31010 588.336
31080 589.471
31150 590.531
31220 591.529
31290 592.653
31360 593.826
31430 594.992
31500 596.213
31570 597.467
31640 598.695
31710 600.001
31780 601.283
31850 602.617
31920 604.008
31990 605.418
32060 606.936
32130 608.542
32200 609.989
32270 611.419
32340 612.836
32410 614.241
32480 615.722
32550 617.271
32620 618.912
32690 620.65
32760 622.283
32830 623.878
32900 625.529
32970 627.117
33040 628.581
33110 629.977
33180 631.473
33250 633.04
33320 634.641
33390 636.24
33460 637.796
33530 639.301
33600 640.762
33670 642.158
33740 643.429
33810 644.682
33880 645.825
33950 647.047
34020 648.265
34090 649.431
34160 650.51
34230 651.539
34300 652.789
34370 654.14
34440 655.545
34510 656.998
34580 658.471
34650 660.051
34720 661.613
34790 663.117
34860 664.732
34930 666.421
35000 668.059
35070 669.643
35140 671.121
35210 672.638
35280 674.162
35350 675.579
35420 677.009
35490 678.387
35560 679.805
35630 681.527
35700 683.25
35770 684.948
35840 686.626
35910 688.342
35980 690.07
36050 691.97
36120 693.867
36190 695.626
36260 697.278
36330 698.904
36400 700.394
36470 701.791
36540 703.133
36610 704.45
36680 705.651
36750 707.063
36820 708.602
36890 710.132
36960 711.63
37030 713.13
37100 714.576
37170 716.021
37240 717.485
37310 718.891
37380 720.354
37450 721.892
37520 723.369
37590 724.814
37660 726.247
37730 727.636
37800 729.185
37870 730.547
37940 731.957
38010 733.378
38080 734.897
38150 736.364
38220 737.788
38290 739.368
38360 741.1
38430 742.738
38500 744.212
38570 745.633
38640 747.22
38710 748.849
38780 750.45
38850 752.036
38920 753.5
38990 755.05
39060 756.433
39130 757.784
39200 759.058
39270 760.396
39340 761.736
39410 763.063
39480 764.43
39550 765.872
39620 767.416
39690 768.816
39760 770.103
39830 771.37
39900 772.825
39970 774.246
40040 775.635
40110 777.161
40180 778.76
40250 780.411
40320 782.082
40390 783.741
40460 785.223
40530 786.581
40600 787.975
40670 789.356
40740 790.71
40810 792.093
40880 793.637
40950 795.227
41020 796.806
41090 798.286
41160 799.798
41230 801.317
41300 802.775
41370 804.239
41440 805.719
41510 807.298
41580 808.813
41650 810.345
41720 811.658
41790 813.069
41860 814.571
41930 815.961
42000 817.369
42070 818.748
42140 820.018
42210 821.462
42280 823.023
42350 824.529
42420 826.273
42490 827.922
42560 829.501
42630 831.168
42700 832.995
42770 834.607
42840 836.356
42910 838.041
42980 839.785
43050 841.391
43120 843.053
43190 844.678
43260 846.256
43330 847.769
43400 849.182
43470 850.61
43540 851.992
43610 853.246
43680 854.564
43750 855.797
43820 857.173
43890 858.513
43960 859.818
44030 861.094
44100 862.446
44170 863.738
44240 865
44310 866.215
44380 867.488
44450 869
44520 870.656
44590 872.129
44660 873.591
44730 875.099
44800 876.682
44870 878.198
44940 879.78
45010 881.477
45080 883.18
45150 884.87
45220 886.367
45290 887.826
45360 889.095
45430 890.311
45500 891.557
45570 893.029
45640 894.565
45710 896.096
45780 897.435
45850 898.874
45920 900.339
45990 901.714
46060 903.123
46130 904.522
46200 905.97
46270 907.372
46340 908.655
46410 909.931
46480 911.151
46550 912.666
46620 914.061
46690 915.38
46760 916.359
46830 917.428
46900 918.632
46970 919.86
47040 921.081
47110 922.375
47180 923.431
47250 924.239
47320 925.062
47390 925.921
47460 926.842
47530 927.727
47600 928.695
47670 929.555
47740 930.678
47810 931.697
47880 932.865
47950 934.059
48020 935.085
48090 936.111
48160 937.01
48230 937.775
48300 938.688
48370 939.75
48440 940.772
48510 941.927
48580 943.02
48650 944.084
48720 945.132
48790 946.243
48860 947.297
48930 948.364
49000 949.409
49070 950.548
49140 951.769
49210 953.015
49280 954.168
49350 955.152
49420 956.312
49490 957.48
49560 958.875
49630 960.148
49700 961.377
49770 962.564
49840 963.6
49910 964.771
49980 966.144
50050 967.378
50120 968.441
50190 969.457
50260 970.566
50330 971.727
50400 972.988
50470 974.273
50540 975.479
50610 976.738
50680 977.963
50750 979.17
50820 980.324
50890 981.549
50960 982.839
51030 984.288
51100 985.758
51170 987.007
51240 988.537
51310 990.125
51380 991.747
51450 993.153
51520 994.517
51590 995.923
51660 997.494
51730 999.075
51800 1000.59
51870 1002.25
51940 1003.7
52010 1005.28
52080 1006.89
52150 1008.45
52220 1010.08
52290 1011.61
52360 1013.19
52430 1014.67
52500 1016.28
52570 1017.55
52640 1018.96
52710 1020.32
52780 1021.6
52850 1022.75
52920 1023.88
52990 1025.12
53060 1026.44
53130 1027.75
53200 1028.88
53270 1030.1
53340 1031.38
53410 1032.72
53480 1033.92
53550 1035.18
53620 1036.41
53690 1037.42
53760 1038.74
53830 1040.18
53900 1041.51
53970 1042.81
54040 1044.21
54110 1045.59
54180 1046.86
54250 1048.04
54320 1049.44
54390 1050.76
54460 1052.24
54530 1053.63
54600 1055.03
54670 1056.51
54740 1057.72
54810 1058.93
54880 1060.24
54950 1061.65
55020 1062.87
55090 1064.09
55160 1065.48
55230 1066.8
55300 1068.01
55370 1069.24
55440 1070.52
55510 1071.75
55580 1073.2
55650 1074.37
55720 1075.66
55790 1076.83
55860 1078.07
55930 1079.23
56000 1080.25
56070 1081.37
56140 1082.45
56210 1083.59
56280 1084.77
56350 1086.16
56420 1087.32
56490 1088.66
56560 1089.9
56630 1091.37
56700 1092.83
56770 1094.28
56840 1095.74
56910 1097.12
56980 1098.46
57050 1100.01
57120 1101.71
57190 1103.15
57260 1104.62
57330 1105.95
57400 1107.41
57470 1108.81
57540 1110.2
57610 1111.6
57680 1113.16
57750 1114.58
57820 1115.97
57890 1117.33
57960 1118.67
58030 1120.09
58100 1121.42
58170 1122.63
58240 1123.83
58310 1124.91
58380 1126.04
58450 1127.13
58520 1128.17
58590 1129.06
58660 1130.16
58730 1131.22
58800 1132.17
58870 1133.14
58940 1134.18
59010 1135.4
59080 1136.64
59150 1137.94
59220 1139.13
59290 1140.35
59360 1141.33
59430 1142.31
59500 1143.39
59570 1144.09
59640 1144.98
59710 1146.03
59780 1147.05
59850 1148.14
59920 1149.06
59990 1149.98
60060 1150.8
60130 1151.63
60200 1152.42
60270 1153.22
60340 1154.07
60410 1154.8
60480 1155.52
60550 1156.25
60620 1157.04
60690 1157.79
60760 1158.3
60830 1158.99
60900 1159.8
60970 1160.64
61040 1161.33
61110 1162.01
61180 1162.7
61250 1163.59
61320 1164.4
61390 1165.41
61460 1166.21
61530 1166.9
61600 1167.64
61670 1168.3
61740 1168.88
61810 1169.54
61880 1170.21
61950 1171.05
62020 1171.67
62090 1172.51
62160 1173.18
62230 1173.93
62300 1174.78
62370 1175.47
62440 1175.95
62510 1176.58
62580 1177.11
62650 1177.82
62720 1178.45
62790 1179.1
62860 1179.64
62930 1180.52
63000 1181.21
63070 1181.83
63140 1182.34
63210 1183.12
63280 1183.86
63350 1184.55
63420 1185.36
63490 1186.03
63560 1186.79
63630 1187.61
63700 1188.45
63770 1189.39
63840 1190.13
63910 1191.08
63980 1192.09
64050 1193.14
64120 1194.02
64190 1194.97
64260 1195.99
64330 1197.05
64400 1198.22
64470 1199.42
64540 1200.72
64610 1202.03
64680 1203.25
64750 1204.69
64820 1205.98
64890 1207.1
64960 1208.17
65030 1209.24
65100 1210.2
65170 1211.01
65240 1211.94
65310 1212.98
65380 1214.12
65450 1215.2
65520 1216.29
65590 1217.2
65660 1218.06
65730 1219.06
65800 1220.16
65870 1221.21
65940 1222.18
66010 1223.25
66080 1224.41
66150 1225.65
66220 1226.84
66290 1227.96
66360 1229.26
66430 1230.55
66500 1231.75
66570 1233.03
66640 1234.18
66710 1235.47
66780 1236.61
66850 1237.93
66920 1239.08
66990 1240.24
67060 1241.48
67130 1242.69
67200 1243.76
67270 1244.91
67340 1246.2
67410 1247.31
67480 1248.56
67550 1249.77
67620 1250.88
67690 1252.03
67760 1253.01
67830 1254
67900 1255.09
67970 1256.1
68040 1257.02
68110 1257.97
68180 1258.86
68250 1259.83
68320 1260.82
68390 1261.73
68460 1262.82
68530 1263.83
68600 1264.96
68670 1266.06
68740 1267.14
68810 1268.28
68880 1269.47
68950 1270.73
69020 1271.94
69090 1273
69160 1273.98
69230 1275.08
69300 1276.18
69370 1277.34
69440 1278.39
69510 1279.48
69580 1280.52
69650 1281.44
69720 1282.4
69790 1283.4
69860 1284.43
69930 1285.53
70000 1286.58
70070 1287.58
70140 1288.5
70210 1289.45
70280 1290.41
70350 1291.39
