# Time-averaged data for fix avgcoord
# TimeStep c_ac50 c_ac75 c_ac100 c_ac125
1000 0 0 2 7.04
2000 0 0 2.2 7.32
3000 0 0 2.32 7.24
4000 0 0 2.52 7.16
5000 0 0.04 2.36 7.2
6000 0 0 2.2 7.08
7000 0 0 2.36 7.16
8000 0 0 1.96 7.08
9000 0 0.04 2.2 6.84
10000 0 0 2.08 6.96
11000 0 0 2.16 7.2
12000 0 0 2.4 7.04
13000 0 0 2.2 7.12
14000 0 0.04 1.96 6.92
15000 0 0 1.96 6.84
16000 0 0 2.56 6.92
17000 0 0 2.48 7
18000 0 0 2.08 7.64
19000 0 0 1.96 7.44
20000 0 0 2.4 6.88
21000 0 0 2.52 6.96
22000 0 0 2.8 7.28
23000 0 0.04 2.52 7.32
24000 0 0 2.32 7.44
25000 0 0.04 2.32 6.92
26000 0 0 1.8 6.88
27000 0 0 1.48 7.04
28000 0 0 2.08 7
29000 0 0 2.44 6.96
30000 0 0 2.16 7.12
31000 0 0 2.24 7.48
32000 0 0 1.92 7.24
33000 0 0 2.48 7.2
34000 0 0 2.16 7.08
35000 0 0 2.36 7.56
36000 0 0 2.36 7
37000 0 0 2.16 7.32
38000 0 0 2.28 7.24
39000 0 0 1.96 6.76
40000 0 0 2.36 7.4
41000 0 0 2.52 7.44
42000 0 0.04 2.28 7.12
43000 0 0 2.52 6.92
44000 0 0 2.4 7.4
45000 0 0 2.08 6.92
46000 0 0 1.88 6.72
47000 0 0 2.32 7.8
48000 0 0 2.44 7.04
49000 0 0 2.44 7.8
50000 0 0 1.76 7.44
51000 0 0 2.52 7.52
52000 0 0 2.28 7.48
53000 0 0 2.24 7.08
54000 0 0 2.08 7.32
55000 0 0 2.12 7.4
56000 0 0.04 1.88 7.36
57000 0 0 2.88 7.28
58000 0 0 2.32 7.2
59000 0 0 2.36 7.28
60000 0 0 2.32 7.12
61000 0 0 2.12 7.04
62000 0 0 2.52 7.28
63000 0 0 1.84 7.2
64000 0 0 2.4 7.24
65000 0 0.04 2.16 7.08
66000 0 0 2.44 7.44
67000 0 0 2.48 7.52
68000 0 0 2.6 7.36
69000 0 0 2.68 7.16
70000 0 0 2.36 6.8
71000 0 0 2.12 7.16
72000 0 0 2.12 7.56
73000 0 0 2.52 7.24
74000 0 0 2.2 7.04
75000 0 0 2.56 7.24
76000 0 0.04 1.96 7.08
77000 0 0 2.64 6.8
78000 0 0 2.16 7.16
79000 0 0 2.56 7.16
80000 0 0 2.4 7.04
81000 0 0 2.32 7.16
82000 0 0 2.24 6.92
83000 0 0 2.12 7.32
84000 0 0 2.04 6.96
85000 0 0 2.24 7.16
86000 0 0 2.36 7.52
87000 0 0.04 2.16 6.84
88000 0 0 2.36 7.08
89000 0 0 2.12 6.92
90000 0 0 2.08 6.92
91000 0 0 2.08 7.04
92000 0 0 2.88 7.12
93000 0 0 2.4 7.2
94000 0 0 2.44 6.96
95000 0 0 2.24 7.2
96000 0 0 2.2 7.08
97000 0 0 2.16 7.52
98000 0 0 2.44 6.92
99000 0 0 2.12 7.12
100000 0 0 1.92 7.04
101000 0 0 2.64 7.36
102000 0 0 2.44 7.48
103000 0 0 2.08 7.24
104000 0 0 2.36 7.4
105000 0 0 2.24 7.12
106000 0 0 2.56 7.16
107000 0 0 2.32 7
108000 0 0 2.2 7.12
109000 0 0 2.04 6.92
110000 0 0 2.16 7.24
111000 0 0 2.8 7.52
112000 0 0 2.56 7.16
113000 0 0 2.24 7.36
114000 0 0 2.28 7.12
115000 0 0 2 7.08
116000 0 0 2.6 7.04
117000 0 0 2.52 7.2
118000 0 0 2.32 7.24
119000 0 0 2.44 6.84
120000 0 0 2.36 7.6
121000 0 0 2.44 6.96
122000 0 0.04 2.04 7
123000 0 0 2 7.08
124000 0 0.04 2.24 7.16
125000 0 0 2.6 7.32
126000 0 0 1.84 7.52
127000 0 0 2.28 7.32
128000 0 0 2.16 7.32
129000 0 0 2.12 7.4
130000 0 0 2.68 7.28
131000 0 0 2.24 7.04
132000 0 0 2.04 7.32
133000 0 0 2.52 7.56
134000 0 0 2.84 7.24
135000 0 0 2.64 7.24
136000 0 0 2.08 6.96
137000 0 0.04 2.28 6.88
138000 0 0 2.12 7.12
139000 0 0 2.28 7.2
140000 0 0 2.48 7.32
141000 0 0 2.56 7.28
142000 0 0 2.24 7.08
143000 0 0 2.4 7.12
144000 0 0 2.36 6.92
145000 0 0 2.16 7.08
146000 0 0 2.04 7.16
147000 0 0 2.64 7.2
148000 0 0 2.16 7.16
149000 0 0 2.36 7.04
150000 0 0 2 7.04
151000 0 0 2.64 7.24
152000 0 0 2.4 7.16
153000 0 0 2.48 7.12
154000 0 0 2.08 7.24
155000 0 0 2.2 7.04
156000 0 0 2.08 6.96
157000 0 0 2.28 7.28
158000 0 0 1.8 7.16
159000 0 0 1.64 7.36
160000 0 0 2.56 7
161000 0 0 1.84 7.04
162000 0 0.04 2.32 7.32
163000 0 0 2.12 7.32
164000 0 0.04 2.56 6.96
165000 0 0 2.28 6.96
166000 0 0 1.96 6.8
167000 0 0.04 2 7
168000 0 0 1.88 6.72
169000 0 0 2.2 7.12
170000 0 0 2.08 7.28
171000 0 0 2.16 7.56
172000 0 0 2.36 6.92
173000 0 0 2.28 7.16
174000 0 0 2.16 7.2
175000 0 0 2.48 7.12
176000 0 0 2.32 7.36
177000 0 0 2.48 7.24
178000 0 0 2.12 7.48
179000 0 0 2.36 7.16
180000 0 0 1.96 7
181000 0 0 2.04 7.12
182000 0 0 2.28 7.24
183000 0 0 2.24 6.88
184000 0 0 2.08 6.92
185000 0 0 2.08 7
186000 0 0 2.6 7
187000 0 0 2.2 6.52
188000 0 0 2.32 7.08
189000 0 0 1.88 6.88
190000 0 0 2.04 7.36
191000 0 0 1.88 7.28
192000 0 0 2 7.4
193000 0 0 2.2 7.32
194000 0 0 2.16 7.2
195000 0 0 2.16 7.36
196000 0 0 2.52 7.56
197000 0 0 2.68 7.08
198000 0 0 2.44 6.68
199000 0 0 2.16 7.2
200000 0 0 1.96 7.08
201000 0 0 2.44 6.92
202000 0 0 2.56 7.16
203000 0 0 2.6 7.24
204000 0 0 2.52 7.28
205000 0 0.04 2.44 7.2
206000 0 0 1.64 6.8
207000 0 0 1.88 7.2
208000 0 0 1.92 6.44
209000 0 0 2.04 7.08
210000 0 0 2.32 6.88
211000 0 0 2.36 7.12
212000 0 0 1.88 7.4
213000 0 0 2.44 7.04
214000 0 0 2.48 7.04
215000 0 0 2.6 7
216000 0 0 2.4 7.6
217000 0 0 1.84 7.12
218000 0 0 2.04 7.32
219000 0 0 2.4 7.2
220000 0 0.04 2.28 7.2
221000 0 0 2 7.36
222000 0 0 2.56 7.4
223000 0 0 1.96 7.6
224000 0 0 2.6 7.4
225000 0 0 2.56 6.8
226000 0 0 2.28 7.4
227000 0 0 2 7.44
228000 0 0 1.92 6.76
229000 0 0 2.32 7.16
230000 0 0 2.52 7.36
231000 0 0 2.6 7.84
232000 0 0 2.36 7.28
233000 0 0 1.96 7.28
234000 0 0 2.2 6.92
235000 0 0 1.72 7.12
236000 0 0 2.32 6.96
237000 0 0 1.88 6.8
238000 0 0 2.32 7.2
239000 0 0 1.92 7.2
240000 0 0 2.16 6.96
241000 0 0 2.08 6.6
242000 0 0 2.16 7.08
243000 0 0 2.32 7.6
244000 0 0 2.4 7.04
245000 0 0 2.32 7.28
246000 0 0 2.36 7.24
247000 0 0.04 2.6 7.48
248000 0 0 2.12 7.28
249000 0 0 2 6.8
250000 0 0 2 7.36
251000 0 0 2.36 7.2
252000 0 0 2.36 7.16
253000 0 0 2.6 7.28
254000 0 0 2.72 7.24
255000 0 0 2.24 7.36
256000 0 0 2.44 6.72
257000 0 0 2.36 7.08
258000 0 0 2.52 7.2
259000 0 0 2 7.2
260000 0 0 2.16 7.44
261000 0 0 2.32 7.2
262000 0 0 1.92 7.44
263000 0 0.04 2.72 7.04
264000 0 0 2.6 7.56
265000 0 0 2.36 7.44
266000 0 0 2.6 7.8
267000 0 0 2.2 6.96
268000 0 0 2.48 6.84
269000 0 0 2.48 7.08
270000 0 0 2.24 7.2
271000 0 0.04 2.44 7.12
272000 0 0 2.24 7
273000 0 0.04 2.4 7.24
274000 0 0 2 7
275000 0 0 2.48 6.88
276000 0 0 2.32 7.28
277000 0 0 2.2 7.16
278000 0 0 2.6 7.32
279000 0 0 2.32 7.44
280000 0 0 2.08 7.04
281000 0 0 2.44 7.36
282000 0 0 2.16 7.44
283000 0 0 2.44 7.32
284000 0 0 1.92 7.2
285000 0 0 2.8 7.36
286000 0 0 2.24 7.04
287000 0 0 2.2 7.12
288000 0 0 1.84 7.48
289000 0 0.04 2.12 7.08
290000 0 0 2.24 7.12
291000 0 0 1.88 7.04
292000 0 0 2.2 7.12
293000 0 0 1.96 7.08
294000 0 0 2.4 7.16
295000 0 0 2.36 7.28
296000 0 0 1.92 7.72
297000 0 0 2.08 7
298000 0 0 2 7.08
299000 0 0 2.12 7.12
300000 0 0.04 2.24 7.2
301000 0 0 2.6 7.12
302000 0 0.04 2.2 7.36
303000 0 0 2.36 7
304000 0 0 2.04 7.4
305000 0 0 2.44 7.2
306000 0 0 2.4 7
307000 0 0 2.32 7.24
308000 0 0 2.28 7.2
309000 0 0 2.4 7.08
310000 0 0 2.28 7.4
311000 0 0 2.12 7.4
312000 0 0 2.4 7.36
313000 0 0 2.6 7.6
314000 0 0 2.08 7.2
315000 0 0 1.76 7.08
316000 0 0 2.48 7.08
317000 0 0 2.48 7.04
318000 0 0 2.36 7.32
319000 0 0 2.36 7
320000 0 0 1.88 6.92
321000 0 0 2.48 6.96
322000 0 0 2.16 7.52
323000 0 0 2.04 7.16
324000 0 0 2.76 7.28
325000 0 0 2.32 7.56
326000 0 0 2.2 7.48
327000 0 0 2.2 7.2
328000 0 0 2.24 7.12
329000 0 0 1.88 6.96
330000 0 0 2.4 7.44
331000 0 0 2.56 6.96
332000 0 0 2.32 7.32
333000 0 0 1.56 7.28
334000 0 0.04 2.2 6.96
335000 0 0 2.24 7.2
336000 0 0 2.2 6.88
337000 0 0 2.16 6.84
338000 0 0 2.52 6.4
339000 0 0 2.04 6.88
340000 0 0 1.84 6.92
341000 0 0 2.2 6.8
342000 0 0 2.36 6.96
343000 0 0 2.28 7.32
344000 0 0 1.92 7.32
345000 0 0 2.12 6.8
346000 0 0 2.64 7.2
347000 0 0 2.32 7.08
348000 0 0 2.88 7.8
349000 0 0 2.48 7.36
350000 0 0 2.2 6.84
351000 0 0 2.12 7.36
352000 0 0 1.92 7.28
353000 0 0 2.32 7.2
354000 0 0 2.12 7.4
355000 0 0 2.4 7.24
356000 0 0 2.28 7.16
357000 0 0 2.24 6.92
358000 0 0 2.48 7.32
359000 0 0 2.04 7.2
360000 0 0 2.8 7.12
361000 0 0 2.64 7.4
362000 0 0 2.8 7.2
363000 0 0 2.32 7.68
364000 0 0 2.4 7.36
365000 0 0 2.48 7.12
366000 0 0 2.4 7.52
367000 0 0 2.56 7.04
368000 0 0 2.28 7.32
369000 0 0 2.2 7.2
370000 0 0 2.08 7.4
371000 0 0 1.76 7.16
372000 0 0 2 7.32
373000 0 0 2.52 7.4
374000 0 0 1.96 7.56
375000 0 0 2.32 7.56
376000 0 0 2.04 7.28
377000 0 0 2.92 7.8
378000 0 0 2.24 7.44
379000 0 0 2.4 7.36
380000 0 0 2.28 7.24
381000 0 0 2.2 7.2
382000 0 0 1.96 7.28
383000 0 0 2.24 6.92
384000 0 0 2 6.64
385000 0 0.04 2.48 6.88
386000 0 0 1.96 6.68
387000 0 0 2.68 7.2
388000 0 0 2.24 6.8
389000 0 0 1.92 7.48
390000 0 0 2.28 6.84
391000 0 0 2.36 7
392000 0 0 1.68 7.16
393000 0 0 2.8 7.12
394000 0 0 2.2 7.44
395000 0 0 1.88 7.04
396000 0 0 2.48 7.4
397000 0 0 2.36 7.72
398000 0 0 2.56 7.44
399000 0 0 2.24 7.44
400000 0 0 2.08 7.48
401000 0 0 2.48 7.08
402000 0 0 2.48 7.36
403000 0 0 1.76 7.36
404000 0 0 2.16 7.12
405000 0 0.04 2.68 6.92
406000 0 0 2.24 7.16
407000 0 0 2.6 6.92
408000 0 0 2.32 7.36
409000 0 0 2.32 7.12
410000 0 0 2.2 7.36
411000 0 0 2.44 7.36
412000 0 0 2.08 7.2
413000 0 0 1.92 7.24
414000 0 0 2.56 7.16
415000 0 0 2.24 7.24
416000 0 0 2.48 7
417000 0 0.04 2.2 7.2
418000 0 0 2.12 6.96
419000 0 0 2.32 7.48
420000 0 0 2.4 7.24
421000 0 0 2.32 7.12
422000 0 0 2.44 7.6
423000 0 0 2.64 7.2
424000 0 0 2.24 7.24
425000 0 0 2.44 7.52
426000 0 0 1.92 7.36
427000 0 0 2.4 7.16
428000 0 0 2.6 7.44
429000 0 0 2.6 7.4
430000 0 0 2.52 7.2
431000 0 0 2.48 7.32
432000 0 0 2.4 7.2
433000 0 0 2.28 7.4
434000 0 0 2.96 7.12
435000 0 0 2.28 7
436000 0 0 2.24 7
437000 0 0 1.88 7.08
438000 0 0 2.24 6.8
439000 0 0 2.76 7
440000 0 0 2.24 7.28
441000 0 0 2.12 7
442000 0 0 1.68 6.88
443000 0 0 2.44 7.08
444000 0 0 1.84 6.92
445000 0 0 2.48 7.08
446000 0 0 1.96 7.32
447000 0 0 2.48 6.56
448000 0 0.04 1.92 7.12
449000 0 0.04 2 7.08
450000 0 0 1.84 7.44
451000 0 0 2.36 7.24
452000 0 0 2.12 7.12
453000 0 0 1.88 6.96
454000 0 0 2.2 7.4
455000 0 0 2.2 7.04
456000 0 0 2.16 7
457000 0 0.04 2.28 7.36
458000 0 0 2.2 7.32
459000 0 0 1.88 7.08
460000 0 0 2.2 6.96
461000 0 0 2.2 7.44
462000 0 0.04 2.36 7.48
463000 0 0 2.16 7.16
464000 0 0 2.32 7.16
465000 0 0 2.48 7.24
466000 0 0 2 7.2
467000 0 0 2.2 7.24
468000 0 0 2.44 7.56
469000 0 0 2.64 7.48
470000 0 0 2.12 7.56
471000 0 0 2.12 7.2
472000 0 0 2.24 7.4
473000 0 0 2.32 7.16
474000 0 0 2.64 7.04
475000 0 0 2.24 6.92
476000 0 0 2.52 7.16
477000 0 0 2.04 7.16
478000 0 0 2.28 7.36
479000 0 0 2.28 7.12
480000 0 0 2 7.36
481000 0 0 2 7.16
482000 0 0 2.28 7.12
483000 0 0 2 7
484000 0 0 2.32 7.08
485000 0 0 2.24 7.44
486000 0 0 2.16 7.24
487000 0 0.04 2.08 6.92
488000 0 0 2.48 7.2
489000 0 0 2 7.24
490000 0 0 2.24 7
491000 0 0 1.88 6.96
492000 0 0 2 7.04
493000 0 0 2.4 6.84
494000 0 0 2.32 7.24
495000 0 0 2.36 6.96
496000 0 0 2.28 6.92
497000 0 0 2.28 7.2
498000 0 0 2.32 7
499000 0 0 2.32 7.2
500000 0 0 2 7.08
501000 0 0 2.56 7.28
502000 0 0.04 2.24 7.12
503000 0 0 2.44 7.08
504000 0 0 1.68 7.36
505000 0 0 2.52 7.04
506000 0 0 2.44 6.88
507000 0 0 2.36 6.76
508000 0 0 2.4 7.12
509000 0 0 2.52 6.92
510000 0 0 2.32 7
511000 0 0 2.28 7.2
512000 0 0 2.04 7.28
513000 0 0 2.72 7.36
514000 0 0 2.24 7.36
515000 0 0 2.64 7.28
516000 0 0 2.76 7.24
517000 0 0 2.56 7.16
518000 0 0 2.24 7.24
519000 0 0 2.72 7.2
520000 0 0.04 2.76 7.28
521000 0 0 2.68 7.44
522000 0 0 2.32 6.88
523000 0 0 2.36 7.2
524000 0 0.04 1.84 7.28
525000 0 0 2.12 7.36
526000 0 0 2.2 7
527000 0 0 2.32 7.2
528000 0 0 2.36 7.24
529000 0 0.04 2.24 7.16
530000 0 0.04 2.4 6.56
531000 0 0 2.48 7
532000 0 0 2.48 7.56
533000 0 0 2.28 7.24
534000 0 0 2.24 7.08
535000 0 0 2.32 7.2
536000 0 0 2.24 7.16
537000 0 0 2.44 7.72
538000 0 0 2.4 7.6
539000 0 0 2.52 7.56
540000 0 0 2.28 7.12
541000 0 0 1.96 7.04
542000 0 0 2.6 6.88
543000 0 0 2.56 7.08
544000 0 0 2.04 7.16
545000 0 0.04 2.4 6.96
546000 0 0 2.76 7.28
547000 0 0 2.2 6.96
548000 0 0 2 7.08
549000 0 0 2.4 7.4
550000 0 0 2.36 7.68
551000 0 0 2.28 7.2
552000 0 0 2.28 7.32
553000 0 0 2.04 7.08
554000 0 0 2.44 6.64
555000 0 0 2.24 6.92
556000 0 0 2.12 7.08
557000 0 0 2 6.88
558000 0 0 2.24 6.88
559000 0 0 1.68 7.04
560000 0 0 2.6 7.24
561000 0 0 2.52 7.44
562000 0 0 2.16 7.36
563000 0 0 2.32 6.88
564000 0 0 1.76 7.04
565000 0 0 2.44 6.88
566000 0 0 2.24 6.92
567000 0 0 2 6.68
568000 0 0 2.2 6.96
569000 0 0 1.88 6.88
570000 0 0 1.96 6.96
571000 0 0 2.28 7.08
572000 0 0 1.8 7.08
573000 0 0 2.56 7.16
574000 0 0 2.48 7.6
575000 0 0 2.32 7.12
576000 0 0 2.4 7.32
577000 0 0 2.12 7.56
578000 0 0 2.32 7.56
579000 0 0 2.32 7.4
580000 0 0 2.08 7.28
581000 0 0 1.8 7.12
582000 0 0 2.16 7.48
583000 0 0 2.68 7.32
584000 0 0 2.28 7.24
585000 0 0 2.44 7.36
586000 0 0 2 7
587000 0 0 2.68 7
588000 0 0 2.16 6.8
589000 0 0 2 6.44
590000 0 0 1.8 7.08
591000 0 0 2.16 7.08
592000 0 0 2.44 7.08
593000 0 0 2.48 7.12
594000 0 0 1.88 6.96
595000 0 0 1.96 7
596000 0 0 2.12 7.52
597000 0 0 1.88 7.16
598000 0 0 2.4 6.84
599000 0 0.04 2 7.36
600000 0 0 2.52 7.2
601000 0 0 2.32 6.88
602000 0 0.04 2.6 7
603000 0 0 2.08 7.36
604000 0 0 2.68 7.36
605000 0 0 2.08 7.08
606000 0 0 2.12 7.24
607000 0 0 2.32 7.32
608000 0 0.04 2.48 7.28
609000 0 0 2.04 7.12
610000 0 0 2.12 7.24
611000 0 0 2.68 7.28
612000 0 0 2 6.92
613000 0 0 2.28 7
614000 0 0 2 7.16
615000 0 0 2.12 7.12
616000 0 0.04 2.44 7.2
617000 0 0 2.8 7.24
618000 0 0 2.2 7.44
619000 0 0 2.32 7.16
620000 0 0.04 2.32 7.56
621000 0 0 2.2 7.16
622000 0 0 2.36 7.04
623000 0 0 2.36 6.68
624000 0 0 2.12 6.96
625000 0 0 2 7.4
626000 0 0 1.92 7.16
627000 0 0 2.16 7.04
628000 0 0 2.08 7.12
629000 0 0 2.24 7.16
630000 0 0 2.04 6.96
631000 0 0 2.52 7.08
632000 0 0 2.24 7.2
633000 0 0 2.44 7.12
634000 0 0 2.52 7.28
635000 0 0 2.08 7.08
636000 0 0 2 7.44
637000 0 0 2.04 7.56
638000 0 0 2.32 7.04
639000 0 0 2.04 6.84
640000 0 0 2.52 7.28
641000 0 0 2.2 7.24
642000 0 0 2.72 7.4
643000 0 0 2.2 7.04
644000 0 0 2 7.04
645000 0 0 2.12 7.2
646000 0 0 2.24 6.96
647000 0 0 2.12 7.16
648000 0 0 2.36 7.28
649000 0 0 2.16 7.04
650000 0 0 2.44 7.32
651000 0 0 1.76 7.24
652000 0 0 2.32 7.16
653000 0 0 2.32 6.6
654000 0 0 2.04 7.12
655000 0 0 2.48 7.24
656000 0 0 2.44 6.96
657000 0 0 2.52 7
658000 0 0 2.48 7.6
659000 0 0 2.56 7.44
660000 0 0 2.16 7.16
661000 0 0 2.32 7.44
662000 0 0 2.64 7.16
663000 0 0 2.44 7.12
664000 0 0.08 2.24 7.2
665000 0 0 2.44 7.32
666000 0 0 2.36 7.2
667000 0 0 2.24 7.24
668000 0 0 2.24 7.12
669000 0 0 2.64 7.12
670000 0 0 2.56 7.84
671000 0 0 1.84 7.24
672000 0 0.04 2.68 7.44
673000 0 0 1.76 6.88
674000 0 0 2.48 7.36
675000 0 0 2.44 7.04
676000 0 0 2.28 7.08
677000 0 0 2.92 7.32
678000 0 0 2.08 7.12
679000 0 0 2.24 6.68
680000 0 0 1.76 7.08
681000 0 0 2.52 7.08
682000 0 0 2.4 7.2
683000 0 0 2.36 7.16
684000 0 0 2.24 7.56
685000 0 0 2.48 7.48
686000 0 0 2.64 7.72
687000 0 0 2.44 6.96
688000 0 0 2.04 7.44
689000 0 0 2.24 6.92
690000 0 0 2.28 6.92
691000 0 0.04 2.28 6.92
692000 0 0 2.2 7.2
693000 0 0 2.2 7.24
694000 0 0 2.84 7.56
695000 0 0 2.8 7.96
696000 0 0 2.52 7.92
697000 0 0 2.72 7.36
698000 0 0 2.16 7.4
699000 0 0 2.56 6.8
700000 0 0 2.32 7.24
701000 0 0 2.44 7.4
702000 0 0 2 7
703000 0 0 2.12 7.24
704000 0 0 2.24 7.4
705000 0 0 2.12 7.32
706000 0 0 2.44 7.08
707000 0 0 2.4 7.72
708000 0 0 2.48 7.76
709000 0 0 2.48 7.24
710000 0 0.04 2.16 7.68
711000 0 0.04 1.92 7.24
712000 0 0 2.6 7
713000 0 0 2.92 7.44
714000 0 0 2.48 7.28
715000 0 0 2.32 7.04
716000 0 0 2.36 7.2
717000 0 0 2.12 7.16
718000 0 0 2.36 7.76
719000 0 0 2.28 7.44
720000 0 0 2.48 7.48
721000 0 0 2.08 7.08
722000 0 0.04 2.24 7.08
723000 0 0.04 1.88 7.16
724000 0 0 2.2 7.44
725000 0 0 1.72 7.64
726000 0 0 2.44 6.88
727000 0 0 2.12 7.36
728000 0 0 2.28 6.84
729000 0 0 1.8 7.12
730000 0 0 2.48 7.04
731000 0 0 2.24 6.96
732000 0 0 1.8 6.84
733000 0 0 1.8 7
734000 0 0 2.2 7.36
735000 0 0 2.44 6.96
736000 0 0 2.08 7.52
737000 0 0 2 6.76
738000 0 0 2.08 7.24
739000 0 0 2.08 6.76
740000 0 0.04 2.04 7.12
741000 0 0.04 2.28 7.32
742000 0 0 2.28 7.36
743000 0 0 2.4 7.72
744000 0 0 2.56 7.52
745000 0 0 2 7.32
746000 0 0 2.04 7.16
747000 0 0 2.2 7.12
748000 0 0.04 2.44 6.96
749000 0 0.04 2.6 7.04
750000 0 0 2.32 6.96
751000 0 0 2.48 7.32
752000 0 0 2.12 7.2
753000 0 0 2.64 7.28
754000 0 0 2.44 7.2
755000 0 0 2.36 7.04
756000 0 0 2.6 7.24
757000 0 0 2.32 7.04
758000 0 0 2.44 7.4
759000 0 0 2.12 7.24
760000 0 0.04 1.76 7.36
761000 0 0 2.4 6.96
762000 0 0.04 2.12 7.32
763000 0 0 2.48 7.36
764000 0 0 2.36 7.16
765000 0 0.04 2.16 7.28
766000 0 0.04 2.24 7.32
767000 0 0 2.28 7
768000 0 0 2.12 7.36
769000 0 0 2.32 7.16
770000 0 0 2.04 6.92
771000 0 0 2.36 7.16
772000 0 0 2.12 7.2
773000 0 0 2.2 7.52
774000 0 0 2.12 7.48
775000 0 0 2.28 7.2
776000 0 0 2.48 7.12
777000 0 0 1.84 7.32
778000 0 0 1.96 7.08
779000 0 0 1.68 7.16
780000 0 0 1.56 7.24
781000 0 0 2.12 7.4
782000 0 0 2.72 7.28
783000 0 0 2.36 7.12
784000 0 0 2.52 7.04
785000 0 0 2.04 7.4
786000 0 0 2.48 7.36
787000 0 0 2.4 7.12
788000 0 0 2.24 7.28
789000 0 0 2.24 7.08
790000 0 0 2.52 7.12
791000 0 0 2.36 7.16
792000 0 0 2.52 6.96
793000 0 0 2.6 7.48
794000 0 0 2.08 7.32
795000 0 0 2.44 7.24
796000 0 0 2.08 7.04
797000 0 0 2.2 7
798000 0 0 2.08 7.12
799000 0 0 1.8 7.32
800000 0 0 2.44 7.12
801000 0 0 2.32 7.32
802000 0 0.04 1.76 7.32
803000 0 0 1.96 6.96
804000 0 0 1.84 7.04
805000 0 0 2.28 7.16
806000 0 0 2.28 6.76
807000 0 0 2.44 7.08
808000 0 0 2.28 7
809000 0 0 2.4 6.92
810000 0 0 1.96 7.32
811000 0 0 2.52 7.16
812000 0 0 2.12 7.52
813000 0 0 2.4 7.16
814000 0 0 2.56 7.12
815000 0 0 2.56 7.2
816000 0 0 2.76 7.6
817000 0 0 2.28 7.24
818000 0 0 2.72 7.2
819000 0 0 2.2 7
820000 0 0 2.56 7.08
821000 0 0 2.32 7.36
822000 0 0.04 2.24 7.24
823000 0 0 1.96 7.2
824000 0 0 2.28 6.88
825000 0 0 1.92 7.12
826000 0 0 2.16 7
827000 0 0 1.96 7.24
828000 0 0.04 2.12 7.28
829000 0 0 2.44 7.56
830000 0 0 2.4 7.08
831000 0 0 1.68 7.44
832000 0 0 2.2 7.12
833000 0 0 1.76 7.16
834000 0 0 2.56 6.88
835000 0 0 2.4 7.24
836000 0 0 2.28 7.24
837000 0 0 2.56 7.32
838000 0 0 1.92 7.24
839000 0 0 2.16 6.84
840000 0 0 2.12 7.32
841000 0 0 2.2 7.24
842000 0 0 2.08 7.16
843000 0 0 2.48 7.16
844000 0 0 2 7.4
845000 0 0 2 7.44
846000 0 0 2.12 7.48
847000 0 0 2.16 7.24
848000 0 0 2.6 7.24
849000 0 0.04 2.68 7.28
850000 0 0 2.4 7.08
851000 0 0 2.28 7.36
852000 0 0 2.68 6.96
853000 0 0 2.08 7.44
854000 0 0 2.08 7.2
855000 0 0 2.04 7.04
856000 0 0 1.92 7.08
857000 0 0 3.04 7.52
858000 0 0 2.72 7.4
859000 0 0 2.64 6.92
860000 0 0 2.16 7.4
861000 0 0 2.24 7.6
862000 0 0 2.32 7.32
863000 0 0 2.28 6.92
864000 0 0 2.08 6.84
865000 0 0 2.28 7.6
866000 0 0 2 7.44
867000 0 0 2.2 7.44
868000 0 0 2.12 7.08
869000 0 0 2.2 7.04
870000 0 0 2.08 7.16
871000 0 0 1.64 6.84
872000 0 0 1.92 6.8
873000 0 0 2.36 7.44
874000 0 0 2.44 6.88
875000 0 0.04 2.16 7.4
876000 0 0 1.92 7.28
877000 0 0 2.52 7.44
878000 0 0 2.44 7.44
879000 0 0 2.36 7.16
880000 0 0 2.32 7.48
881000 0 0 2.6 7.36
882000 0 0 2.08 7.04
883000 0 0 2.08 7.28
884000 0 0 2.48 7.4
885000 0 0 2.4 7.04
886000 0 0 2.28 7.6
887000 0 0 2.16 7.52
888000 0 0 2.52 7.28
889000 0 0 2.32 7.4
890000 0 0 2.12 7.6
891000 0 0 1.92 6.72
892000 0 0 2 6.88
893000 0 0 2.64 7.12
894000 0 0.04 2.24 7.04
895000 0 0 2 7.44
896000 0 0 2.16 7.12
897000 0 0 2.56 6.96
898000 0 0 2.36 7
899000 0 0 2.12 7.24
900000 0 0 1.8 6.88
901000 0 0 2.24 7.28
902000 0 0 2.16 7.04
903000 0 0 2.68 7.08
904000 0 0 2.48 7.2
905000 0 0 2.08 7.12
906000 0 0 1.84 7.24
907000 0 0 1.8 7.08
908000 0 0 2.76 7.52
909000 0 0 2.56 7.28
910000 0 0 2.28 7.52
911000 0 0 2.08 7.28
912000 0 0 2.12 7
913000 0 0.04 2.56 7.08
914000 0 0 2.2 6.96
915000 0 0.04 2.32 7.12
916000 0 0 2.16 7.2
917000 0 0 2.28 7.24
918000 0 0 2.8 7.56
919000 0 0 2.48 7.36
920000 0 0 2.08 7.32
921000 0 0 2.08 7.24
922000 0 0 2.16 7.36
923000 0 0.04 2.36 6.92
924000 0 0 2.48 7.44
925000 0 0 2.16 7.04
926000 0 0 1.92 6.88
927000 0 0 2.36 7.32
928000 0 0 2.04 6.92
929000 0 0 2 6.56
930000 0 0 1.96 6.88
931000 0 0.04 2.48 7.04
932000 0 0 2.64 7.92
933000 0 0 2.24 7.24
934000 0 0 2.8 7.2
935000 0 0 2 7.48
936000 0 0 2.72 7.28
937000 0 0 2.28 7.52
938000 0 0 2.04 7.28
939000 0 0 2.36 7.12
940000 0 0 2.12 7.36
941000 0 0 2.32 7.2
942000 0 0 1.6 6.72
943000 0 0 2.36 7.24
944000 0 0 2.36 7.2
945000 0 0 2.28 7.08
946000 0 0 2.08 6.92
947000 0 0 2.2 7
948000 0 0 1.72 7.2
949000 0 0 2.6 7.36
950000 0 0 1.72 7.32
951000 0 0 2.44 7.48
952000 0 0 2.44 7
953000 0 0 2.28 7.28
954000 0 0 2.12 7.56
955000 0 0 2.48 7.16
956000 0 0 2.44 7.32
957000 0 0 1.96 7.8
958000 0 0 2.24 7.8
959000 0 0 2.44 7.4
960000 0 0 2.44 7.64
961000 0 0.04 2.56 7.52
962000 0 0 2.88 7.36
963000 0 0 2.12 7.28
964000 0 0 2.32 7.24
965000 0 0 2.52 7.24
966000 0 0 2.56 7.44
967000 0 0 1.92 7.52
968000 0 0 2.12 7.4
969000 0 0 2.24 7.4
970000 0 0 2.16 7.08
971000 0 0 2.16 7.08
972000 0 0 2.48 7.12
973000 0 0 2.24 7
974000 0 0 2.16 7.2
975000 0 0 2.4 7.16
976000 0 0 2.36 7.32
977000 0 0 2.12 7.28
978000 0 0 2.44 7.6
979000 0 0 2.68 7.56
980000 0 0 2.12 7.04
981000 0 0 2.36 7.12
982000 0 0 2.04 6.76
983000 0 0 2.12 6.72
984000 0 0.04 2.48 6.84
985000 0 0 2.56 7.24
986000 0 0 2.2 7.28
987000 0 0 2.6 7.12
988000 0 0 2.52 7.72
989000 0 0 2.8 7.4
990000 0 0 2.16 6.84
991000 0 0 2.44 7.48
992000 0 0 2.44 7.32
993000 0 0 2.56 7.04
994000 0 0 2.32 7
995000 0 0 1.64 7.08
996000 0 0 2.44 7.08
997000 0 0 1.76 7.12
998000 0 0 2.32 7.08
999000 0 0 2.48 7
1000000 0 0 2.12 7.4
