# Time-averaged data for fix avgcoord
# TimeStep c_ac1 c_ac2
1000 0.215 0.635
2000 0.3 0.872
3000 0.299 0.971
4000 0.333 1.029
5000 0.324 1.08
6000 0.312 1.114
7000 0.303 1.083
8000 0.303 1.049
9000 0.31 1.044
10000 0.297 1.061
11000 0.316 1.036
12000 0.292 1.048
13000 0.286 1
14000 0.318 0.986
15000 0.301 1.019
16000 0.276 0.932
17000 0.271 0.891
18000 0.27 0.942
19000 0.284 0.924
20000 0.298 0.992
21000 0.238 0.962
22000 0.31 0.904
23000 0.258 0.888
24000 0.254 0.854
25000 0.268 0.872
26000 0.233 0.777
27000 0.246 0.88
28000 0.231 0.837
29000 0.262 0.778
30000 0.258 0.864
31000 0.265 0.871
32000 0.237 0.839
33000 0.247 0.835
34000 0.24 0.784
35000 0.264 0.784
36000 0.239 0.725
37000 0.217 0.681
38000 0.226 0.724
39000 0.199 0.721
40000 0.228 0.76
41000 0.228 0.736
42000 0.242 0.728
43000 0.238 0.748
44000 0.223 0.685
45000 0.214 0.698
46000 0.235 0.671
47000 0.21 0.682
48000 0.241 0.679
49000 0.221 0.745
50000 0.225 0.689
51000 0.212 0.662
52000 0.205 0.657
53000 0.212 0.61
54000 0.184 0.592
55000 0.208 0.614
56000 0.197 0.575
57000 0.187 0.557
58000 0.214 0.594
59000 0.197 0.597
60000 0.213 0.579
61000 0.184 0.55
62000 0.185 0.573
63000 0.202 0.592
64000 0.179 0.563
65000 0.193 0.581
66000 0.176 0.558
67000 0.17 0.54
68000 0.176 0.544
69000 0.188 0.64
70000 0.189 0.555
71000 0.159 0.487
72000 0.191 0.501
73000 0.171 0.513
74000 0.159 0.475
75000 0.152 0.504
76000 0.162 0.53
77000 0.151 0.427
78000 0.148 0.438
79000 0.171 0.493
80000 0.167 0.509
81000 0.155 0.473
82000 0.16 0.488
83000 0.154 0.444
84000 0.176 0.49
85000 0.149 0.487
86000 0.162 0.436
87000 0.143 0.453
88000 0.131 0.433
89000 0.155 0.467
90000 0.161 0.489
91000 0.153 0.487
92000 0.155 0.423
93000 0.146 0.486
94000 0.135 0.409
95000 0.151 0.469
96000 0.142 0.428
97000 0.134 0.464
98000 0.149 0.437
99000 0.148 0.432
100000 0.149 0.383
101000 0.134 0.474
102000 0.155 0.429
103000 0.141 0.429
104000 0.155 0.451
105000 0.151 0.415
106000 0.139 0.427
107000 0.144 0.442
108000 0.14 0.446
109000 0.132 0.378
110000 0.138 0.422
111000 0.154 0.446
112000 0.151 0.413
113000 0.129 0.455
114000 0.137 0.445
115000 0.148 0.418
116000 0.125 0.415
117000 0.123 0.417
118000 0.15 0.482
119000 0.145 0.387
120000 0.125 0.355
121000 0.147 0.447
122000 0.124 0.398
123000 0.131 0.419
124000 0.131 0.399
125000 0.131 0.429
126000 0.12 0.382
127000 0.135 0.375
128000 0.16 0.384
129000 0.139 0.391
130000 0.144 0.4
131000 0.14 0.442
132000 0.139 0.407
133000 0.147 0.401
134000 0.127 0.391
135000 0.123 0.377
136000 0.118 0.402
137000 0.136 0.388
138000 0.14 0.372
139000 0.144 0.4
140000 0.148 0.456
141000 0.117 0.367
142000 0.139 0.379
143000 0.143 0.429
144000 0.154 0.358
145000 0.131 0.449
146000 0.145 0.385
147000 0.126 0.428
148000 0.115 0.373
149000 0.144 0.402
150000 0.141 0.409
151000 0.129 0.419
152000 0.134 0.394
153000 0.12 0.368
154000 0.129 0.395
155000 0.146 0.386
156000 0.128 0.376
157000 0.139 0.385
158000 0.129 0.407
159000 0.145 0.387
160000 0.13 0.374
161000 0.135 0.407
162000 0.133 0.437
163000 0.126 0.382
164000 0.145 0.421
165000 0.142 0.4
166000 0.126 0.418
167000 0.132 0.422
168000 0.143 0.401
169000 0.143 0.407
170000 0.124 0.41
171000 0.129 0.425
172000 0.114 0.382
173000 0.121 0.391
174000 0.148 0.378
175000 0.154 0.38
176000 0.151 0.421
177000 0.126 0.412
178000 0.106 0.368
179000 0.136 0.366
180000 0.109 0.409
181000 0.132 0.398
182000 0.136 0.44
183000 0.149 0.417
184000 0.142 0.436
185000 0.11 0.366
186000 0.144 0.382
187000 0.135 0.391
188000 0.147 0.389
189000 0.124 0.396
190000 0.14 0.382
191000 0.148 0.406
192000 0.126 0.4
193000 0.132 0.438
194000 0.122 0.396
195000 0.141 0.387
196000 0.121 0.405
197000 0.118 0.382
198000 0.129 0.409
199000 0.113 0.385
200000 0.115 0.401
201000 0.13 0.398
202000 0.133 0.365
203000 0.157 0.415
204000 0.129 0.463
205000 0.132 0.454
206000 0.143 0.415
207000 0.145 0.431
208000 0.136 0.424
209000 0.153 0.403
210000 0.138 0.438
211000 0.162 0.45
212000 0.152 0.396
213000 0.149 0.419
214000 0.135 0.421
215000 0.144 0.448
216000 0.138 0.408
217000 0.153 0.441
218000 0.151 0.445
219000 0.13 0.436
220000 0.148 0.422
221000 0.128 0.364
222000 0.148 0.404
223000 0.138 0.374
224000 0.148 0.444
225000 0.125 0.431
226000 0.155 0.409
227000 0.121 0.365
228000 0.128 0.446
229000 0.15 0.376
230000 0.125 0.393
231000 0.125 0.429
232000 0.13 0.446
233000 0.15 0.428
234000 0.155 0.441
235000 0.153 0.431
236000 0.13 0.374
237000 0.143 0.421
238000 0.128 0.408
239000 0.158 0.404
240000 0.15 0.386
241000 0.132 0.392
242000 0.141 0.427
243000 0.163 0.435
244000 0.141 0.415
245000 0.121 0.429
246000 0.142 0.424
247000 0.131 0.431
248000 0.136 0.394
249000 0.158 0.444
250000 0.141 0.451
251000 0.132 0.426
252000 0.132 0.416
253000 0.114 0.392
254000 0.128 0.402
255000 0.141 0.429
256000 0.134 0.412
257000 0.169 0.455
258000 0.147 0.431
259000 0.164 0.452
260000 0.152 0.44
261000 0.151 0.435
262000 0.147 0.463
263000 0.164 0.44
264000 0.134 0.406
265000 0.15 0.48
266000 0.158 0.45
267000 0.165 0.487
268000 0.15 0.45
269000 0.165 0.451
270000 0.15 0.448
271000 0.141 0.441
272000 0.153 0.431
273000 0.164 0.464
274000 0.143 0.477
275000 0.148 0.488
276000 0.145 0.445
277000 0.132 0.426
278000 0.144 0.416
279000 0.137 0.425
280000 0.149 0.447
281000 0.146 0.458
282000 0.127 0.415
283000 0.158 0.412
284000 0.134 0.504
285000 0.148 0.41
286000 0.176 0.468
287000 0.149 0.439
288000 0.152 0.418
289000 0.18 0.486
290000 0.165 0.427
291000 0.151 0.439
292000 0.135 0.473
293000 0.148 0.42
294000 0.138 0.414
295000 0.156 0.462
296000 0.16 0.442
297000 0.169 0.431
298000 0.16 0.51
299000 0.153 0.483
300000 0.149 0.487
301000 0.146 0.408
302000 0.149 0.401
303000 0.144 0.436
304000 0.165 0.487
305000 0.15 0.466
306000 0.139 0.451
307000 0.187 0.509
308000 0.164 0.494
309000 0.153 0.449
310000 0.139 0.423
311000 0.158 0.416
312000 0.148 0.434
313000 0.148 0.554
314000 0.155 0.469
315000 0.155 0.455
316000 0.158 0.416
317000 0.136 0.436
318000 0.173 0.447
319000 0.162 0.464
320000 0.132 0.454
321000 0.161 0.463
322000 0.169 0.473
323000 0.138 0.448
324000 0.17 0.462
325000 0.178 0.452
326000 0.128 0.43
327000 0.162 0.39
328000 0.156 0.434
329000 0.153 0.491
330000 0.149 0.449
331000 0.143 0.439
332000 0.13 0.424
333000 0.148 0.464
334000 0.157 0.497
335000 0.139 0.419
336000 0.17 0.426
337000 0.14 0.45
338000 0.141 0.461
339000 0.147 0.479
340000 0.175 0.483
341000 0.152 0.45
342000 0.146 0.4
343000 0.133 0.445
344000 0.158 0.428
345000 0.157 0.467
346000 0.149 0.467
347000 0.149 0.525
348000 0.165 0.505
349000 0.153 0.511
350000 0.149 0.425
351000 0.131 0.441
352000 0.155 0.485
353000 0.156 0.448
354000 0.153 0.479
355000 0.152 0.498
356000 0.154 0.472
357000 0.161 0.485
358000 0.155 0.449
359000 0.15 0.434
360000 0.145 0.449
361000 0.148 0.494
362000 0.171 0.483
363000 0.16 0.494
364000 0.162 0.47
365000 0.164 0.436
366000 0.16 0.444
367000 0.131 0.503
368000 0.187 0.479
369000 0.141 0.463
370000 0.159 0.487
371000 0.164 0.476
372000 0.152 0.5
373000 0.161 0.475
374000 0.162 0.456
375000 0.179 0.491
376000 0.145 0.441
377000 0.164 0.484
378000 0.151 0.471
379000 0.164 0.478
380000 0.167 0.455
381000 0.153 0.469
382000 0.16 0.534
383000 0.148 0.478
384000 0.17 0.5
385000 0.18 0.448
386000 0.145 0.455
387000 0.167 0.449
388000 0.148 0.49
389000 0.158 0.44
390000 0.147 0.461
391000 0.16 0.428
392000 0.159 0.461
393000 0.169 0.467
394000 0.149 0.467
395000 0.157 0.453
396000 0.149 0.419
397000 0.14 0.488
398000 0.152 0.488
399000 0.166 0.476
400000 0.147 0.471
401000 0.159 0.527
402000 0.172 0.46
403000 0.167 0.527
404000 0.165 0.489
405000 0.154 0.46
406000 0.185 0.505
407000 0.146 0.464
408000 0.16 0.478
409000 0.153 0.451
410000 0.155 0.517
411000 0.154 0.448
412000 0.157 0.467
413000 0.167 0.487
414000 0.142 0.514
415000 0.151 0.513
416000 0.177 0.499
417000 0.156 0.484
418000 0.15 0.478
419000 0.174 0.484
420000 0.143 0.465
421000 0.147 0.451
422000 0.138 0.49
423000 0.16 0.468
424000 0.156 0.48
425000 0.17 0.466
426000 0.169 0.451
427000 0.168 0.508
428000 0.148 0.5
429000 0.187 0.543
430000 0.144 0.466
431000 0.144 0.458
432000 0.165 0.499
433000 0.172 0.48
434000 0.174 0.462
435000 0.189 0.463
436000 0.171 0.529
437000 0.157 0.501
438000 0.169 0.531
439000 0.159 0.453
440000 0.154 0.504
441000 0.173 0.563
442000 0.18 0.498
443000 0.174 0.504
444000 0.156 0.44
445000 0.155 0.461
446000 0.169 0.545
447000 0.168 0.506
448000 0.143 0.449
449000 0.189 0.523
450000 0.173 0.509
451000 0.143 0.461
452000 0.173 0.475
453000 0.183 0.487
454000 0.167 0.517
455000 0.171 0.481
456000 0.161 0.491
457000 0.198 0.514
458000 0.146 0.47
459000 0.149 0.503
460000 0.169 0.497
461000 0.159 0.509
462000 0.21 0.496
463000 0.156 0.536
464000 0.147 0.463
465000 0.167 0.499
466000 0.151 0.463
467000 0.156 0.528
468000 0.154 0.476
469000 0.129 0.441
470000 0.16 0.484
471000 0.163 0.451
472000 0.18 0.494
473000 0.147 0.479
474000 0.166 0.488
475000 0.175 0.473
476000 0.172 0.518
477000 0.145 0.469
478000 0.168 0.466
479000 0.174 0.53
480000 0.151 0.519
481000 0.149 0.473
482000 0.162 0.492
483000 0.175 0.463
484000 0.162 0.522
485000 0.155 0.445
486000 0.157 0.455
487000 0.164 0.496
488000 0.185 0.471
489000 0.167 0.513
490000 0.182 0.492
491000 0.148 0.46
492000 0.168 0.498
493000 0.17 0.468
494000 0.177 0.535
495000 0.183 0.511
496000 0.181 0.477
497000 0.184 0.486
498000 0.176 0.488
499000 0.148 0.5
500000 0.186 0.494
501000 0.164 0.486
502000 0.162 0.518
503000 0.19 0.49
504000 0.201 0.515
505000 0.192 0.494
506000 0.166 0.522
507000 0.159 0.473
508000 0.173 0.495
509000 0.175 0.525
510000 0.186 0.548
511000 0.17 0.554
512000 0.183 0.515
513000 0.151 0.467
514000 0.176 0.524
515000 0.155 0.537
516000 0.187 0.557
517000 0.199 0.519
518000 0.174 0.518
519000 0.162 0.454
520000 0.15 0.472
521000 0.155 0.495
522000 0.161 0.475
523000 0.189 0.525
524000 0.176 0.56
525000 0.152 0.474
526000 0.191 0.535
527000 0.158 0.456
528000 0.182 0.484
529000 0.194 0.548
530000 0.18 0.494
531000 0.177 0.475
532000 0.203 0.545
533000 0.165 0.445
534000 0.164 0.486
535000 0.199 0.507
536000 0.167 0.505
537000 0.15 0.472
538000 0.179 0.497
539000 0.149 0.499
540000 0.175 0.577
541000 0.179 0.509
542000 0.159 0.497
543000 0.173 0.469
544000 0.184 0.486
545000 0.186 0.556
546000 0.191 0.507
547000 0.194 0.544
548000 0.172 0.496
549000 0.188 0.516
550000 0.166 0.504
551000 0.153 0.511
552000 0.191 0.545
553000 0.156 0.412
554000 0.179 0.529
555000 0.171 0.505
556000 0.15 0.544
557000 0.15 0.508
558000 0.179 0.565
559000 0.191 0.485
560000 0.188 0.518
561000 0.183 0.549
562000 0.164 0.496
563000 0.177 0.481
564000 0.16 0.592
565000 0.164 0.446
566000 0.177 0.503
567000 0.176 0.518
568000 0.173 0.427
569000 0.176 0.532
570000 0.192 0.508
571000 0.199 0.521
572000 0.158 0.514
573000 0.191 0.539
574000 0.165 0.503
575000 0.179 0.535
576000 0.173 0.523
577000 0.192 0.53
578000 0.161 0.497
579000 0.15 0.5
580000 0.182 0.532
581000 0.174 0.548
582000 0.182 0.498
583000 0.181 0.535
584000 0.198 0.574
585000 0.184 0.514
586000 0.173 0.541
587000 0.182 0.524
588000 0.159 0.491
589000 0.167 0.493
590000 0.192 0.528
591000 0.174 0.516
592000 0.193 0.547
593000 0.183 0.525
594000 0.199 0.547
595000 0.196 0.542
596000 0.174 0.526
597000 0.185 0.519
598000 0.19 0.496
599000 0.174 0.542
600000 0.179 0.501
601000 0.174 0.506
602000 0.18 0.522
603000 0.177 0.483
604000 0.16 0.47
605000 0.202 0.518
606000 0.19 0.508
607000 0.164 0.524
608000 0.179 0.513
609000 0.2 0.516
610000 0.162 0.506
611000 0.173 0.509
612000 0.2 0.51
613000 0.158 0.552
614000 0.175 0.511
615000 0.172 0.546
616000 0.169 0.547
617000 0.188 0.488
618000 0.175 0.521
619000 0.182 0.55
620000 0.171 0.563
621000 0.203 0.529
622000 0.189 0.497
623000 0.199 0.505
624000 0.194 0.566
625000 0.184 0.506
626000 0.171 0.521
627000 0.201 0.541
628000 0.182 0.508
629000 0.19 0.506
630000 0.175 0.489
631000 0.193 0.527
632000 0.182 0.532
633000 0.191 0.539
634000 0.194 0.562
635000 0.173 0.469
636000 0.177 0.505
637000 0.197 0.499
638000 0.173 0.501
639000 0.181 0.517
640000 0.162 0.5
641000 0.166 0.494
642000 0.17 0.532
643000 0.204 0.562
644000 0.182 0.538
645000 0.187 0.535
646000 0.152 0.516
647000 0.174 0.528
648000 0.179 0.515
649000 0.179 0.507
650000 0.188 0.482
651000 0.204 0.552
652000 0.209 0.539
653000 0.188 0.518
654000 0.169 0.481
655000 0.188 0.524
656000 0.186 0.596
657000 0.182 0.502
658000 0.191 0.553
659000 0.173 0.501
660000 0.19 0.53
661000 0.15 0.458
662000 0.162 0.574
663000 0.17 0.576
664000 0.179 0.491
665000 0.175 0.517
666000 0.163 0.481
667000 0.174 0.546
668000 0.19 0.514
669000 0.173 0.555
670000 0.193 0.551
671000 0.171 0.559
672000 0.203 0.555
673000 0.187 0.513
674000 0.184 0.506
675000 0.198 0.458
676000 0.181 0.561
677000 0.173 0.521
678000 0.165 0.513
679000 0.168 0.484
680000 0.181 0.471
681000 0.167 0.513
682000 0.196 0.506
683000 0.183 0.507
684000 0.18 0.478
685000 0.166 0.448
686000 0.199 0.517
687000 0.177 0.531
688000 0.163 0.511
689000 0.187 0.567
690000 0.158 0.484
691000 0.193 0.503
692000 0.182 0.466
693000 0.21 0.572
694000 0.186 0.528
695000 0.189 0.479
696000 0.164 0.492
697000 0.185 0.509
698000 0.186 0.508
699000 0.198 0.544
700000 0.152 0.532
701000 0.158 0.486
702000 0.177 0.553
703000 0.189 0.519
704000 0.185 0.509
705000 0.159 0.513
706000 0.186 0.522
707000 0.178 0.51
708000 0.193 0.519
709000 0.182 0.55
710000 0.188 0.546
711000 0.196 0.536
712000 0.172 0.544
713000 0.185 0.531
714000 0.181 0.533
715000 0.18 0.532
716000 0.185 0.509
717000 0.161 0.515
718000 0.17 0.508
719000 0.203 0.551
720000 0.176 0.496
721000 0.186 0.494
722000 0.193 0.549
723000 0.197 0.491
724000 0.228 0.556
725000 0.188 0.536
726000 0.184 0.512
727000 0.181 0.481
728000 0.204 0.576
729000 0.183 0.527
730000 0.184 0.524
731000 0.167 0.525
732000 0.179 0.529
733000 0.175 0.571
734000 0.189 0.595
735000 0.181 0.513
736000 0.213 0.535
737000 0.182 0.514
738000 0.184 0.48
739000 0.193 0.543
740000 0.18 0.504
741000 0.183 0.477
742000 0.173 0.485
743000 0.187 0.539
744000 0.175 0.557
745000 0.18 0.516
746000 0.181 0.513
747000 0.168 0.492
748000 0.19 0.586
749000 0.198 0.608
750000 0.199 0.503
751000 0.182 0.506
752000 0.191 0.555
753000 0.197 0.531
754000 0.173 0.527
755000 0.174 0.6
756000 0.182 0.57
757000 0.201 0.573
758000 0.174 0.51
759000 0.188 0.538
760000 0.2 0.526
761000 0.197 0.523
762000 0.175 0.575
763000 0.149 0.447
764000 0.187 0.523
765000 0.167 0.473
766000 0.178 0.466
767000 0.212 0.544
768000 0.184 0.534
769000 0.2 0.548
770000 0.18 0.524
771000 0.173 0.505
772000 0.186 0.514
773000 0.181 0.505
774000 0.203 0.537
775000 0.173 0.523
776000 0.193 0.511
777000 0.214 0.536
778000 0.161 0.535
779000 0.221 0.521
780000 0.174 0.478
781000 0.172 0.494
782000 0.168 0.542
783000 0.199 0.481
784000 0.167 0.477
785000 0.177 0.495
786000 0.19 0.554
787000 0.207 0.531
788000 0.17 0.502
789000 0.173 0.517
790000 0.183 0.487
791000 0.196 0.552
792000 0.147 0.523
793000 0.179 0.471
794000 0.187 0.563
795000 0.189 0.555
796000 0.188 0.538
797000 0.201 0.533
798000 0.173 0.505
799000 0.184 0.498
800000 0.176 0.458
801000 0.172 0.48
802000 0.18 0.504
803000 0.178 0.586
804000 0.2 0.582
805000 0.178 0.548
806000 0.188 0.504
807000 0.205 0.555
808000 0.18 0.562
809000 0.207 0.539
810000 0.161 0.461
811000 0.208 0.528
812000 0.199 0.495
813000 0.182 0.522
814000 0.185 0.529
815000 0.175 0.527
816000 0.162 0.512
817000 0.177 0.527
818000 0.165 0.491
819000 0.179 0.517
820000 0.173 0.531
821000 0.193 0.557
822000 0.185 0.531
823000 0.169 0.483
824000 0.176 0.532
825000 0.16 0.542
826000 0.19 0.518
827000 0.169 0.569
828000 0.181 0.543
829000 0.17 0.502
830000 0.181 0.539
831000 0.174 0.472
832000 0.171 0.513
833000 0.18 0.554
834000 0.208 0.528
835000 0.189 0.515
836000 0.17 0.576
837000 0.174 0.528
838000 0.195 0.449
839000 0.177 0.529
840000 0.191 0.555
841000 0.159 0.543
842000 0.167 0.527
843000 0.192 0.508
844000 0.193 0.501
845000 0.22 0.518
846000 0.182 0.552
847000 0.178 0.48
848000 0.169 0.533
849000 0.191 0.567
850000 0.186 0.552
851000 0.206 0.562
852000 0.186 0.536
853000 0.204 0.51
854000 0.175 0.553
855000 0.183 0.559
856000 0.172 0.518
857000 0.18 0.538
858000 0.164 0.504
859000 0.167 0.461
860000 0.158 0.478
861000 0.158 0.598
862000 0.178 0.524
863000 0.185 0.451
864000 0.2 0.484
865000 0.185 0.525
866000 0.212 0.546
867000 0.176 0.506
868000 0.191 0.547
869000 0.208 0.518
870000 0.191 0.563
871000 0.197 0.523
872000 0.176 0.446
873000 0.208 0.576
874000 0.173 0.515
875000 0.18 0.486
876000 0.186 0.496
877000 0.19 0.492
878000 0.204 0.558
879000 0.162 0.538
880000 0.18 0.62
881000 0.184 0.482
882000 0.211 0.521
883000 0.178 0.524
884000 0.167 0.479
885000 0.161 0.531
886000 0.205 0.517
887000 0.172 0.472
888000 0.191 0.547
889000 0.168 0.508
890000 0.158 0.51
891000 0.185 0.547
892000 0.21 0.544
893000 0.193 0.581
894000 0.218 0.574
895000 0.199 0.557
896000 0.194 0.516
897000 0.204 0.548
898000 0.154 0.494
899000 0.2 0.528
900000 0.173 0.529
901000 0.194 0.492
902000 0.192 0.508
903000 0.21 0.554
904000 0.166 0.478
905000 0.154 0.528
906000 0.163 0.467
907000 0.169 0.489
908000 0.207 0.559
909000 0.184 0.524
910000 0.186 0.538
911000 0.177 0.511
912000 0.172 0.502
913000 0.167 0.523
914000 0.189 0.561
915000 0.186 0.534
916000 0.202 0.54
917000 0.162 0.506
918000 0.185 0.533
919000 0.205 0.597
920000 0.175 0.515
921000 0.157 0.527
922000 0.184 0.466
923000 0.201 0.549
924000 0.156 0.548
925000 0.154 0.558
926000 0.19 0.514
927000 0.177 0.527
928000 0.186 0.52
929000 0.179 0.553
930000 0.147 0.479
931000 0.189 0.587
932000 0.17 0.472
933000 0.168 0.492
934000 0.207 0.501
935000 0.163 0.501
936000 0.192 0.512
937000 0.177 0.503
938000 0.196 0.54
939000 0.172 0.51
940000 0.204 0.568
941000 0.185 0.535
942000 0.187 0.567
943000 0.174 0.49
944000 0.176 0.542
945000 0.198 0.57
946000 0.184 0.534
947000 0.175 0.529
948000 0.196 0.58
949000 0.199 0.515
950000 0.164 0.508
951000 0.211 0.591
952000 0.18 0.5
953000 0.183 0.493
954000 0.211 0.525
955000 0.168 0.552
956000 0.188 0.572
957000 0.179 0.523
958000 0.184 0.52
959000 0.193 0.511
960000 0.163 0.485
961000 0.17 0.468
962000 0.181 0.517
963000 0.18 0.538
964000 0.184 0.59
965000 0.194 0.572
966000 0.178 0.49
967000 0.189 0.563
968000 0.145 0.513
969000 0.189 0.557
970000 0.16 0.546
971000 0.179 0.483
972000 0.187 0.491
973000 0.176 0.568
974000 0.194 0.568
975000 0.163 0.551
976000 0.201 0.515
977000 0.181 0.483
978000 0.168 0.528
979000 0.169 0.457
980000 0.161 0.489
981000 0.16 0.468
982000 0.199 0.571
983000 0.179 0.507
984000 0.207 0.549
985000 0.171 0.533
986000 0.186 0.524
987000 0.183 0.541
988000 0.183 0.549
989000 0.181 0.515
990000 0.193 0.487
991000 0.172 0.5
992000 0.17 0.448
993000 0.176 0.52
994000 0.171 0.557
995000 0.186 0.554
996000 0.186 0.524
997000 0.183 0.537
998000 0.16 0.522
999000 0.196 0.544
1000000 0.178 0.506
