# Time-averaged data for fix com
# TimeStep c_com[1] c_com[2] c_com[3]
1000 5.20074 5.11741 5.42784
2000 5.20074 5.11741 5.42784
3000 5.20074 5.11741 5.42784
4000 5.20074 5.11741 5.42784
5000 5.20074 5.11741 5.42784
6000 5.20074 5.11741 5.42784
7000 5.20074 5.11741 5.42784
8000 5.20074 5.11741 5.42784
9000 5.20074 5.11741 5.42784
10000 5.20074 5.11741 5.42784
11000 5.20074 5.11741 5.42784
12000 5.20074 5.11741 5.42784
13000 5.20074 5.11741 5.42784
14000 5.20074 5.11741 5.42784
15000 5.20074 5.11741 5.42784
16000 5.20074 5.11741 5.42784
17000 5.20074 5.11741 5.42784
18000 5.20074 5.11741 5.42784
19000 5.20074 5.11741 5.42784
20000 5.20074 5.11741 5.42784
21000 5.20074 5.11741 5.42784
22000 5.20074 5.11741 5.42784
23000 5.20074 5.11741 5.42784
24000 5.20074 5.11741 5.42784
25000 5.20074 5.11741 5.42784
26000 5.20074 5.11741 5.42784
27000 5.20074 5.11741 5.42784
28000 5.20074 5.11741 5.42784
29000 5.20074 5.11741 5.42784
30000 5.20074 5.11741 5.42784
31000 5.20074 5.11741 5.42784
32000 5.20074 5.11741 5.42784
33000 5.20074 5.11741 5.42784
34000 5.20074 5.11741 5.42784
35000 5.20074 5.11741 5.42784
36000 5.20074 5.11741 5.42784
37000 5.20074 5.11741 5.42784
38000 5.20074 5.11741 5.42784
39000 5.20074 5.11741 5.42784
40000 5.20074 5.11741 5.42784
41000 5.20074 5.11741 5.42784
42000 5.20074 5.11741 5.42784
43000 5.20074 5.11741 5.42784
44000 5.20074 5.11741 5.42784
45000 5.20074 5.11741 5.42784
46000 5.20074 5.11741 5.42784
47000 5.20074 5.11741 5.42784
48000 5.20074 5.11741 5.42784
49000 5.20074 5.11741 5.42784
50000 5.20074 5.11741 5.42784
51000 5.20074 5.11741 5.42784
52000 5.20074 5.11741 5.42784
53000 5.20074 5.11741 5.42784
54000 5.20074 5.11741 5.42784
55000 5.20074 5.11741 5.42784
56000 5.20074 5.11741 5.42784
57000 5.20074 5.11741 5.42784
58000 5.20074 5.11741 5.42784
59000 5.20074 5.11741 5.42784
60000 5.20074 5.11741 5.42784
61000 5.20074 5.11741 5.42784
62000 5.20074 5.11741 5.42784
63000 5.20074 5.11741 5.42784
64000 5.20074 5.11741 5.42784
65000 5.20074 5.11741 5.42784
66000 5.20074 5.11741 5.42784
67000 5.20074 5.11741 5.42784
68000 5.20074 5.11741 5.42784
69000 5.20074 5.11741 5.42784
70000 5.20074 5.11741 5.42784
71000 5.20074 5.11741 5.42784
72000 5.20074 5.11741 5.42784
73000 5.20074 5.11741 5.42784
74000 5.20074 5.11741 5.42784
75000 5.20074 5.11741 5.42784
76000 5.20074 5.11741 5.42784
77000 5.20074 5.11741 5.42784
78000 5.20074 5.11741 5.42784
79000 5.20074 5.11741 5.42784
80000 5.20074 5.11741 5.42784
81000 5.20074 5.11741 5.42784
82000 5.20074 5.11741 5.42784
83000 5.20074 5.11741 5.42784
84000 5.20074 5.11741 5.42784
85000 5.20074 5.11741 5.42784
86000 5.20074 5.11741 5.42784
87000 5.20074 5.11741 5.42784
88000 5.20074 5.11741 5.42784
89000 5.20074 5.11741 5.42784
90000 5.20074 5.11741 5.42784
91000 5.20074 5.11741 5.42784
92000 5.20074 5.11741 5.42784
93000 5.20074 5.11741 5.42784
94000 5.20074 5.11741 5.42784
95000 5.20074 5.11741 5.42784
96000 5.20074 5.11741 5.42784
97000 5.20074 5.11741 5.42784
98000 5.20074 5.11741 5.42784
99000 5.20074 5.11741 5.42784
100000 5.20074 5.11741 5.42784
101000 5.20074 5.11741 5.42784
102000 5.20074 5.11741 5.42784
103000 5.20074 5.11741 5.42784
104000 5.20074 5.11741 5.42784
105000 5.20074 5.11741 5.42784
106000 5.20074 5.11741 5.42784
107000 5.20074 5.11741 5.42784
108000 5.20074 5.11741 5.42784
109000 5.20074 5.11741 5.42784
110000 5.20074 5.11741 5.42784
111000 5.20074 5.11741 5.42784
112000 5.20074 5.11741 5.42784
113000 5.20074 5.11741 5.42784
114000 5.20074 5.11741 5.42784
115000 5.20074 5.11741 5.42784
116000 5.20074 5.11741 5.42784
117000 5.20074 5.11741 5.42784
118000 5.20074 5.11741 5.42784
119000 5.20074 5.11741 5.42784
120000 5.20074 5.11741 5.42784
121000 5.20074 5.11741 5.42784
122000 5.20074 5.11741 5.42784
123000 5.20074 5.11741 5.42784
124000 5.20074 5.11741 5.42784
125000 5.20074 5.11741 5.42784
126000 5.20074 5.11741 5.42784
127000 5.20074 5.11741 5.42784
128000 5.20074 5.11741 5.42784
129000 5.20074 5.11741 5.42784
130000 5.20074 5.11741 5.42784
131000 5.20074 5.11741 5.42784
132000 5.20074 5.11741 5.42784
133000 5.20074 5.11741 5.42784
134000 5.20074 5.11741 5.42784
135000 5.20074 5.11741 5.42784
136000 5.20074 5.11741 5.42784
137000 5.20074 5.11741 5.42784
138000 5.20074 5.11741 5.42784
139000 5.20074 5.11741 5.42784
140000 5.20074 5.11741 5.42784
141000 5.20074 5.11741 5.42784
142000 5.20074 5.11741 5.42784
143000 5.20074 5.11741 5.42784
144000 5.20074 5.11741 5.42784
145000 5.20074 5.11741 5.42784
146000 5.20074 5.11741 5.42784
147000 5.20074 5.11741 5.42784
148000 5.20074 5.11741 5.42784
149000 5.20074 5.11741 5.42784
150000 5.20074 5.11741 5.42784
151000 5.20074 5.11741 5.42784
152000 5.20074 5.11741 5.42784
153000 5.20074 5.11741 5.42784
154000 5.20074 5.11741 5.42784
155000 5.20074 5.11741 5.42784
156000 5.20074 5.11741 5.42784
157000 5.20074 5.11741 5.42784
158000 5.20074 5.11741 5.42784
159000 5.20074 5.11741 5.42784
160000 5.20074 5.11741 5.42784
161000 5.20074 5.11741 5.42784
162000 5.20074 5.11741 5.42784
163000 5.20074 5.11741 5.42784
164000 5.20074 5.11741 5.42784
165000 5.20074 5.11741 5.42784
166000 5.20074 5.11741 5.42784
167000 5.20074 5.11741 5.42784
168000 5.20074 5.11741 5.42784
169000 5.20074 5.11741 5.42784
170000 5.20074 5.11741 5.42784
171000 5.20074 5.11741 5.42784
172000 5.20074 5.11741 5.42784
173000 5.20074 5.11741 5.42784
174000 5.20074 5.11741 5.42784
175000 5.20074 5.11741 5.42784
176000 5.20074 5.11741 5.42784
177000 5.20074 5.11741 5.42784
178000 5.20074 5.11741 5.42784
179000 5.20074 5.11741 5.42784
180000 5.20074 5.11741 5.42784
181000 5.20074 5.11741 5.42784
182000 5.20074 5.11741 5.42784
183000 5.20074 5.11741 5.42784
184000 5.20074 5.11741 5.42784
185000 5.20074 5.11741 5.42784
186000 5.20074 5.11741 5.42784
187000 5.20074 5.11741 5.42784
188000 5.20074 5.11741 5.42784
189000 5.20074 5.11741 5.42784
190000 5.20074 5.11741 5.42784
191000 5.20074 5.11741 5.42784
192000 5.20074 5.11741 5.42784
193000 5.20074 5.11741 5.42784
194000 5.20074 5.11741 5.42784
195000 5.20074 5.11741 5.42784
196000 5.20074 5.11741 5.42784
197000 5.20074 5.11741 5.42784
198000 5.20074 5.11741 5.42784
199000 5.20074 5.11741 5.42784
200000 5.20074 5.11741 5.42784
201000 5.20074 5.11741 5.42784
202000 5.20074 5.11741 5.42784
203000 5.20074 5.11741 5.42784
204000 5.20074 5.11741 5.42784
205000 5.20074 5.11741 5.42784
206000 5.20074 5.11741 5.42784
207000 5.20074 5.11741 5.42784
208000 5.20074 5.11741 5.42784
209000 5.20074 5.11741 5.42784
210000 5.20074 5.11741 5.42784
211000 5.20074 5.11741 5.42784
212000 5.20074 5.11741 5.42784
213000 5.20074 5.11741 5.42784
214000 5.20074 5.11741 5.42784
215000 5.20074 5.11741 5.42784
216000 5.20074 5.11741 5.42784
217000 5.20074 5.11741 5.42784
218000 5.20074 5.11741 5.42784
219000 5.20074 5.11741 5.42784
220000 5.20074 5.11741 5.42784
221000 5.20074 5.11741 5.42784
222000 5.20074 5.11741 5.42784
223000 5.20074 5.11741 5.42784
224000 5.20074 5.11741 5.42784
225000 5.20074 5.11741 5.42784
226000 5.20074 5.11741 5.42784
227000 5.20074 5.11741 5.42784
228000 5.20074 5.11741 5.42784
229000 5.20074 5.11741 5.42784
230000 5.20074 5.11741 5.42784
231000 5.20074 5.11741 5.42784
232000 5.20074 5.11741 5.42784
233000 5.20074 5.11741 5.42784
234000 5.20074 5.11741 5.42784
235000 5.20074 5.11741 5.42784
236000 5.20074 5.11741 5.42784
237000 5.20074 5.11741 5.42784
238000 5.20074 5.11741 5.42784
239000 5.20074 5.11741 5.42784
240000 5.20074 5.11741 5.42784
241000 5.20074 5.11741 5.42784
242000 5.20074 5.11741 5.42784
243000 5.20074 5.11741 5.42784
244000 5.20074 5.11741 5.42784
245000 5.20074 5.11741 5.42784
246000 5.20074 5.11741 5.42784
247000 5.20074 5.11741 5.42784
248000 5.20074 5.11741 5.42784
249000 5.20074 5.11741 5.42784
250000 5.20074 5.11741 5.42784
251000 5.20074 5.11741 5.42784
252000 5.20074 5.11741 5.42784
253000 5.20074 5.11741 5.42784
254000 5.20074 5.11741 5.42784
255000 5.20074 5.11741 5.42784
256000 5.20074 5.11741 5.42784
257000 5.20074 5.11741 5.42784
258000 5.20074 5.11741 5.42784
259000 5.20074 5.11741 5.42784
260000 5.20074 5.11741 5.42784
261000 5.20074 5.11741 5.42784
262000 5.20074 5.11741 5.42784
263000 5.20074 5.11741 5.42784
264000 5.20074 5.11741 5.42784
265000 5.20074 5.11741 5.42784
266000 5.20074 5.11741 5.42784
267000 5.20074 5.11741 5.42784
268000 5.20074 5.11741 5.42784
269000 5.20074 5.11741 5.42784
270000 5.20074 5.11741 5.42784
271000 5.20074 5.11741 5.42784
272000 5.20074 5.11741 5.42784
273000 5.20074 5.11741 5.42784
274000 5.20074 5.11741 5.42784
275000 5.20074 5.11741 5.42784
276000 5.20074 5.11741 5.42784
277000 5.20074 5.11741 5.42784
278000 5.20074 5.11741 5.42784
279000 5.20074 5.11741 5.42784
280000 5.20074 5.11741 5.42784
281000 5.20074 5.11741 5.42784
282000 5.20074 5.11741 5.42784
283000 5.20074 5.11741 5.42784
284000 5.20074 5.11741 5.42784
285000 5.20074 5.11741 5.42784
286000 5.20074 5.11741 5.42784
287000 5.20074 5.11741 5.42784
288000 5.20074 5.11741 5.42784
289000 5.20074 5.11741 5.42784
290000 5.20074 5.11741 5.42784
291000 5.20074 5.11741 5.42784
292000 5.20074 5.11741 5.42784
293000 5.20074 5.11741 5.42784
294000 5.20074 5.11741 5.42784
295000 5.20074 5.11741 5.42784
296000 5.20074 5.11741 5.42784
297000 5.20074 5.11741 5.42784
298000 5.20074 5.11741 5.42784
299000 5.20074 5.11741 5.42784
300000 5.20074 5.11741 5.42784
301000 5.20074 5.11741 5.42784
302000 5.20074 5.11741 5.42784
303000 5.20074 5.11741 5.42784
304000 5.20074 5.11741 5.42784
305000 5.20074 5.11741 5.42784
306000 5.20074 5.11741 5.42784
307000 5.20074 5.11741 5.42784
308000 5.20074 5.11741 5.42784
309000 5.20074 5.11741 5.42784
310000 5.20074 5.11741 5.42784
311000 5.20074 5.11741 5.42784
312000 5.20074 5.11741 5.42784
313000 5.20074 5.11741 5.42784
314000 5.20074 5.11741 5.42784
315000 5.20074 5.11741 5.42784
316000 5.20074 5.11741 5.42784
317000 5.20074 5.11741 5.42784
318000 5.20074 5.11741 5.42784
319000 5.20074 5.11741 5.42784
320000 5.20074 5.11741 5.42784
321000 5.20074 5.11741 5.42784
322000 5.20074 5.11741 5.42784
323000 5.20074 5.11741 5.42784
324000 5.20074 5.11741 5.42784
325000 5.20074 5.11741 5.42784
326000 5.20074 5.11741 5.42784
327000 5.20074 5.11741 5.42784
328000 5.20074 5.11741 5.42784
329000 5.20074 5.11741 5.42784
330000 5.20074 5.11741 5.42784
331000 5.20074 5.11741 5.42784
332000 5.20074 5.11741 5.42784
333000 5.20074 5.11741 5.42784
334000 5.20074 5.11741 5.42784
335000 5.20074 5.11741 5.42784
336000 5.20074 5.11741 5.42784
337000 5.20074 5.11741 5.42784
338000 5.20074 5.11741 5.42784
339000 5.20074 5.11741 5.42784
340000 5.20074 5.11741 5.42784
341000 5.20074 5.11741 5.42784
342000 5.20074 5.11741 5.42784
343000 5.20074 5.11741 5.42784
344000 5.20074 5.11741 5.42784
345000 5.20074 5.11741 5.42784
346000 5.20074 5.11741 5.42784
347000 5.20074 5.11741 5.42784
348000 5.20074 5.11741 5.42784
349000 5.20074 5.11741 5.42784
350000 5.20074 5.11741 5.42784
351000 5.20074 5.11741 5.42784
352000 5.20074 5.11741 5.42784
353000 5.20074 5.11741 5.42784
354000 5.20074 5.11741 5.42784
355000 5.20074 5.11741 5.42784
356000 5.20074 5.11741 5.42784
357000 5.20074 5.11741 5.42784
358000 5.20074 5.11741 5.42784
359000 5.20074 5.11741 5.42784
360000 5.20074 5.11741 5.42784
361000 5.20074 5.11741 5.42784
362000 5.20074 5.11741 5.42784
363000 5.20074 5.11741 5.42784
364000 5.20074 5.11741 5.42784
365000 5.20074 5.11741 5.42784
366000 5.20074 5.11741 5.42784
367000 5.20074 5.11741 5.42784
368000 5.20074 5.11741 5.42784
369000 5.20074 5.11741 5.42784
370000 5.20074 5.11741 5.42784
371000 5.20074 5.11741 5.42784
372000 5.20074 5.11741 5.42784
373000 5.20074 5.11741 5.42784
374000 5.20074 5.11741 5.42784
375000 5.20074 5.11741 5.42784
376000 5.20074 5.11741 5.42784
377000 5.20074 5.11741 5.42784
378000 5.20074 5.11741 5.42784
379000 5.20074 5.11741 5.42784
380000 5.20074 5.11741 5.42784
381000 5.20074 5.11741 5.42784
382000 5.20074 5.11741 5.42784
383000 5.20074 5.11741 5.42784
384000 5.20074 5.11741 5.42784
385000 5.20074 5.11741 5.42784
386000 5.20074 5.11741 5.42784
387000 5.20074 5.11741 5.42784
388000 5.20074 5.11741 5.42784
389000 5.20074 5.11741 5.42784
390000 5.20074 5.11741 5.42784
391000 5.20074 5.11741 5.42784
392000 5.20074 5.11741 5.42784
393000 5.20074 5.11741 5.42784
394000 5.20074 5.11741 5.42784
395000 5.20074 5.11741 5.42784
396000 5.20074 5.11741 5.42784
397000 5.20074 5.11741 5.42784
398000 5.20074 5.11741 5.42784
399000 5.20074 5.11741 5.42784
400000 5.20074 5.11741 5.42784
401000 5.20074 5.11741 5.42784
402000 5.20074 5.11741 5.42784
403000 5.20074 5.11741 5.42784
404000 5.20074 5.11741 5.42784
405000 5.20074 5.11741 5.42784
406000 5.20074 5.11741 5.42784
407000 5.20074 5.11741 5.42784
408000 5.20074 5.11741 5.42784
409000 5.20074 5.11741 5.42784
410000 5.20074 5.11741 5.42784
411000 5.20074 5.11741 5.42784
412000 5.20074 5.11741 5.42784
413000 5.20074 5.11741 5.42784
414000 5.20074 5.11741 5.42784
415000 5.20074 5.11741 5.42784
416000 5.20074 5.11741 5.42784
417000 5.20074 5.11741 5.42784
418000 5.20074 5.11741 5.42784
419000 5.20074 5.11741 5.42784
420000 5.20074 5.11741 5.42784
421000 5.20074 5.11741 5.42784
422000 5.20074 5.11741 5.42784
423000 5.20074 5.11741 5.42784
424000 5.20074 5.11741 5.42784
425000 5.20074 5.11741 5.42784
426000 5.20074 5.11741 5.42784
427000 5.20074 5.11741 5.42784
428000 5.20074 5.11741 5.42784
429000 5.20074 5.11741 5.42784
430000 5.20074 5.11741 5.42784
431000 5.20074 5.11741 5.42784
432000 5.20074 5.11741 5.42784
433000 5.20074 5.11741 5.42784
434000 5.20074 5.11741 5.42784
435000 5.20074 5.11741 5.42784
436000 5.20074 5.11741 5.42784
437000 5.20074 5.11741 5.42784
438000 5.20074 5.11741 5.42784
439000 5.20074 5.11741 5.42784
440000 5.20074 5.11741 5.42784
441000 5.20074 5.11741 5.42784
442000 5.20074 5.11741 5.42784
443000 5.20074 5.11741 5.42784
444000 5.20074 5.11741 5.42784
445000 5.20074 5.11741 5.42784
446000 5.20074 5.11741 5.42784
447000 5.20074 5.11741 5.42784
448000 5.20074 5.11741 5.42784
449000 5.20074 5.11741 5.42784
450000 5.20074 5.11741 5.42784
451000 5.20074 5.11741 5.42784
452000 5.20074 5.11741 5.42784
453000 5.20074 5.11741 5.42784
454000 5.20074 5.11741 5.42784
455000 5.20074 5.11741 5.42784
456000 5.20074 5.11741 5.42784
457000 5.20074 5.11741 5.42784
458000 5.20074 5.11741 5.42784
459000 5.20074 5.11741 5.42784
460000 5.20074 5.11741 5.42784
461000 5.20074 5.11741 5.42784
462000 5.20074 5.11741 5.42784
463000 5.20074 5.11741 5.42784
464000 5.20074 5.11741 5.42784
465000 5.20074 5.11741 5.42784
466000 5.20074 5.11741 5.42784
467000 5.20074 5.11741 5.42784
468000 5.20074 5.11741 5.42784
469000 5.20074 5.11741 5.42784
470000 5.20074 5.11741 5.42784
471000 5.20074 5.11741 5.42784
472000 5.20074 5.11741 5.42784
473000 5.20074 5.11741 5.42784
474000 5.20074 5.11741 5.42784
475000 5.20074 5.11741 5.42784
476000 5.20074 5.11741 5.42784
477000 5.20074 5.11741 5.42784
478000 5.20074 5.11741 5.42784
479000 5.20074 5.11741 5.42784
480000 5.20074 5.11741 5.42784
481000 5.20074 5.11741 5.42784
482000 5.20074 5.11741 5.42784
483000 5.20074 5.11741 5.42784
484000 5.20074 5.11741 5.42784
485000 5.20074 5.11741 5.42784
486000 5.20074 5.11741 5.42784
487000 5.20074 5.11741 5.42784
488000 5.20074 5.11741 5.42784
489000 5.20074 5.11741 5.42784
490000 5.20074 5.11741 5.42784
491000 5.20074 5.11741 5.42784
492000 5.20074 5.11741 5.42784
493000 5.20074 5.11741 5.42784
494000 5.20074 5.11741 5.42784
495000 5.20074 5.11741 5.42784
496000 5.20074 5.11741 5.42784
497000 5.20074 5.11741 5.42784
498000 5.20074 5.11741 5.42784
499000 5.20074 5.11741 5.42784
500000 5.20074 5.11741 5.42784
501000 5.20074 5.11741 5.42784
502000 5.20074 5.11741 5.42784
503000 5.20074 5.11741 5.42784
504000 5.20074 5.11741 5.42784
505000 5.20074 5.11741 5.42784
506000 5.20074 5.11741 5.42784
507000 5.20074 5.11741 5.42784
508000 5.20074 5.11741 5.42784
509000 5.20074 5.11741 5.42784
510000 5.20074 5.11741 5.42784
511000 5.20074 5.11741 5.42784
512000 5.20074 5.11741 5.42784
513000 5.20074 5.11741 5.42784
514000 5.20074 5.11741 5.42784
515000 5.20074 5.11741 5.42784
516000 5.20074 5.11741 5.42784
517000 5.20074 5.11741 5.42784
518000 5.20074 5.11741 5.42784
519000 5.20074 5.11741 5.42784
520000 5.20074 5.11741 5.42784
521000 5.20074 5.11741 5.42784
522000 5.20074 5.11741 5.42784
523000 5.20074 5.11741 5.42784
524000 5.20074 5.11741 5.42784
525000 5.20074 5.11741 5.42784
526000 5.20074 5.11741 5.42784
527000 5.20074 5.11741 5.42784
528000 5.20074 5.11741 5.42784
529000 5.20074 5.11741 5.42784
530000 5.20074 5.11741 5.42784
531000 5.20074 5.11741 5.42784
532000 5.20074 5.11741 5.42784
533000 5.20074 5.11741 5.42784
534000 5.20074 5.11741 5.42784
535000 5.20074 5.11741 5.42784
536000 5.20074 5.11741 5.42784
537000 5.20074 5.11741 5.42784
538000 5.20074 5.11741 5.42784
539000 5.20074 5.11741 5.42784
540000 5.20074 5.11741 5.42784
541000 5.20074 5.11741 5.42784
542000 5.20074 5.11741 5.42784
543000 5.20074 5.11741 5.42784
544000 5.20074 5.11741 5.42784
545000 5.20074 5.11741 5.42784
546000 5.20074 5.11741 5.42784
547000 5.20074 5.11741 5.42784
548000 5.20074 5.11741 5.42784
549000 5.20074 5.11741 5.42784
550000 5.20074 5.11741 5.42784
551000 5.20074 5.11741 5.42784
552000 5.20074 5.11741 5.42784
553000 5.20074 5.11741 5.42784
554000 5.20074 5.11741 5.42784
555000 5.20074 5.11741 5.42784
556000 5.20074 5.11741 5.42784
557000 5.20074 5.11741 5.42784
558000 5.20074 5.11741 5.42784
559000 5.20074 5.11741 5.42784
560000 5.20074 5.11741 5.42784
561000 5.20074 5.11741 5.42784
562000 5.20074 5.11741 5.42784
563000 5.20074 5.11741 5.42784
564000 5.20074 5.11741 5.42784
565000 5.20074 5.11741 5.42784
566000 5.20074 5.11741 5.42784
567000 5.20074 5.11741 5.42784
568000 5.20074 5.11741 5.42784
569000 11.414 5.11741 5.42784
570000 11.414 5.11741 5.42784
571000 17.6272 5.11741 5.42784
572000 17.6272 5.11741 5.42784
573000 17.6272 5.11741 5.42784
574000 17.6272 5.11741 5.42784
575000 17.6272 5.11741 5.42784
576000 17.6272 5.11741 5.42784
577000 17.6272 5.11741 5.42784
578000 17.6272 5.11741 5.42784
579000 17.6272 5.11741 5.42784
580000 17.6272 5.11741 5.42784
581000 17.6272 5.11741 5.42784
582000 30.0538 5.11741 11.6411
583000 30.0538 5.11741 11.6411
584000 30.0538 5.11741 11.6411
585000 30.0538 5.11741 11.6411
586000 23.8405 5.11741 11.6411
587000 17.6272 5.11741 11.6411
588000 17.6272 5.11741 11.6411
589000 17.6272 5.11741 11.6411
590000 17.6272 5.11741 5.42784
591000 17.6272 11.3307 11.6411
592000 17.6272 17.5439 11.6411
593000 17.6272 17.5439 5.42784
594000 17.6272 17.5439 5.42784
595000 17.6272 17.5439 5.42784
596000 17.6272 11.3307 17.8543
597000 11.414 11.3307 17.8543
598000 11.414 11.3307 17.8543
599000 11.414 11.3307 17.8543
600000 11.414 5.11741 17.8543
601000 11.414 -1.09584 17.8543
602000 11.414 -1.09584 11.6411
603000 5.20074 5.11741 11.6411
604000 17.6272 11.3307 -0.785415
605000 17.6272 11.3307 -6.99867
606000 11.414 17.5439 -6.99867
607000 11.414 29.9704 -6.99867
608000 11.414 23.7572 -6.99867
609000 11.414 17.5439 -13.2119
610000 17.6272 23.7572 -13.2119
611000 -7.22576 36.1837 -13.2119
612000 -1.01251 36.1837 17.8543
613000 -1.01251 48.6102 11.6411
614000 -7.22576 48.6102 -13.2119
615000 -7.22576 42.3969 -6.99867
616000 -7.22576 54.8234 -13.2119
617000 -7.22576 48.6102 -25.6384
618000 -19.6523 42.3969 -25.6384
619000 -1.01251 48.6102 -19.4252
620000 -7.22576 42.3969 -19.4252
621000 -19.6523 42.3969 -19.4252
622000 -19.6523 48.6102 -19.4252
623000 -19.6523 42.3969 -25.6384
624000 -13.439 36.1837 -25.6384
625000 -7.22576 36.1837 -25.6384
626000 -19.6523 29.9704 -25.6384
627000 -19.6523 36.1837 -25.6384
628000 -13.439 48.6102 -25.6384
629000 -19.6523 36.1837 -31.8517
630000 -19.6523 29.9704 -31.8517
631000 -7.22576 17.5439 -25.6384
632000 -1.01251 17.5439 -25.6384
633000 -1.01251 11.3307 -31.8517
634000 17.6272 11.3307 -19.4252
635000 17.6272 -1.09584 -19.4252
636000 17.6272 -1.09584 -6.99867
637000 11.414 -13.5223 -0.785415
638000 30.0538 -7.30909 30.2808
639000 -7.22576 -13.5223 55.1338
640000 -7.22576 -19.7356 36.4941
641000 -19.6523 -19.7356 30.2808
642000 -25.8655 -7.30909 42.7073
643000 -7.22576 -32.1621 17.8543
644000 11.414 -32.1621 -0.785415
645000 17.6272 -13.5223 -13.2119
646000 30.0538 -1.09584 -31.8517
647000 36.267 17.5439 -25.6384
648000 36.267 54.8234 -19.4252
649000 42.4803 73.4632 -31.8517
650000 5.20074 67.2499 -19.4252
651000 23.8405 98.3162 -19.4252
652000 17.6272 98.3162 5.42784
653000 5.20074 110.743 17.8543
654000 -19.6523 123.169 5.42784
655000 -32.0788 98.3162 17.8543
656000 -25.8655 85.8897 5.42784
657000 -32.0788 79.6764 5.42784
658000 -56.9318 79.6764 11.6411
659000 -50.7185 48.6102 24.0676
660000 -44.5053 29.9704 11.6411
661000 -56.9318 42.3969 30.2808
662000 -63.145 67.2499 17.8543
663000 -32.0788 85.8897 36.4941
664000 -50.7185 73.4632 36.4941
665000 -50.7185 116.956 5.42784
666000 -69.3583 129.382 24.0676
667000 -63.145 123.169 17.8543
668000 -44.5053 123.169 -25.6384
669000 -50.7185 98.3162 -6.99867
670000 -32.0788 135.596 -13.2119
671000 -25.8655 148.022 -6.99867
672000 -50.7185 148.022 -19.4252
673000 -63.145 135.596 -13.2119
674000 -38.292 135.596 5.42784
675000 -32.0788 123.169 -6.99867
676000 -63.145 61.0367 -31.8517
677000 -25.8655 98.3162 -31.8517
678000 -38.292 92.1029 -31.8517
679000 -25.8655 116.956 -25.6384
680000 -38.292 98.3162 -38.0649
681000 -50.7185 104.529 -62.9179
682000 -44.5053 98.3162 -62.9179
683000 -63.145 92.1029 -19.4252
684000 -63.145 67.2499 -19.4252
685000 -75.5715 48.6102 -6.99867
686000 -81.7848 17.5439 55.1338
687000 -112.851 23.7572 92.4134
688000 -131.491 29.9704 129.693
689000 -100.425 17.5439 92.4134
690000 -94.2113 -25.9488 123.48
691000 -81.7848 -7.30909 123.48
692000 -106.638 -25.9488 117.266
693000 -100.425 -1.09584 92.4134
694000 -81.7848 -7.30909 86.2001
695000 -81.7848 -32.1621 111.053
696000 -56.9318 -50.8019 129.693
697000 -69.3583 -63.2284 79.9869
698000 -56.9318 -32.1621 92.4134
699000 -63.145 -38.3753 117.266
700000 -56.9318 5.11741 154.546
701000 -56.9318 -7.30909 166.972
702000 -69.3583 -7.30909 166.972
703000 -19.6523 5.11741 135.906
704000 -7.22576 17.5439 111.053
705000 -25.8655 29.9704 98.6266
706000 -32.0788 17.5439 98.6266
707000 -50.7185 29.9704 61.3471
708000 -75.5715 36.1837 -0.785415
709000 -119.064 36.1837 -19.4252
710000 -131.491 -1.09584 -81.5577
711000 -131.491 23.7572 -131.264
712000 -143.917 42.3969 -149.903
713000 -168.77 73.4632 -131.264
714000 -187.41 67.2499 -106.411
715000 -212.263 79.6764 -81.5577
716000 -187.41 85.8897 -93.9842
717000 -156.344 98.3162 -50.4914
718000 -162.557 110.743 55.1338
719000 -131.491 92.1029 48.9206
720000 -100.425 98.3162 30.2808
721000 -119.064 48.6102 79.9869
722000 -106.638 23.7572 86.2001
723000 -75.5715 -1.09584 30.2808
724000 -94.2113 -38.3753 79.9869
725000 -106.638 -44.5886 123.48
726000 -143.917 -38.3753 129.693
727000 -119.064 -81.8681 135.906
728000 -143.917 -44.5886 142.119
729000 -137.704 -25.9488 154.546
730000 -168.77 -50.8019 67.5604
731000 -143.917 -69.4416 73.7736
732000 -106.638 17.5439 73.7736
733000 -38.292 -63.2284 24.0676
734000 -38.292 -19.7356 17.8543
735000 -25.8655 11.3307 24.0676
736000 -13.439 -7.30909 -13.2119
737000 -44.5053 -19.7356 30.2808
738000 -69.3583 -44.5886 11.6411
739000 -69.3583 -44.5886 67.5604
740000 -25.8655 -131.574 111.053
741000 -38.292 -75.6549 148.333
742000 11.414 -125.361 135.906
743000 -25.8655 -131.574 104.84
744000 23.8405 -112.934 142.119
745000 79.7598 -94.2946 117.266
746000 54.9068 -119.148 154.546
747000 92.1863 -38.3753 185.612
748000 172.959 -19.7356 241.531
749000 172.959 -100.508 291.237
750000 148.106 -162.64 309.877
751000 117.039 -106.721 316.09
752000 104.613 -63.2284 322.304
753000 48.6935 -38.3753 266.384
754000 -44.5053 23.7572 260.171
755000 -25.8655 -7.30909 235.318
756000 -19.6523 -50.8019 272.598
757000 -13.439 -144.001 285.024
758000 -25.8655 -168.854 235.318
759000 -38.292 -112.934 216.678
760000 67.3333 -57.0151 111.053
761000 -25.8655 -44.5886 123.48
762000 -50.7185 -1.09584 111.053
763000 -13.439 -7.30909 198.039
764000 30.0538 23.7572 285.024
765000 85.973 92.1029 198.039
766000 30.0538 -1.09584 148.333
767000 11.414 -25.9488 154.546
768000 36.267 36.1837 173.186
769000 98.3995 61.0367 191.825
770000 98.3995 36.1837 222.892
771000 92.1863 54.8234 241.531
772000 92.1863 23.7572 297.451
773000 61.12 17.5439 285.024
774000 48.6935 -25.9488 198.039
775000 85.973 -57.0151 222.892
776000 85.973 -88.0814 179.399
777000 36.267 29.9704 173.186
778000 -19.6523 36.1837 185.612
779000 -137.704 36.1837 173.186
780000 -156.344 -7.30909 129.693
781000 -181.197 -7.30909 191.825
782000 -75.5715 5.11741 148.333
783000 -19.6523 -1.09584 67.5604
784000 -38.292 -1.09584 -0.785415
785000 -44.5053 -44.5886 30.2808
786000 -69.3583 -44.5886 -69.1312
787000 -50.7185 -69.4416 -143.69
788000 -143.917 -38.3753 -112.624
789000 -81.7848 -13.5223 -118.837
790000 -131.491 36.1837 -162.33
791000 -87.998 -1.09584 -143.69
792000 -168.77 23.7572 -106.411
793000 -131.491 54.8234 -50.4914
794000 -224.69 17.5439 -81.5577
795000 -168.77 85.8897 -69.1312
796000 -261.969 54.8234 -100.197
797000 -336.528 -19.7356 -143.69
798000 -293.035 -100.508 -174.756
799000 -218.476 -38.3753 -168.543
800000 -100.425 -32.1621 -156.117
801000 -174.984 110.743 -137.477
802000 -293.035 116.956 -118.837
803000 -293.035 135.596 -205.823
804000 -286.822 228.794 -156.117
805000 -311.675 210.155 -180.97
806000 -373.808 203.941 -236.889
807000 -392.447 235.008 -193.396
808000 -274.396 222.581 -218.249
809000 -255.756 228.794 -218.249
810000 -193.623 278.5 -62.9179
811000 54.9068 315.78 -6.99867
812000 23.8405 396.552 -38.0649
813000 -1.01251 377.913 5.42784
814000 17.6272 278.5 30.2808
815000 5.20074 303.353 55.1338
816000 -19.6523 371.699 67.5604
817000 17.6272 309.567 55.1338
818000 -13.439 315.78 -6.99867
819000 -7.22576 353.06 36.4941
820000 -32.0788 328.207 36.4941
821000 -7.22576 321.993 55.1338
822000 48.6935 266.074 11.6411
823000 -25.8655 148.022 -19.4252
824000 11.414 -25.9488 -69.1312
825000 -25.8655 -32.1621 -44.2782
826000 -56.9318 -13.5223 24.0676
827000 42.4803 48.6102 67.5604
828000 23.8405 29.9704 173.186
829000 117.039 -13.5223 142.119
830000 67.3333 -63.2284 129.693
831000 48.6935 -144.001 135.906
832000 85.973 -150.214 -50.4914
833000 5.20074 -112.934 -38.0649
834000 11.414 -75.6549 17.8543
835000 11.414 -57.0151 67.5604
836000 54.9068 -144.001 73.7736
837000 54.9068 -100.508 42.7073
838000 36.267 -175.067 61.3471
839000 -7.22576 -100.508 73.7736
840000 23.8405 -57.0151 17.8543
841000 67.3333 -13.5223 -56.7047
842000 79.7598 -131.574 -44.2782
843000 54.9068 -94.2946 -6.99867
844000 -181.197 5.11741 17.8543
845000 -187.41 -1.09584 148.333
846000 -255.756 36.1837 173.186
847000 -212.263 42.3969 173.186
848000 48.6935 -44.5886 198.039
849000 -125.278 -50.8019 142.119
850000 -150.131 -81.8681 148.333
851000 -131.491 -119.148 142.119
852000 -69.3583 5.11741 135.906
853000 17.6272 -38.3753 142.119
854000 -7.22576 -1.09584 -13.2119
855000 30.0538 54.8234 -81.5577
856000 5.20074 -32.1621 -137.477
857000 23.8405 -38.3753 -69.1312
858000 92.1863 -50.8019 -162.33
859000 48.6935 -50.8019 -106.411
860000 17.6272 -69.4416 -100.197
861000 5.20074 73.4632 -125.05
862000 -32.0788 36.1837 -93.9842
863000 30.0538 11.3307 24.0676
864000 -44.5053 5.11741 117.266
865000 129.466 -63.2284 216.678
866000 104.613 -88.0814 210.465
867000 185.385 -100.508 142.119
868000 172.959 -50.8019 135.906
869000 -7.22576 5.11741 86.2001
870000 -75.5715 61.0367 30.2808
871000 117.039 -63.2284 5.42784
872000 98.3995 5.11741 -6.99867
873000 67.3333 54.8234 117.266
874000 23.8405 98.3162 36.4941
875000 17.6272 129.382 79.9869
876000 36.267 67.2499 86.2001
877000 166.745 -150.214 24.0676
878000 197.812 -137.787 -50.4914
879000 166.745 -131.574 67.5604
880000 117.039 -137.787 -38.0649
881000 36.267 -137.787 24.0676
882000 -19.6523 -193.707 61.3471
883000 5.20074 -230.986 48.9206
884000 42.4803 -144.001 86.2001
885000 85.973 -119.148 48.9206
886000 -13.439 36.1837 61.3471
887000 48.6935 36.1837 148.333
888000 -38.292 85.8897 179.399
889000 -94.2113 73.4632 216.678
890000 -168.77 210.155 142.119
891000 -131.491 179.088 241.531
892000 -112.851 160.449 278.811
893000 -125.278 216.368 359.583
894000 -156.344 135.596 260.171
895000 -125.278 17.5439 260.171
896000 -106.638 48.6102 359.583
897000 -100.425 73.4632 384.436
898000 -143.917 54.8234 229.105
899000 -268.182 5.11741 98.6266
900000 -243.329 48.6102 -13.2119
901000 -299.249 73.4632 -93.9842
902000 -355.168 48.6102 -131.264
903000 -305.462 -32.1621 24.0676
904000 -268.182 -38.3753 -6.99867
905000 -373.808 -1.09584 98.6266
906000 -299.249 79.6764 48.9206
907000 -342.741 61.0367 48.9206
908000 -330.315 -57.0151 -75.3444
909000 -293.035 61.0367 -13.2119
910000 -193.623 116.956 -25.6384
911000 -162.557 110.743 -69.1312
912000 -150.131 29.9704 -31.8517
913000 -150.131 36.1837 -100.197
914000 -38.292 -57.0151 -44.2782
915000 -44.5053 5.11741 -19.4252
916000 -44.5053 -44.5886 11.6411
917000 -156.344 -131.574 -31.8517
918000 -174.984 -75.6549 67.5604
919000 -1.01251 -57.0151 111.053
920000 -50.7185 23.7572 24.0676
921000 36.267 -32.1621 48.9206
922000 36.267 5.11741 24.0676
923000 85.973 110.743 17.8543
924000 -25.8655 61.0367 -81.5577
925000 48.6935 29.9704 -106.411
926000 30.0538 191.515 5.42784
927000 -13.439 73.4632 61.3471
928000 -75.5715 116.956 117.266
929000 -19.6523 148.022 67.5604
930000 -69.3583 154.235 -50.4914
931000 67.3333 48.6102 -69.1312
932000 303.437 36.1837 -87.7709
933000 272.371 48.6102 -75.3444
934000 166.745 48.6102 -81.5577
935000 135.679 29.9704 -56.7047
936000 79.7598 17.5439 -38.0649
937000 117.039 36.1837 55.1338
938000 42.4803 -38.3753 42.7073
939000 135.679 -57.0151 -0.785415
940000 160.532 17.5439 -50.4914
941000 135.679 -44.5886 -19.4252
942000 98.3995 -125.361 -106.411
943000 104.613 -94.2946 -187.183
944000 79.7598 -212.346 -137.477
945000 23.8405 -131.574 -218.249
946000 30.0538 -193.707 -174.756
947000 73.5465 -112.934 -224.462
948000 48.6935 -88.0814 -193.396
949000 235.091 -63.2284 -174.756
950000 259.944 79.6764 -218.249
951000 222.665 179.088 -156.117
952000 309.65 42.3969 -69.1312
953000 291.01 -38.3753 -112.624
954000 278.584 -7.30909 -112.624
955000 204.025 29.9704 -81.5577
956000 266.157 -13.5223 -50.4914
957000 284.797 -32.1621 -162.33
958000 253.731 11.3307 -125.05
959000 160.532 48.6102 -230.676
960000 141.892 -7.30909 -218.249
961000 85.973 -44.5886 -299.021
962000 -1.01251 -38.3753 -274.168
963000 -38.292 67.2499 -267.955
964000 -25.8655 17.5439 -218.249
965000 172.959 11.3307 -267.955
966000 228.878 92.1029 -267.955
967000 222.665 -13.5223 -212.036
968000 191.598 -32.1621 -243.102
969000 191.598 -156.427 -187.183
970000 148.106 -237.199 -180.97
971000 104.613 -274.479 -205.823
972000 -19.6523 -199.92 -112.624
973000 -1.01251 -125.361 -6.99867
974000 -19.6523 -88.0814 -25.6384
975000 -19.6523 -69.4416 -19.4252
976000 23.8405 -32.1621 73.7736
977000 92.1863 -38.3753 210.465
978000 48.6935 -88.0814 266.384
979000 104.613 -144.001 111.053
980000 85.973 -125.361 -75.3444
981000 -13.439 -175.067 -38.0649
982000 -7.22576 -206.133 79.9869
983000 -87.998 -262.052 154.546
984000 -125.278 -162.64 154.546
985000 -50.7185 -50.8019 55.1338
986000 -63.145 -75.6549 61.3471
987000 36.267 -50.8019 30.2808
988000 141.892 -7.30909 -19.4252
989000 129.466 -7.30909 11.6411
990000 185.385 5.11741 -149.903
991000 216.451 -57.0151 -137.477
992000 135.679 -81.8681 -100.197
993000 166.745 -81.8681 -149.903
994000 216.451 -131.574 -261.742
995000 284.797 -50.8019 -143.69
996000 377.996 -75.6549 -255.529
997000 303.437 -63.2284 -348.728
998000 216.451 -112.934 -460.566
999000 272.371 -13.5223 -379.794
1000000 247.518 -57.0151 -379.794
