# Time-averaged data for fix msd
# TimeStep c_msd[4]
1000 1.37286
2000 4.66059
3000 7.83788
4000 11.1249
5000 13.9719
6000 17.595
7000 20.6227
8000 25.2152
9000 29.9875
10000 33.8643
11000 38.2044
12000 40.5906
13000 42.3589
14000 43.6842
15000 47.2764
16000 52.619
17000 56.1436
18000 60.3303
19000 63.6198
20000 68.7805
21000 72.7602
22000 77.7914
23000 83.7896
24000 89.548
25000 92.9015
26000 93.5703
27000 95.9825
28000 99.9505
29000 104.662
30000 110.496
31000 116.843
32000 123.47
33000 129.07
34000 131.988
35000 137.975
36000 141.812
37000 145.89
38000 152.255
39000 155.998
40000 159.406
41000 167.588
42000 177.074
43000 187.712
44000 197.797
45000 204.129
46000 206.212
47000 210.774
48000 215.11
49000 226.541
50000 230.599
51000 230.036
52000 229.861
53000 233.787
54000 234.889
55000 243.523
56000 252.878
57000 261.688
58000 264.861
59000 269.862
60000 278.011
61000 284.226
62000 291.181
63000 295.193
64000 302.571
65000 305.257
66000 307.515
67000 307.913
68000 312.389
69000 319.497
70000 326.525
71000 329.278
72000 333.68
73000 339.538
74000 354.605
75000 362.784
76000 366.741
77000 371.032
78000 382.352
79000 397.706
80000 414.794
81000 424.097
82000 423.72
83000 427.508
84000 433.146
85000 429.943
86000 427.662
87000 424.91
88000 427.432
89000 435.621
90000 438.125
91000 435.453
92000 434.72
93000 437.668
94000 440.497
95000 442.225
96000 441.948
97000 444.052
98000 447.585
99000 462.207
100000 470.393
101000 473.319
102000 469.736
103000 469.87
104000 473.731
105000 483.65
106000 490.218
107000 492.103
108000 493.118
109000 502.783
110000 507.911
111000 507.734
112000 512.718
113000 519.82
114000 525.333
115000 521.498
116000 521.395
117000 528.169
118000 532.606
119000 534.567
120000 539.528
121000 546.895
122000 553.337
123000 562.722
124000 563.399
125000 563.231
126000 564.015
127000 573.52
128000 577.491
129000 572.701
130000 572.976
131000 580.366
132000 584.628
133000 589.248
134000 590.889
135000 593.406
136000 601.582
137000 604.889
138000 606.907
139000 608.142
140000 613.566
141000 614.906
142000 613.695
143000 615.994
144000 616.718
145000 617.058
146000 620.894
147000 629.558
148000 630.096
149000 627.929
150000 629.551
151000 631.731
152000 629.186
153000 640.079
154000 646.147
155000 654.677
156000 654.402
157000 666.036
158000 676.96
159000 680.605
160000 679.127
161000 681.179
162000 691.558
163000 698.703
164000 698.193
165000 694.88
166000 698.969
167000 695.943
168000 692.44
169000 696.873
170000 704.157
171000 709.395
172000 716.697
173000 725.002
174000 736.369
175000 740.529
176000 747.593
177000 757.183
178000 760.369
179000 764.915
180000 769.039
181000 771.819
182000 769.638
183000 780.792
184000 783.097
185000 786.058
186000 767.517
187000 768.188
188000 774.102
189000 767.234
190000 767.262
191000 771.227
192000 772.679
193000 782.813
194000 793.125
195000 801.592
196000 811.492
197000 815.068
198000 812.608
199000 809.239
200000 813.062
201000 824.735
202000 834.957
203000 841.571
204000 848.668
205000 853.707
206000 865.107
207000 869.487
208000 873.839
209000 880.011
210000 887.017
211000 887.961
212000 882.723
213000 887.426
214000 893.508
215000 903.255
216000 915.78
217000 930.869
218000 941.573
219000 954.642
220000 968.971
221000 977.183
222000 982.327
223000 981.632
224000 976.539
225000 974.533
226000 980.644
227000 988.215
228000 987.796
229000 983.819
230000 979.065
231000 974.836
232000 971.931
233000 965.219
234000 968.333
235000 973.299
236000 974.117
237000 981.247
238000 986.015
239000 972.988
240000 963.347
241000 961.041
242000 967.589
243000 972.207
244000 983.456
245000 989.143
246000 1009.03
247000 1026.65
248000 1030.82
249000 1041.29
250000 1058.33
251000 1078.29
252000 1092.01
253000 1099.99
254000 1105.66
255000 1118.16
256000 1124.86
257000 1124.57
258000 1122.93
259000 1123.21
260000 1123.15
261000 1128.31
262000 1141.57
263000 1144.96
264000 1161.06
265000 1178.75
266000 1176.15
267000 1174.35
268000 1174.14
269000 1181.54
270000 1192.62
271000 1213.42
272000 1224.62
273000 1228.23
274000 1241.72
275000 1260.78
276000 1271.2
277000 1281.25
278000 1272.56
279000 1266.18
280000 1263.22
281000 1257.83
282000 1255.63
283000 1250.85
284000 1256.12
285000 1263.33
286000 1281.44
287000 1280.69
288000 1280.51
289000 1278.31
290000 1281.2
291000 1290.21
292000 1311.56
293000 1335.82
294000 1352.12
295000 1351.82
296000 1356.82
297000 1370.16
298000 1378.59
299000 1398.9
300000 1416.16
301000 1439.22
302000 1447.55
303000 1445.21
304000 1451.4
305000 1458.56
306000 1468.71
307000 1475.03
308000 1465.32
309000 1460.84
310000 1473.01
311000 1485.99
312000 1497.14
313000 1490.53
314000 1489.55
315000 1494.84
316000 1487.43
317000 1483.67
318000 1490.27
319000 1503.1
320000 1509.79
321000 1517.23
322000 1534.35
323000 1540.56
324000 1535.92
325000 1532.89
326000 1534.89
327000 1538.32
328000 1548.98
329000 1559.32
330000 1550.54
331000 1542.63
332000 1539.33
333000 1538.6
334000 1539.26
335000 1538.17
336000 1530.43
337000 1521.66
338000 1526.65
339000 1534.78
340000 1535.8
341000 1539.66
342000 1540.58
343000 1535.13
344000 1542.28
345000 1551.42
346000 1570.36
347000 1564.15
348000 1548.28
349000 1544.86
350000 1549.47
351000 1556.14
352000 1562.3
353000 1575.44
354000 1593.92
355000 1606.75
356000 1625.53
357000 1632.73
358000 1632.61
359000 1629.25
360000 1631.71
361000 1631.93
362000 1632.31
363000 1633.96
364000 1644.22
365000 1650.06
366000 1659.01
367000 1660.05
368000 1656.53
369000 1650.35
370000 1659.24
371000 1649.53
372000 1642.96
373000 1629.6
374000 1627.18
375000 1638.24
376000 1652.72
377000 1650.48
378000 1658.71
379000 1665.22
380000 1679.88
381000 1696.8
382000 1710.09
383000 1720.96
384000 1718.81
385000 1717.8
386000 1717.83
387000 1717.47
388000 1711.88
389000 1714.73
390000 1716.78
391000 1708.05
392000 1700.87
393000 1695.18
394000 1691.28
395000 1684.09
396000 1666.24
397000 1658.24
398000 1666.52
399000 1670.11
400000 1670.73
401000 1661.98
402000 1661.23
403000 1664.01
404000 1668.75
405000 1668.3
406000 1671.26
407000 1680.65
408000 1680.38
409000 1692.05
410000 1699.27
411000 1700.89
412000 1700.91
413000 1703.97
414000 1702.09
415000 1712.5
416000 1736.01
417000 1750.3
418000 1760.61
419000 1763.65
420000 1764.66
421000 1760.69
422000 1775.59
423000 1787.6
424000 1796.85
425000 1804.52
426000 1802.62
427000 1802.43
428000 1812.29
429000 1821.49
430000 1819.67
431000 1815.02
432000 1823.82
433000 1834.77
434000 1830.2
435000 1822.96
436000 1832.46
437000 1845.47
438000 1851.25
439000 1849.4
440000 1847.67
441000 1865.42
442000 1886.93
443000 1902.16
444000 1910.89
445000 1916.2
446000 1933.43
447000 1949.31
448000 1969.02
449000 1967.57
450000 1965.32
451000 1966.96
452000 1978.87
453000 1980.52
454000 1980.23
455000 1979.16
456000 1983.7
457000 1983.06
458000 1988.52
459000 2003.79
460000 2026.17
461000 2035.01
462000 2047.16
463000 2063.82
464000 2066.67
465000 2069.92
466000 2087.03
467000 2095.58
468000 2102.85
469000 2107.52
470000 2104.8
471000 2100.13
472000 2095.44
473000 2109.76
474000 2129.42
475000 2134.26
476000 2123.34
477000 2113.25
478000 2102.11
479000 2099.94
480000 2099.46
481000 2127.8
482000 2138.74
483000 2124.02
484000 2123.11
485000 2122.38
486000 2130.16
487000 2134.64
488000 2131.45
489000 2145.67
490000 2177.18
491000 2197.97
492000 2214.29
493000 2241
494000 2276.35
495000 2288.7
496000 2302.34
497000 2314.11
498000 2317.85
499000 2316.22
500000 2319.06
501000 2335.98
502000 2341.11
503000 2331.94
504000 2325.52
505000 2331.21
506000 2345.95
507000 2346.52
508000 2338.49
509000 2336.77
510000 2351.97
511000 2362.84
512000 2370.73
513000 2386.23
514000 2380.61
515000 2376.88
516000 2371.12
517000 2378.57
518000 2384.32
519000 2395.26
520000 2400.8
521000 2392.1
522000 2379
523000 2360.8
524000 2361.67
525000 2369.28
526000 2370.8
527000 2376.55
528000 2378.75
529000 2380.85
530000 2392.48
531000 2391.97
532000 2388.69
533000 2401.99
534000 2398.57
535000 2408.88
536000 2419.64
537000 2413.77
538000 2416.59
539000 2412.83
540000 2424.09
541000 2436.89
542000 2437.64
543000 2429.85
544000 2418.4
545000 2428.62
546000 2443.8
547000 2445.99
548000 2450.6
549000 2446.64
550000 2451.61
551000 2437.02
552000 2421.62
553000 2433.38
554000 2444.61
555000 2458.64
556000 2475.85
557000 2477.53
558000 2484.31
559000 2491.48
560000 2504.8
561000 2512.75
562000 2513.97
563000 2520.56
564000 2503.88
565000 2492
566000 2500.53
567000 2508.68
568000 2513.87
569000 2509.12
570000 2502.14
571000 2505.1
572000 2511.14
573000 2531.04
574000 2549.82
575000 2560.34
576000 2584.4
577000 2590.21
578000 2598.15
579000 2585.61
580000 2592.93
581000 2602.14
582000 2608.19
583000 2620.14
584000 2636.69
585000 2645.06
586000 2654.99
587000 2675.44
588000 2687.18
589000 2695.78
590000 2698.26
591000 2702.66
592000 2706.93
593000 2707.28
594000 2702.49
595000 2694.6
596000 2710.36
597000 2701.53
598000 2709.35
599000 2709.51
600000 2708.98
601000 2717.19
602000 2719.79
603000 2716.23
604000 2711.18
605000 2713.63
606000 2736.46
607000 2749.64
608000 2743.22
609000 2745.43
610000 2752.91
611000 2769.11
612000 2794.83
613000 2796.23
614000 2796.24
615000 2815.86
616000 2821.21
617000 2841.39
618000 2835.87
619000 2831.77
620000 2838.77
621000 2838.36
622000 2839.25
623000 2845.02
624000 2837.02
625000 2839.25
626000 2840.61
627000 2847.49
628000 2862.37
629000 2873.89
630000 2870.14
631000 2868.92
632000 2861.74
633000 2855.99
634000 2845.95
635000 2841.72
636000 2835.36
637000 2844.9
638000 2852.23
639000 2856.01
640000 2858.15
641000 2856.72
642000 2864.51
643000 2849.3
644000 2823.32
645000 2823.05
646000 2813.88
647000 2813.89
648000 2788.71
649000 2765.43
650000 2752.09
651000 2746.87
652000 2739.2
653000 2743.15
654000 2742.35
655000 2742.17
656000 2757.44
657000 2751.5
658000 2747.92
659000 2764.51
660000 2770.31
661000 2773.85
662000 2792.75
663000 2794.93
664000 2810.16
665000 2826.62
666000 2821.58
667000 2812.25
668000 2789.07
669000 2768.22
670000 2759.21
671000 2752.5
672000 2740.95
673000 2706.21
674000 2697.52
675000 2692.32
676000 2718.19
677000 2719.55
678000 2733.5
679000 2733.04
680000 2724.92
681000 2730.51
682000 2750.67
683000 2754.19
684000 2772.89
685000 2755.22
686000 2736.61
687000 2725.08
688000 2698.56
689000 2694.17
690000 2705.34
691000 2718.24
692000 2722.04
693000 2714.14
694000 2692.81
695000 2670.62
696000 2671.52
697000 2684.6
698000 2691.31
699000 2702.63
700000 2691.58
701000 2683.91
702000 2673.16
703000 2664.56
704000 2666.42
705000 2649.48
706000 2637.77
707000 2631.91
708000 2636.37
709000 2634.21
710000 2639.24
711000 2642.31
712000 2647.82
713000 2661.66
714000 2673.34
715000 2701.1
716000 2728.64
717000 2736.55
718000 2743.94
719000 2752.47
720000 2751.1
721000 2749.54
722000 2739.08
723000 2727.68
724000 2724
725000 2730.62
726000 2750.47
727000 2773.58
728000 2785.66
729000 2796.84
730000 2823.54
731000 2853.34
732000 2847.72
733000 2856.72
734000 2859.02
735000 2863.49
736000 2862.89
737000 2857.13
738000 2841.91
739000 2836.87
740000 2840.08
741000 2846.94
742000 2826.2
743000 2825.41
744000 2826.2
745000 2824.21
746000 2820.04
747000 2804.55
748000 2808.19
749000 2810.37
750000 2823.39
751000 2836.32
752000 2843.12
753000 2846.01
754000 2839.12
755000 2838.23
756000 2839.27
757000 2838.28
758000 2833.6
759000 2818.2
760000 2803.58
761000 2807.2
762000 2820.78
763000 2832.09
764000 2832.76
765000 2835.27
766000 2833.63
767000 2841.57
768000 2854.2
769000 2878.88
770000 2885.22
771000 2880.7
772000 2871.68
773000 2868.28
774000 2865.96
775000 2875.13
776000 2885.9
777000 2886.68
778000 2887.22
779000 2894.23
780000 2891.04
781000 2892.64
782000 2878.02
783000 2878.52
784000 2883.03
785000 2882.11
786000 2884.71
787000 2879.25
788000 2875.28
789000 2866.03
790000 2872.42
791000 2876.04
792000 2869.48
793000 2859.18
794000 2860.37
795000 2849.54
796000 2849.75
797000 2853.38
798000 2830.87
799000 2816.85
800000 2812.07
801000 2815.96
802000 2813.39
803000 2791.93
804000 2785.82
805000 2780.85
806000 2793.9
807000 2801.4
808000 2811.54
809000 2819.91
810000 2852.66
811000 2875.22
812000 2873.54
813000 2874.3
814000 2879.36
815000 2882.94
816000 2897.85
817000 2894.39
818000 2886.16
819000 2862.18
820000 2860.68
821000 2877.36
822000 2878.44
823000 2877.67
824000 2876.24
825000 2865.11
826000 2873.19
827000 2887.09
828000 2900.11
829000 2911.1
830000 2930.83
831000 2957.94
832000 2974
833000 2975.3
834000 2972.96
835000 2982.99
836000 2984.82
837000 2997.02
838000 3014.22
839000 3036.01
840000 3049.24
841000 3073.12
842000 3082.34
843000 3080.43
844000 3068.98
845000 3044.75
846000 3007.59
847000 3008.94
848000 3006.48
849000 3007.2
850000 3006.94
851000 2988.87
852000 2977.33
853000 2987.02
854000 2992.14
855000 2996.86
856000 2997.22
857000 2996.29
858000 2987.77
859000 2975.14
860000 2960.63
861000 2974.46
862000 2993.39
863000 2994.7
864000 2994.98
865000 2991.2
866000 3002.77
867000 3018.61
868000 3024.75
869000 3026.53
870000 3019.13
871000 3032.63
872000 3040.64
873000 3053.34
874000 3065.54
875000 3080.33
876000 3095.58
877000 3115.05
878000 3118.44
879000 3100.53
880000 3104.84
881000 3097.8
882000 3106.47
883000 3112.92
884000 3118.8
885000 3118.93
886000 3127.27
887000 3127.68
888000 3125.1
889000 3144.78
890000 3163.75
891000 3176.42
892000 3209.72
893000 3237.09
894000 3258.47
895000 3250.13
896000 3242.5
897000 3260.43
898000 3278
899000 3292.41
900000 3299.98
901000 3286.55
902000 3264.07
903000 3264.73
904000 3268.87
905000 3279.48
906000 3277.83
907000 3252.21
908000 3241.01
909000 3260.92
910000 3278.25
911000 3280.65
912000 3284.89
913000 3291.93
914000 3303.13
915000 3299.15
916000 3289.76
917000 3290.66
918000 3288.43
919000 3267.93
920000 3253.36
921000 3238.74
922000 3254.22
923000 3273.98
924000 3277.1
925000 3288.55
926000 3295.9
927000 3302.7
928000 3301.73
929000 3288.35
930000 3285.65
931000 3283.76
932000 3299.38
933000 3315.21
934000 3330.52
935000 3346.6
936000 3362.99
937000 3387.3
938000 3403.09
939000 3402.03
940000 3413.44
941000 3422.21
942000 3429.89
943000 3434.87
944000 3436.35
945000 3420
946000 3420.69
947000 3423.04
948000 3421.12
949000 3394.59
950000 3389.31
951000 3378.18
952000 3365.56
953000 3352.94
954000 3338.38
955000 3328.23
956000 3315.38
957000 3315.83
958000 3314.83
959000 3313.3
960000 3320.08
961000 3332.01
962000 3341.4
963000 3359.97
964000 3370.05
965000 3375.33
966000 3389.65
967000 3395.97
968000 3387.9
969000 3393.21
970000 3408.01
971000 3409.26
972000 3396.57
973000 3401.28
974000 3394.35
975000 3402.21
976000 3420.2
977000 3416.19
978000 3408.14
979000 3420.16
980000 3436.21
981000 3435.55
982000 3435.03
983000 3446.35
984000 3454.13
985000 3449.58
986000 3466.28
987000 3463.5
988000 3477.3
989000 3490.41
990000 3498.79
991000 3513.55
992000 3515.99
993000 3531.59
994000 3529.42
995000 3540.35
996000 3546.39
997000 3553.99
998000 3562.61
999000 3571.93
1000000 3571.04
