# Time-averaged data for fix com
# TimeStep c_com[1] c_com[2] c_com[3]
1000 1.97912 2.05661 1.94604
2000 1.97912 2.05661 1.94604
3000 1.97912 2.05661 1.94604
4000 1.97912 2.05661 1.94604
5000 1.97912 2.05661 1.94604
6000 1.97912 2.05661 1.94604
7000 1.97912 2.05661 1.94604
8000 1.97912 2.05661 1.94604
9000 1.97912 2.05661 1.94604
10000 1.97912 2.05661 1.94604
11000 1.97912 2.05661 1.94604
12000 1.97912 2.05661 1.94604
13000 1.97912 2.05661 1.94604
14000 1.97912 2.05661 1.94604
15000 1.97912 2.05661 1.94604
16000 1.97912 2.05661 1.94604
17000 1.97912 2.05661 1.94604
18000 1.97912 2.05661 1.94604
19000 1.97912 2.05661 1.94604
20000 1.97912 2.05661 1.94604
21000 1.97912 2.05661 1.94604
22000 1.97912 2.05661 1.94604
23000 1.97912 2.05661 1.94604
24000 1.97912 2.05661 1.94604
25000 1.97912 2.05661 1.94604
26000 1.97912 2.05661 1.94604
27000 1.97912 2.05661 1.94604
28000 1.97912 2.05661 1.94604
29000 1.97912 2.05661 1.94604
30000 1.97912 2.05661 1.94604
31000 1.97912 2.05661 1.94604
32000 1.97912 2.05661 1.94604
33000 1.97912 2.05661 1.94604
34000 1.97912 2.05661 1.94604
35000 1.97912 2.05661 1.94604
36000 1.97912 2.05661 1.94604
37000 1.97912 2.05661 1.94604
38000 1.97912 2.05661 1.94604
39000 1.97912 2.05661 1.94604
40000 1.97912 2.05661 1.94604
41000 1.97912 2.05661 1.94604
42000 1.97912 2.05661 1.94604
43000 1.97912 2.05661 1.94604
44000 1.97912 2.05661 1.94604
45000 1.97912 2.05661 1.94604
46000 1.97912 2.05661 1.94604
47000 1.97912 2.05661 1.94604
48000 1.97912 2.05661 1.94604
49000 1.97912 2.05661 1.94604
50000 1.97912 2.05661 1.94604
51000 1.97912 2.05661 1.94604
52000 1.97912 2.05661 1.94604
53000 1.97912 2.05661 1.94604
54000 1.97912 2.05661 1.94604
55000 1.97912 2.05661 1.94604
56000 1.97912 2.05661 1.94604
57000 1.97912 2.05661 1.94604
58000 1.97912 2.05661 1.94604
59000 1.97912 2.05661 1.94604
60000 1.97912 2.05661 1.94604
61000 1.97912 2.05661 1.94604
62000 1.97912 2.05661 1.94604
63000 1.97912 2.05661 1.94604
64000 1.97912 2.05661 1.94604
65000 1.97912 2.05661 1.94604
66000 1.97912 2.05661 1.94604
67000 1.97912 2.05661 1.94604
68000 1.97912 2.05661 1.94604
69000 1.97912 2.05661 1.94604
70000 1.97912 2.05661 1.94604
71000 1.97912 2.05661 1.94604
72000 1.97912 2.05661 1.94604
73000 1.97912 2.05661 1.94604
74000 1.97912 2.05661 1.94604
75000 1.97912 2.05661 1.94604
76000 1.97912 2.05661 1.94604
77000 1.97912 2.05661 1.94604
78000 1.97912 2.05661 1.94604
79000 1.97912 2.05661 1.94604
80000 1.97912 2.05661 1.94604
81000 1.97912 2.05661 1.94604
82000 1.97912 2.05661 1.94604
83000 1.97912 2.05661 1.94604
84000 1.97912 2.05661 1.94604
85000 1.97912 2.05661 1.94604
86000 1.97912 2.05661 1.94604
87000 1.97912 2.05661 1.94604
88000 1.97912 2.05661 1.94604
89000 1.97912 2.05661 1.94604
90000 1.97912 2.05661 1.94604
91000 1.97912 2.05661 1.94604
92000 1.97912 2.05661 1.94604
93000 1.97912 2.05661 1.94604
94000 1.97912 2.05661 1.94604
95000 1.97912 2.05661 1.94604
96000 1.97912 2.05661 1.94604
97000 1.97912 2.05661 1.94604
98000 1.97912 2.05661 1.94604
99000 1.97912 2.05661 1.94604
100000 1.97912 2.05661 1.94604
101000 1.97912 2.05661 1.94604
102000 1.97912 2.05661 1.94604
103000 1.97912 2.05661 1.94604
104000 1.97912 2.05661 1.94604
105000 1.97912 2.05661 1.94604
106000 1.97912 2.05661 1.94604
107000 1.97912 2.05661 1.94604
108000 1.97912 2.05661 1.94604
109000 1.97912 2.05661 1.94604
110000 1.97912 2.05661 1.94604
111000 1.97912 2.05661 1.94604
112000 1.97912 2.05661 1.94604
113000 1.97912 2.05661 1.94604
114000 1.97912 2.05661 1.94604
115000 1.97912 2.05661 1.94604
116000 1.97912 2.05661 1.94604
117000 1.97912 2.05661 1.94604
118000 1.97912 2.05661 1.94604
119000 1.97912 2.05661 1.94604
120000 1.97912 2.05661 1.94604
121000 1.97912 2.05661 1.94604
122000 1.97912 2.05661 1.94604
123000 1.97912 2.05661 1.94604
124000 1.97912 2.05661 1.94604
125000 1.97912 2.05661 1.94604
126000 1.97912 2.05661 1.94604
127000 1.97912 2.05661 1.94604
128000 1.97912 2.05661 1.94604
129000 1.97912 2.05661 1.94604
130000 1.97912 2.05661 1.94604
131000 1.97912 2.05661 1.94604
132000 1.97912 2.05661 1.94604
133000 1.97912 2.05661 1.94604
134000 1.97912 2.05661 1.94604
135000 1.97912 2.05661 1.94604
136000 1.97912 2.05661 1.94604
137000 1.97912 2.05661 1.94604
138000 1.97912 2.05661 1.94604
139000 1.97912 2.05661 1.94604
140000 1.97912 2.05661 1.94604
141000 1.97912 2.05661 1.94604
142000 1.97912 2.05661 1.94604
143000 1.97912 2.05661 1.94604
144000 1.97912 2.05661 1.94604
145000 1.97912 2.05661 1.94604
146000 1.97912 2.05661 1.94604
147000 1.97912 2.05661 1.94604
148000 1.97912 2.05661 1.94604
149000 1.97912 2.05661 1.94604
150000 1.97912 2.05661 1.94604
151000 1.97912 2.05661 1.94604
152000 1.97912 2.05661 1.94604
153000 1.97912 2.05661 1.94604
154000 1.97912 2.05661 1.94604
155000 1.97912 2.05661 1.94604
156000 1.97912 2.05661 1.94604
157000 1.97912 2.05661 1.94604
158000 1.97912 2.05661 1.94604
159000 1.97912 2.05661 1.94604
160000 1.97912 2.05661 1.94604
161000 1.97912 2.05661 1.94604
162000 1.97912 2.05661 1.94604
163000 1.97912 2.05661 1.94604
164000 1.97912 2.05661 1.94604
165000 1.97912 2.05661 1.94604
166000 1.97912 2.05661 1.94604
167000 1.97912 2.05661 1.94604
168000 1.97912 2.05661 1.94604
169000 1.97912 2.05661 1.94604
170000 1.97912 2.05661 1.94604
171000 1.97912 2.05661 1.94604
172000 1.97912 2.05661 1.94604
173000 1.97912 2.05661 1.94604
174000 1.97912 2.05661 1.94604
175000 1.97912 2.05661 1.94604
176000 1.97912 2.05661 1.94604
177000 1.97912 2.05661 1.94604
178000 1.97912 2.05661 1.94604
179000 1.97912 2.05661 1.94604
180000 1.97912 2.05661 1.94604
181000 1.97912 2.05661 1.94604
182000 1.97912 2.05661 1.94604
183000 1.97912 2.05661 1.94604
184000 1.97912 2.05661 1.94604
185000 1.97912 2.05661 1.94604
186000 1.97912 2.05661 1.94604
187000 1.97912 2.05661 1.94604
188000 1.97912 2.05661 1.94604
189000 1.97912 2.05661 1.94604
190000 1.97912 2.05661 1.94604
191000 1.97912 2.05661 1.94604
192000 1.97912 2.05661 1.94604
193000 1.97912 2.05661 1.94604
194000 1.97912 2.05661 1.94604
195000 1.97912 2.05661 1.94604
196000 1.97912 2.05661 1.94604
197000 1.97912 2.05661 1.94604
198000 1.97912 2.05661 1.94604
199000 1.97912 2.05661 1.94604
200000 1.97912 2.05661 1.94604
201000 1.97912 2.05661 1.94604
202000 1.97912 2.05661 1.94604
203000 1.97912 2.05661 1.94604
204000 1.97912 2.05661 1.94604
205000 1.97912 2.05661 1.94604
206000 1.97912 2.05661 1.94604
207000 1.97912 2.05661 1.94604
208000 1.97912 2.05661 1.94604
209000 1.97912 2.05661 1.94604
210000 1.97912 2.05661 1.94604
211000 1.97912 2.05661 1.94604
212000 1.97912 2.05661 1.94604
213000 1.97912 2.05661 1.94604
214000 1.97912 2.05661 1.94604
215000 1.97912 2.05661 1.94604
216000 1.97912 2.05661 1.94604
217000 1.97912 2.05661 1.94604
218000 1.97912 2.05661 1.94604
219000 1.97912 2.05661 1.94604
220000 1.97912 2.05661 1.94604
221000 1.97912 2.05661 1.94604
222000 1.97912 2.05661 1.94604
223000 1.97912 2.05661 1.94604
224000 1.97912 2.05661 1.94604
225000 1.97912 2.05661 1.94604
226000 1.97912 2.05661 1.94604
227000 1.97912 2.05661 1.94604
228000 1.97912 2.05661 1.94604
229000 1.97912 2.05661 1.94604
230000 1.97912 2.05661 1.94604
231000 1.97912 2.05661 1.94604
232000 1.97912 2.05661 1.94604
233000 1.97912 2.05661 1.94604
234000 1.97912 2.05661 1.94604
235000 1.97912 2.05661 1.94604
236000 1.97912 2.05661 1.94604
237000 1.97912 2.05661 1.94604
238000 1.97912 2.05661 1.94604
239000 1.97912 2.05661 1.94604
240000 1.97912 2.05661 1.94604
241000 1.97912 2.05661 1.94604
242000 1.97912 2.05661 1.94604
243000 1.97912 2.05661 1.94604
244000 1.97912 2.05661 1.94604
245000 1.97912 2.05661 1.94604
246000 1.97912 2.05661 1.94604
247000 1.97912 2.05661 1.94604
248000 1.97912 2.05661 1.94604
249000 1.97912 2.05661 1.94604
250000 1.97912 2.05661 1.94604
251000 1.97912 2.05661 1.94604
252000 1.97912 2.05661 1.94604
253000 1.97912 2.05661 1.94604
254000 1.97912 2.05661 1.94604
255000 1.97912 2.05661 1.94604
256000 1.97912 2.05661 1.94604
257000 1.97912 2.05661 1.94604
258000 1.97912 2.05661 1.94604
259000 1.97912 2.05661 1.94604
260000 1.97912 2.05661 1.94604
261000 1.97912 2.05661 1.94604
262000 1.97912 2.05661 1.94604
263000 1.97912 2.05661 1.94604
264000 1.97912 2.05661 1.94604
265000 1.97912 2.05661 1.94604
266000 1.97912 2.05661 1.94604
267000 1.97912 2.05661 1.94604
268000 1.97912 2.05661 1.94604
269000 1.97912 2.05661 1.94604
270000 1.97912 2.05661 1.94604
271000 1.97912 2.05661 1.94604
272000 1.97912 2.05661 1.94604
273000 1.97912 2.05661 1.94604
274000 1.97912 2.05661 1.94604
275000 1.97912 2.05661 1.94604
276000 1.97912 2.05661 1.94604
277000 1.97912 2.05661 1.94604
278000 1.97912 2.05661 1.94604
279000 1.97912 2.05661 1.94604
280000 1.97912 2.05661 1.94604
281000 1.97912 2.05661 1.94604
282000 1.97912 2.05661 1.94604
283000 1.97912 2.05661 1.94604
284000 1.97912 2.05661 1.94604
285000 1.97912 2.05661 1.94604
286000 1.97912 2.05661 1.94604
287000 1.97912 2.05661 1.94604
288000 1.97912 2.05661 1.94604
289000 1.97912 2.05661 1.94604
290000 1.97912 2.05661 1.94604
291000 1.97912 2.05661 1.94604
292000 1.97912 2.05661 1.94604
293000 1.97912 2.05661 1.94604
294000 1.97912 2.05661 1.94604
295000 1.97912 2.05661 1.94604
296000 1.97912 2.05661 1.94604
297000 1.97912 2.05661 1.94604
298000 1.97912 2.05661 1.94604
299000 1.97912 2.05661 1.94604
300000 1.97912 2.05661 1.94604
301000 1.97912 2.05661 1.94604
302000 1.97912 2.05661 1.94604
303000 1.97912 2.05661 1.94604
304000 1.97912 2.05661 1.94604
305000 1.97912 2.05661 1.94604
306000 1.97912 2.05661 1.94604
307000 1.97912 2.05661 1.94604
308000 1.97912 2.05661 1.94604
309000 1.97912 2.05661 1.94604
310000 1.97912 2.05661 1.94604
311000 1.97912 2.05661 1.94604
312000 1.97912 2.05661 1.94604
313000 1.97912 2.05661 1.94604
314000 1.97912 2.05661 1.94604
315000 1.97912 2.05661 1.94604
316000 1.97912 2.05661 1.94604
317000 1.97912 2.05661 1.94604
318000 1.97912 2.05661 1.94604
319000 1.97912 2.05661 1.94604
320000 1.97912 2.05661 1.94604
321000 1.97912 2.05661 1.94604
322000 1.97912 2.05661 1.94604
323000 1.97912 2.05661 1.94604
324000 1.97912 2.05661 1.94604
325000 1.97912 2.05661 1.94604
326000 1.97912 2.05661 1.94604
327000 1.97912 2.05661 1.94604
328000 1.97912 2.05661 1.94604
329000 1.97912 2.05661 1.94604
330000 1.97912 2.05661 1.94604
331000 1.97912 2.05661 1.94604
332000 1.97912 2.05661 1.94604
333000 1.97912 2.05661 1.94604
334000 1.97912 2.05661 1.94604
335000 1.97912 2.05661 1.94604
336000 1.97912 2.05661 1.94604
337000 1.97912 2.05661 1.94604
338000 1.97912 2.05661 1.94604
339000 1.97912 2.05661 1.94604
340000 1.97912 2.05661 1.94604
341000 1.97912 2.05661 1.94604
342000 1.97912 2.05661 1.94604
343000 1.97912 2.05661 1.94604
344000 1.97912 2.05661 1.94604
345000 1.97912 2.05661 1.94604
346000 1.97912 2.05661 1.94604
347000 1.97912 2.05661 1.94604
348000 1.97912 2.05661 1.94604
349000 1.97912 2.05661 1.94604
350000 1.97912 2.05661 1.94604
351000 1.97912 2.05661 1.94604
352000 1.97912 2.05661 1.94604
353000 1.97912 2.05661 1.94604
354000 1.97912 2.05661 1.94604
355000 1.97912 2.05661 1.94604
356000 1.97912 2.05661 1.94604
357000 1.97912 2.05661 1.94604
358000 1.97912 2.05661 1.94604
359000 1.97912 2.05661 1.94604
360000 1.97912 2.05661 1.94604
361000 1.97912 2.05661 1.94604
362000 1.97912 2.05661 1.94604
363000 1.97912 2.05661 1.94604
364000 1.97912 2.05661 1.94604
365000 1.97912 2.05661 1.94604
366000 1.97912 2.05661 1.94604
367000 1.97912 2.05661 1.94604
368000 1.97912 2.05661 1.94604
369000 1.97912 2.05661 1.94604
370000 1.97912 2.05661 1.94604
371000 1.97912 2.05661 1.94604
372000 1.97912 2.05661 1.94604
373000 1.97912 2.05661 1.94604
374000 1.97912 2.05661 1.94604
375000 1.97912 2.05661 1.94604
376000 1.97912 2.05661 1.94604
377000 1.97912 2.05661 1.94604
378000 1.97912 2.05661 1.94604
379000 1.97912 2.05661 1.94604
380000 1.97912 2.05661 1.94604
381000 1.97912 2.05661 1.94604
382000 1.97912 2.05661 1.94604
383000 1.97912 2.05661 1.94604
384000 1.97912 2.05661 1.94604
385000 1.97912 2.05661 1.94604
386000 1.97912 2.05661 1.94604
387000 1.97912 2.05661 1.94604
388000 1.97912 2.05661 1.94604
389000 1.97912 2.05661 1.94604
390000 1.97912 2.05661 1.94604
391000 1.97912 2.05661 1.94604
392000 1.97912 2.05661 1.94604
393000 1.97912 2.05661 1.94604
394000 1.97912 2.05661 1.94604
395000 1.97912 2.05661 1.94604
396000 1.97912 2.05661 1.94604
397000 1.97912 2.05661 1.94604
398000 1.97912 2.05661 1.94604
399000 1.97912 2.05661 1.94604
400000 1.97912 2.05661 1.94604
401000 1.97912 2.05661 1.94604
402000 1.97912 2.05661 1.94604
403000 1.97912 2.05661 1.94604
404000 1.97912 2.05661 1.94604
405000 1.97912 2.05661 1.94604
406000 1.97912 2.05661 1.94604
407000 1.97912 2.05661 1.94604
408000 1.97912 2.05661 1.94604
409000 1.97912 2.05661 1.94604
410000 1.97912 2.05661 1.94604
411000 1.97912 2.05661 1.94604
412000 1.97912 2.05661 1.94604
413000 1.97912 2.05661 1.94604
414000 1.97912 2.05661 1.94604
415000 1.97912 2.05661 1.94604
416000 1.97912 2.05661 1.94604
417000 1.97912 2.05661 1.94604
418000 1.97912 2.05661 1.94604
419000 1.97912 2.05661 1.94604
420000 1.97912 2.05661 1.94604
421000 1.97912 2.05661 1.94604
422000 1.97912 2.05661 1.94604
423000 1.97912 2.05661 1.94604
424000 1.97912 2.05661 1.94604
425000 1.97912 2.05661 1.94604
426000 1.97912 2.05661 1.94604
427000 1.97912 2.05661 1.94604
428000 1.97912 2.05661 1.94604
429000 1.97912 2.05661 1.94604
430000 1.97912 2.05661 1.94604
431000 1.97912 2.05661 1.94604
432000 1.97912 2.05661 1.94604
433000 1.97912 2.05661 1.94604
434000 1.97912 2.05661 1.94604
435000 1.97912 2.05661 1.94604
436000 1.97912 2.05661 1.94604
437000 1.97912 2.05661 1.94604
438000 1.97912 2.05661 1.94604
439000 1.97912 2.05661 1.94604
440000 1.97912 2.05661 1.94604
441000 1.97912 2.05661 1.94604
442000 1.97912 2.05661 1.94604
443000 1.97912 2.05661 1.94604
444000 1.97912 2.05661 1.94604
445000 1.97912 2.05661 1.94604
446000 1.97912 2.05661 1.94604
447000 1.97912 2.05661 1.94604
448000 1.97912 2.05661 1.94604
449000 1.97912 2.05661 1.94604
450000 1.97912 2.05661 1.94604
451000 1.97912 2.05661 1.94604
452000 1.97912 2.05661 1.94604
453000 1.97912 2.05661 1.94604
454000 1.97912 2.05661 1.94604
455000 1.97912 2.05661 1.94604
456000 1.97912 2.05661 1.94604
457000 1.97912 2.05661 1.94604
458000 1.97912 2.05661 1.94604
459000 1.97912 2.05661 1.94604
460000 1.97912 2.05661 1.94604
461000 1.97912 2.05661 1.94604
462000 1.97912 2.05661 1.94604
463000 1.97912 2.05661 1.94604
464000 1.97912 2.05661 1.94604
465000 1.97912 2.05661 1.94604
466000 1.97912 2.05661 1.94604
467000 1.97912 2.05661 1.94604
468000 1.97912 2.05661 1.94604
469000 1.97912 2.05661 1.94604
470000 1.97912 2.05661 1.94604
471000 1.97912 2.05661 1.94604
472000 1.97912 2.05661 1.94604
473000 1.97912 2.05661 1.94604
474000 1.97912 2.05661 1.94604
475000 1.97912 2.05661 1.94604
476000 1.97912 2.05661 1.94604
477000 1.97912 2.05661 1.94604
478000 1.97912 2.05661 1.94604
479000 1.97912 2.05661 1.94604
480000 1.97912 2.05661 1.94604
481000 1.97912 2.05661 1.94604
482000 1.97912 2.05661 1.94604
483000 1.97912 2.05661 1.94604
484000 1.97912 2.05661 1.94604
485000 1.97912 2.05661 1.94604
486000 1.97912 2.05661 1.94604
487000 1.97912 2.05661 1.94604
488000 1.97912 2.05661 1.94604
489000 1.97912 2.05661 1.94604
490000 1.97912 2.05661 1.94604
491000 1.97912 2.05661 1.94604
492000 1.97912 2.05661 1.94604
493000 1.97912 2.05661 1.94604
494000 1.97912 2.05661 1.94604
495000 1.97912 2.05661 1.94604
496000 1.97912 2.05661 1.94604
497000 1.97912 2.05661 1.94604
498000 1.97912 2.05661 1.94604
499000 1.97912 2.05661 1.94604
500000 1.97912 2.05661 1.94604
501000 1.97912 2.05661 1.94604
502000 1.97912 2.05661 1.94604
503000 1.97912 2.05661 1.94604
504000 1.97912 2.05661 1.94604
505000 1.97912 2.05661 1.94604
506000 1.97912 2.05661 1.94604
507000 1.97912 2.05661 1.94604
508000 1.97912 2.05661 1.94604
509000 1.97912 2.05661 1.94604
510000 1.97912 2.05661 1.94604
511000 1.97912 2.05661 1.94604
512000 1.97912 2.05661 1.94604
513000 1.97912 2.05661 1.94604
514000 1.97912 2.05661 1.94604
515000 1.97912 2.05661 1.94604
516000 1.97912 2.05661 1.94604
517000 1.97912 2.05661 1.94604
518000 1.97912 2.05661 1.94604
519000 1.97912 2.05661 1.94604
520000 1.97912 2.05661 1.94604
521000 1.97912 2.05661 1.94604
522000 1.97912 2.05661 1.94604
523000 1.97912 2.05661 1.94604
524000 1.97912 2.05661 1.94604
525000 1.97912 2.05661 1.94604
526000 1.97912 2.05661 1.94604
527000 1.97912 2.05661 1.94604
528000 1.97912 2.05661 1.94604
529000 1.97912 2.05661 1.94604
530000 1.97912 2.05661 1.94604
531000 1.97912 2.05661 1.94604
532000 1.97912 2.05661 1.94604
533000 1.97912 2.05661 1.94604
534000 1.97912 2.05661 1.94604
535000 1.97912 2.05661 1.94604
536000 1.97912 2.05661 1.94604
537000 1.97912 2.05661 1.94604
538000 1.97912 2.05661 1.94604
539000 1.97912 2.05661 1.94604
540000 1.97912 2.05661 1.94604
541000 1.97912 2.05661 1.94604
542000 1.97912 2.05661 1.94604
543000 1.97912 2.05661 1.94604
544000 1.97912 2.05661 1.94604
545000 1.97912 2.05661 1.94604
546000 1.97912 2.05661 1.94604
547000 1.97912 2.05661 1.94604
548000 1.97912 2.05661 1.94604
549000 1.97912 2.05661 1.94604
550000 1.97912 2.05661 1.94604
551000 1.97912 2.05661 1.94604
552000 1.97912 2.05661 1.94604
553000 1.97912 2.05661 1.94604
554000 1.97912 2.05661 1.94604
555000 1.97912 2.05661 1.94604
556000 1.97912 2.05661 1.94604
557000 1.97912 2.05661 1.94604
558000 1.97912 2.05661 1.94604
559000 1.97912 2.05661 1.94604
560000 1.97912 2.05661 1.94604
561000 1.97912 2.05661 1.94604
562000 1.97912 2.05661 1.94604
563000 1.97912 2.05661 1.94604
564000 1.97912 2.05661 1.94604
565000 1.97912 2.05661 1.94604
566000 1.97912 2.05661 1.94604
567000 1.97912 2.05661 1.94604
568000 1.97912 2.05661 1.94604
569000 1.97912 2.05661 1.94604
570000 1.97912 2.05661 1.94604
571000 1.97912 2.05661 1.94604
572000 1.97912 2.05661 1.94604
573000 1.97912 2.05661 1.94604
574000 1.97912 2.05661 1.94604
575000 1.97912 2.05661 1.94604
576000 1.97912 2.05661 1.94604
577000 1.97912 2.05661 1.94604
578000 1.97912 2.05661 1.94604
579000 1.97912 2.05661 1.94604
580000 1.97912 2.05661 1.94604
581000 1.97912 2.05661 1.94604
582000 1.97912 2.05661 1.94604
583000 1.97912 2.05661 1.94604
584000 1.97912 2.05661 1.94604
585000 1.97912 2.05661 1.94604
586000 1.97912 2.05661 1.94604
587000 1.97912 2.05661 1.94604
588000 1.97912 2.05661 1.94604
589000 1.97912 2.05661 1.94604
590000 1.97912 2.05661 1.94604
591000 1.97912 2.05661 1.94604
592000 1.97912 2.05661 1.94604
593000 1.97912 2.05661 1.94604
594000 1.97912 2.05661 1.94604
595000 1.97912 2.05661 1.94604
596000 1.97912 2.05661 1.94604
597000 1.97912 2.05661 1.94604
598000 1.97912 2.05661 1.94604
599000 1.97912 2.05661 1.94604
600000 1.97912 2.05661 1.94604
601000 1.97912 2.05661 1.94604
602000 1.97912 2.05661 1.94604
603000 1.97912 2.05661 1.94604
604000 1.97912 2.05661 1.94604
605000 1.97912 2.05661 1.94604
606000 1.97912 2.05661 1.94604
607000 1.97912 2.05661 1.94604
608000 1.97912 2.05661 1.94604
609000 1.97912 2.05661 1.94604
610000 1.97912 2.05661 1.94604
611000 1.97912 2.05661 1.94604
612000 1.97912 2.05661 1.94604
613000 1.97912 2.05661 1.94604
614000 1.97912 2.05661 1.94604
615000 1.97912 2.05661 1.94604
616000 1.97912 2.05661 1.94604
617000 1.97912 2.05661 1.94604
618000 1.97912 2.05661 1.94604
619000 1.97912 2.05661 1.94604
620000 1.97912 2.05661 1.94604
621000 1.97912 2.05661 1.94604
622000 1.97912 2.05661 1.94604
623000 1.97912 2.05661 1.94604
624000 1.97912 2.05661 1.94604
625000 1.97912 2.05661 1.94604
626000 1.97912 2.05661 1.94604
627000 1.97912 2.05661 1.94604
628000 1.97912 2.05661 1.94604
629000 1.97912 2.05661 1.94604
630000 1.97912 2.05661 1.94604
631000 1.97912 2.05661 1.94604
632000 1.97912 2.05661 1.94604
633000 1.97912 2.05661 1.94604
634000 1.97912 2.05661 1.94604
635000 1.97912 2.05661 1.94604
636000 1.97912 2.05661 1.94604
637000 1.97912 2.05661 1.94604
638000 1.97912 2.05661 1.94604
639000 1.97912 2.05661 1.94604
640000 1.97912 2.05661 1.94604
641000 1.97912 2.05661 1.94604
642000 1.97912 2.05661 1.94604
643000 1.97912 2.05661 1.94604
644000 1.97912 2.05661 1.94604
645000 1.97912 2.05661 1.94604
646000 1.97912 2.05661 1.94604
647000 1.97912 2.05661 1.94604
648000 1.97912 2.05661 1.94604
649000 1.97912 2.05661 1.94604
650000 1.97912 2.05661 1.94604
651000 1.97912 2.05661 1.94604
652000 1.97912 2.05661 1.94604
653000 1.97912 2.05661 1.94604
654000 1.97912 2.05661 1.94604
655000 1.97912 2.05661 1.94604
656000 1.97912 2.05661 1.94604
657000 1.97912 2.05661 1.94604
658000 1.97912 2.05661 1.94604
659000 1.97912 2.05661 1.94604
660000 1.97912 2.05661 1.94604
661000 1.97912 2.05661 1.94604
662000 1.97912 2.05661 1.94604
663000 1.97912 2.05661 1.94604
664000 1.97912 2.05661 1.94604
665000 1.97912 2.05661 1.94604
666000 1.97912 2.05661 1.94604
667000 1.97912 2.05661 1.94604
668000 1.97912 2.05661 1.94604
669000 1.97912 2.05661 1.94604
670000 1.97912 2.05661 1.94604
671000 1.97912 2.05661 1.94604
672000 1.97912 2.05661 1.94604
673000 1.97912 2.05661 1.94604
674000 1.97912 2.05661 1.94604
675000 1.97912 2.05661 1.94604
676000 1.97912 2.05661 1.94604
677000 1.97912 2.05661 1.94604
678000 1.97912 2.05661 1.94604
679000 1.97912 2.05661 1.94604
680000 1.97912 2.05661 1.94604
681000 1.97912 2.05661 1.94604
682000 1.97912 2.05661 1.94604
683000 1.97912 2.05661 1.94604
684000 1.97912 2.05661 1.94604
685000 1.97912 2.05661 1.94604
686000 1.97912 2.05661 1.94604
687000 1.97912 2.05661 1.94604
688000 1.97912 2.05661 1.94604
689000 1.97912 2.05661 1.94604
690000 1.97912 2.05661 1.94604
691000 1.97912 2.05661 1.94604
692000 1.97912 2.05661 1.94604
693000 1.97912 2.05661 1.94604
694000 1.97912 2.05661 1.94604
695000 1.97912 2.05661 1.94604
696000 1.97912 2.05661 1.94604
697000 1.97912 2.05661 1.94604
698000 1.97912 2.05661 1.94604
699000 1.97912 2.05661 1.94604
700000 1.97912 2.05661 1.94604
701000 1.97912 2.05661 1.94604
702000 1.97912 2.05661 1.94604
703000 1.97912 2.05661 1.94604
704000 1.97912 2.05661 1.94604
705000 1.97912 2.05661 1.94604
706000 1.97912 2.05661 1.94604
707000 1.97912 2.05661 1.94604
708000 1.97912 2.05661 1.94604
709000 1.97912 2.05661 1.94604
710000 1.97912 2.05661 1.94604
711000 1.97912 2.05661 1.94604
712000 1.97912 2.05661 1.94604
713000 1.97912 2.05661 1.94604
714000 1.97912 2.05661 1.94604
715000 1.97912 2.05661 1.94604
716000 1.97912 2.05661 1.94604
717000 1.97912 2.05661 1.94604
718000 1.97912 2.05661 1.94604
719000 1.97912 2.05661 1.94604
720000 1.97912 2.05661 1.94604
721000 1.97912 2.05661 1.94604
722000 1.97912 2.05661 1.94604
723000 1.97912 2.05661 1.94604
724000 1.97912 2.05661 1.94604
725000 1.97912 2.05661 1.94604
726000 1.97912 2.05661 1.94604
727000 1.97912 2.05661 1.94604
728000 1.97912 2.05661 1.94604
729000 1.97912 2.05661 1.94604
730000 1.97912 2.05661 1.94604
731000 1.97912 2.05661 1.94604
732000 1.97912 2.05661 1.94604
733000 1.97912 2.05661 1.94604
734000 1.97912 2.05661 1.94604
735000 1.97912 2.05661 1.94604
736000 1.97912 2.05661 1.94604
737000 1.97912 2.05661 1.94604
738000 1.97912 2.05661 1.94604
739000 1.97912 2.05661 1.94604
740000 1.97912 2.05661 1.94604
741000 1.97912 2.05661 1.94604
742000 1.97912 2.05661 1.94604
743000 1.97912 2.05661 1.94604
744000 1.97912 2.05661 1.94604
745000 1.97912 2.05661 1.94604
746000 1.97912 2.05661 1.94604
747000 1.97912 2.05661 1.94604
748000 1.97912 2.05661 1.94604
749000 1.97912 2.05661 1.94604
750000 1.97912 2.05661 1.94604
751000 1.97912 2.05661 1.94604
752000 1.97912 2.05661 1.94604
753000 1.97912 2.05661 1.94604
754000 1.97912 2.05661 1.94604
755000 1.97912 2.05661 1.94604
756000 1.97912 2.05661 1.94604
757000 1.97912 2.05661 1.94604
758000 1.97912 2.05661 1.94604
759000 1.97912 2.05661 1.94604
760000 1.97912 2.05661 1.94604
761000 1.97912 2.05661 1.94604
762000 1.97912 2.05661 1.94604
763000 1.97912 2.05661 1.94604
764000 1.97912 2.05661 1.94604
765000 1.97912 2.05661 1.94604
766000 1.97912 2.05661 1.94604
767000 1.97912 2.05661 1.94604
768000 1.97912 2.05661 1.94604
769000 1.97912 2.05661 1.94604
770000 1.97912 2.05661 1.94604
771000 1.97912 2.05661 1.94604
772000 1.97912 2.05661 1.94604
773000 1.97912 2.05661 1.94604
774000 1.97912 2.05661 1.94604
775000 1.97912 2.05661 1.94604
776000 1.97912 2.05661 1.94604
777000 1.97912 2.05661 1.94604
778000 1.97912 2.05661 1.94604
779000 1.97912 2.05661 1.94604
780000 1.97912 2.05661 1.94604
781000 1.97912 2.05661 1.94604
782000 1.97912 2.05661 1.94604
783000 1.97912 2.05661 1.94604
784000 1.97912 2.05661 1.94604
785000 1.97912 2.05661 1.94604
786000 1.97912 2.05661 1.94604
787000 1.97912 2.05661 1.94604
788000 1.97912 2.05661 1.94604
789000 1.97912 2.05661 1.94604
790000 1.97912 2.05661 1.94604
791000 1.97912 2.05661 1.94604
792000 1.97912 2.05661 1.94604
793000 1.97912 2.05661 1.94604
794000 1.97912 2.05661 1.94604
795000 1.97912 2.05661 1.94604
796000 1.97912 2.05661 1.94604
797000 1.97912 2.05661 1.94604
798000 1.97912 2.05661 1.94604
799000 1.97912 2.05661 1.94604
800000 1.97912 2.05661 1.94604
801000 1.97912 2.05661 1.94604
802000 1.97912 2.05661 1.94604
803000 1.97912 2.05661 1.94604
804000 1.97912 2.05661 1.94604
805000 1.97912 2.05661 1.94604
806000 1.97912 2.05661 1.94604
807000 1.97912 2.05661 1.94604
808000 1.97912 2.05661 1.94604
809000 1.97912 2.05661 1.94604
810000 1.97912 2.05661 1.94604
811000 1.97912 2.05661 1.94604
812000 1.97912 2.05661 1.94604
813000 1.97912 2.05661 1.94604
814000 1.97912 2.05661 1.94604
815000 1.97912 2.05661 1.94604
816000 1.97912 2.05661 1.94604
817000 1.97912 2.05661 1.94604
818000 1.97912 2.05661 1.94604
819000 1.97912 2.05661 1.94604
820000 1.97912 2.05661 1.94604
821000 1.97912 2.05661 1.94604
822000 1.97912 2.05661 1.94604
823000 1.97912 2.05661 1.94604
824000 1.97912 2.05661 1.94604
825000 1.97912 2.05661 1.94604
826000 1.97912 2.05661 1.94604
827000 1.97912 2.05661 1.94604
828000 1.97912 2.05661 1.94604
829000 1.97912 2.05661 1.94604
830000 1.97912 2.05661 1.94604
831000 1.97912 2.05661 1.94604
832000 1.97912 2.05661 1.94604
833000 1.97912 2.05661 1.94604
834000 1.97912 2.05661 1.94604
835000 1.97912 2.05661 1.94604
836000 1.97912 2.05661 1.94604
837000 1.97912 2.05661 1.94604
838000 1.97912 2.05661 1.94604
839000 1.97912 2.05661 1.94604
840000 1.97912 2.05661 1.94604
841000 1.97912 2.05661 1.94604
842000 1.97912 2.05661 1.94604
843000 1.97912 2.05661 1.94604
844000 1.97912 2.05661 1.94604
845000 1.97912 2.05661 1.94604
846000 1.97912 2.05661 1.94604
847000 1.97912 2.05661 1.94604
848000 1.97912 2.05661 1.94604
849000 1.97912 2.05661 1.94604
850000 1.97912 2.05661 1.94604
851000 1.97912 2.05661 1.94604
852000 1.97912 2.05661 1.94604
853000 1.97912 2.05661 1.94604
854000 1.97912 2.05661 1.94604
855000 1.97912 2.05661 1.94604
856000 1.97912 2.05661 1.94604
857000 1.97912 2.05661 1.94604
858000 1.97912 2.05661 1.94604
859000 1.97912 2.05661 1.94604
860000 1.97912 2.05661 1.94604
861000 1.97912 2.05661 1.94604
862000 1.97912 2.05661 1.94604
863000 1.97912 2.05661 1.94604
864000 1.97912 2.05661 1.94604
865000 1.97912 2.05661 1.94604
866000 1.97912 2.05661 1.94604
867000 1.97912 2.05661 1.94604
868000 1.97912 2.05661 1.94604
869000 1.97912 2.05661 1.94604
870000 1.97912 2.05661 1.94604
871000 1.97912 2.05661 1.94604
872000 1.97912 2.05661 1.94604
873000 1.97912 2.05661 1.94604
874000 1.97912 2.05661 1.94604
875000 1.97912 2.05661 1.94604
876000 1.97912 2.05661 1.94604
877000 1.97912 2.05661 1.94604
878000 1.97912 2.05661 1.94604
879000 1.97912 2.05661 1.94604
880000 1.97912 2.05661 1.94604
881000 1.97912 2.05661 1.94604
882000 1.97912 2.05661 1.94604
883000 1.97912 2.05661 1.94604
884000 1.97912 2.05661 1.94604
885000 1.97912 2.05661 1.94604
886000 1.97912 2.05661 1.94604
887000 1.97912 2.05661 1.94604
888000 1.97912 2.05661 1.94604
889000 1.97912 2.05661 1.94604
890000 1.97912 2.05661 1.94604
891000 1.97912 2.05661 1.94604
892000 1.97912 2.05661 1.94604
893000 1.97912 2.05661 1.94604
894000 1.97912 2.05661 1.94604
895000 1.97912 2.05661 1.94604
896000 1.97912 2.05661 1.94604
897000 1.97912 2.05661 1.94604
898000 1.97912 2.05661 1.94604
899000 1.97912 2.05661 1.94604
900000 1.97912 2.05661 1.94604
901000 1.97912 2.05661 1.94604
902000 1.97912 2.05661 1.94604
903000 1.97912 2.05661 1.94604
904000 1.97912 2.05661 1.94604
905000 1.97912 2.05661 1.94604
906000 1.97912 2.05661 1.94604
907000 1.97912 2.05661 1.94604
908000 1.97912 2.05661 1.94604
909000 1.97912 2.05661 1.94604
910000 1.97912 2.05661 1.94604
911000 1.97912 2.05661 1.94604
912000 1.97912 2.05661 1.94604
913000 1.97912 2.05661 1.94604
914000 1.97912 2.05661 1.94604
915000 1.97912 2.05661 1.94604
916000 1.97912 2.05661 1.94604
917000 1.97912 2.05661 1.94604
918000 1.97912 2.05661 1.94604
919000 1.97912 2.05661 1.94604
920000 1.97912 2.05661 1.94604
921000 1.97912 2.05661 1.94604
922000 1.97912 2.05661 1.94604
923000 1.97912 2.05661 1.94604
924000 1.97912 2.05661 1.94604
925000 1.97912 2.05661 1.94604
926000 1.97912 2.05661 1.94604
927000 1.97912 2.05661 1.94604
928000 1.97912 2.05661 1.94604
929000 1.97912 2.05661 1.94604
930000 1.97912 2.05661 1.94604
931000 1.97912 2.05661 1.94604
932000 1.97912 2.05661 1.94604
933000 1.97912 2.05661 1.94604
934000 1.97912 2.05661 1.94604
935000 1.97912 2.05661 1.94604
936000 1.97912 2.05661 1.94604
937000 1.97912 2.05661 1.94604
938000 1.97912 2.05661 1.94604
939000 1.97912 2.05661 1.94604
940000 1.97912 2.05661 1.94604
941000 1.97912 2.05661 1.94604
942000 1.97912 2.05661 1.94604
943000 1.97912 2.05661 1.94604
944000 1.97912 2.05661 1.94604
945000 1.97912 2.05661 1.94604
946000 1.97912 2.05661 1.94604
947000 1.97912 2.05661 1.94604
948000 1.97912 2.05661 1.94604
949000 1.97912 2.05661 1.94604
950000 1.97912 2.05661 1.94604
951000 1.97912 2.05661 1.94604
952000 1.97912 2.05661 1.94604
953000 1.97912 2.05661 1.94604
954000 1.97912 2.05661 1.94604
955000 1.97912 2.05661 1.94604
956000 1.97912 2.05661 1.94604
957000 1.97912 2.05661 1.94604
958000 1.97912 2.05661 1.94604
959000 1.97912 2.05661 1.94604
960000 1.97912 2.05661 1.94604
961000 1.97912 2.05661 1.94604
962000 1.97912 2.05661 1.94604
963000 1.97912 2.05661 1.94604
964000 1.97912 2.05661 1.94604
965000 1.97912 2.05661 1.94604
966000 1.97912 2.05661 1.94604
967000 1.97912 2.05661 1.94604
968000 1.97912 2.05661 1.94604
969000 1.97912 2.05661 1.94604
970000 1.97912 2.05661 1.94604
971000 1.97912 2.05661 1.94604
972000 1.97912 2.05661 1.94604
973000 1.97912 2.05661 1.94604
974000 1.97912 2.05661 1.94604
975000 1.97912 2.05661 1.94604
976000 1.97912 2.05661 1.94604
977000 1.97912 2.05661 1.94604
978000 1.97912 2.05661 1.94604
979000 1.97912 2.05661 1.94604
980000 1.97912 2.05661 1.94604
981000 1.97912 2.05661 1.94604
982000 1.97912 2.05661 1.94604
983000 1.97912 2.05661 1.94604
984000 1.97912 2.05661 1.94604
985000 1.97912 2.05661 1.94604
986000 1.97912 2.05661 1.94604
987000 1.97912 2.05661 1.94604
988000 1.97912 2.05661 1.94604
989000 1.97912 2.05661 1.94604
990000 1.97912 2.05661 1.94604
991000 1.97912 2.05661 1.94604
992000 1.97912 2.05661 1.94604
993000 1.97912 2.05661 1.94604
994000 1.97912 2.05661 1.94604
995000 1.97912 2.05661 1.94604
996000 1.97912 2.05661 1.94604
997000 1.97912 2.05661 1.94604
998000 1.97912 2.05661 1.94604
999000 1.97912 2.05661 1.94604
1000000 1.97912 2.05661 1.94604
