# Time-averaged data for fix com
# TimeStep c_com[1] c_com[2] c_com[3]
200 1.76979 1.90501 1.84248
300 1.76979 1.90501 1.84248
400 1.76979 1.90501 1.84248
500 1.76979 1.90501 1.84248
600 1.76979 1.90501 1.84248
700 1.76979 1.90501 1.84248
800 1.76979 1.90501 1.84248
900 1.76979 1.90501 1.84248
1000 1.76979 1.90501 1.84248
1100 1.76979 1.90501 1.84248
1200 1.76979 1.90501 1.84248
1300 1.76979 1.90501 1.84248
1400 1.76979 1.90501 1.84248
1500 1.76979 1.90501 1.84248
1600 1.76979 1.90501 1.84248
1700 1.76979 1.90501 1.84248
1800 1.76979 1.90501 1.84248
1900 1.76979 1.90501 1.84248
2000 1.76979 1.90501 1.84248
2100 1.76979 1.90501 1.84248
2200 1.76979 1.90501 1.84248
2300 1.76979 1.90501 1.84248
2400 1.76979 1.90501 1.84248
2500 1.76979 1.90501 1.84248
2600 1.76979 1.90501 1.84248
2700 1.76979 1.90501 1.84248
2800 1.76979 1.90501 1.84248
2900 1.76979 1.90501 1.84248
3000 1.76979 1.90501 1.84248
3100 1.76979 1.90501 1.84248
3200 1.76979 1.90501 1.84248
3300 1.76979 1.90501 1.84248
3400 1.76979 1.90501 1.84248
3500 1.76979 1.90501 1.84248
3600 1.76979 1.90501 1.84248
3700 1.76979 1.90501 1.84248
3800 1.76979 1.90501 1.84248
3900 1.76979 1.90501 1.84248
4000 1.76979 1.90501 1.84248
4100 1.76979 1.90501 1.84248
4200 1.76979 1.90501 1.84248
4300 1.76979 1.90501 1.84248
4400 1.76979 1.90501 1.84248
4500 1.76979 1.90501 1.84248
4600 1.76979 1.90501 1.84248
4700 1.76979 1.90501 1.84248
4800 1.76979 1.90501 1.84248
4900 1.76979 1.90501 1.84248
5000 1.76979 1.90501 1.84248
5100 1.76979 1.90501 1.84248
5200 1.76979 1.90501 1.84248
5300 1.76979 1.90501 1.84248
5400 1.76979 1.90501 1.84248
5500 1.76979 1.90501 1.84248
5600 1.76979 1.90501 1.84248
5700 1.76979 1.90501 1.84248
5800 1.76979 1.90501 1.84248
5900 1.76979 1.90501 1.84248
6000 1.76979 1.90501 1.84248
6100 1.76979 1.90501 1.84248
6200 1.76979 1.90501 1.84248
6300 1.76979 1.90501 1.84248
6400 1.76979 1.90501 1.84248
6500 1.76979 1.90501 1.84248
6600 1.76979 1.90501 1.84248
6700 1.76979 1.90501 1.84248
6800 1.76979 1.90501 1.84248
6900 1.76979 1.90501 1.84248
7000 1.76979 1.90501 1.84248
7100 1.76979 1.90501 1.84248
7200 1.76979 1.90501 1.84248
7300 1.76979 1.90501 1.84248
7400 1.76979 1.90501 1.84248
7500 1.76979 1.90501 1.84248
7600 1.76979 1.90501 1.84248
7700 1.76979 1.90501 1.84248
7800 1.76979 1.90501 1.84248
7900 1.76979 1.90501 1.84248
8000 1.76979 1.90501 1.84248
8100 1.76979 1.90501 1.84248
8200 1.76979 1.90501 1.84248
8300 1.76979 1.90501 1.84248
8400 1.76979 1.90501 1.84248
8500 1.76979 1.90501 1.84248
8600 1.76979 1.90501 1.84248
8700 1.76979 1.90501 1.84248
8800 1.76979 1.90501 1.84248
8900 1.76979 1.90501 1.84248
9000 1.76979 1.90501 1.84248
9100 1.76979 1.90501 1.84248
9200 1.76979 1.90501 1.84248
9300 1.76979 1.90501 1.84248
9400 1.76979 1.90501 1.84248
9500 1.76979 1.90501 1.84248
9600 1.76979 1.90501 1.84248
9700 1.76979 1.90501 1.84248
9800 1.76979 1.90501 1.84248
9900 1.76979 1.90501 1.84248
10000 1.76979 1.90501 1.84248
10100 1.76979 1.90501 1.84248
10200 1.76979 1.90501 1.84248
10300 1.76979 1.90501 1.84248
10400 1.76979 1.90501 1.84248
10500 1.76979 1.90501 1.84248
10600 1.76979 1.90501 1.84248
10700 1.76979 1.90501 1.84248
10800 1.76979 1.90501 1.84248
10900 1.76979 1.90501 1.84248
11000 1.76979 1.90501 1.84248
11100 1.76979 1.90501 1.84248
11200 1.76979 1.90501 1.84248
11300 1.76979 1.90501 1.84248
11400 1.76979 1.90501 1.84248
11500 1.76979 1.90501 1.84248
11600 1.76979 1.90501 1.84248
11700 1.76979 1.90501 1.84248
11800 1.76979 1.90501 1.84248
11900 1.76979 1.90501 1.84248
12000 1.76979 1.90501 1.84248
12100 1.76979 1.90501 1.84248
12200 1.76979 1.90501 1.84248
12300 1.76979 1.90501 1.84248
12400 1.76979 1.90501 1.84248
12500 1.76979 1.90501 1.84248
12600 1.76979 1.90501 1.84248
12700 1.76979 1.90501 1.84248
12800 1.76979 1.90501 1.84248
12900 1.76979 1.90501 1.84248
13000 1.76979 1.90501 1.84248
13100 1.76979 1.90501 1.84248
13200 1.76979 1.90501 1.84248
13300 1.76979 1.90501 1.84248
13400 1.76979 1.90501 1.84248
13500 1.76979 1.90501 1.84248
13600 1.76979 1.90501 1.84248
13700 1.76979 1.90501 1.84248
13800 1.76979 1.90501 1.84248
13900 1.76979 1.90501 1.84248
14000 1.76979 1.90501 1.84248
14100 1.76979 1.90501 1.84248
14200 1.76979 1.90501 1.84248
14300 1.76979 1.90501 1.84248
14400 1.76979 1.90501 1.84248
14500 1.76979 1.90501 1.84248
14600 1.76979 1.90501 1.84248
14700 1.76979 1.90501 1.84248
14800 1.76979 1.90501 1.84248
14900 1.76979 1.90501 1.84248
15000 1.76979 1.90501 1.84248
15100 1.76979 1.90501 1.84248
15200 1.76979 1.90501 1.84248
15300 1.76979 1.90501 1.84248
15400 1.76979 1.90501 1.84248
15500 1.76979 1.90501 1.84248
15600 1.76979 1.90501 1.84248
15700 1.76979 1.90501 1.84248
15800 1.76979 1.90501 1.84248
15900 1.76979 1.90501 1.84248
16000 1.76979 1.90501 1.84248
16100 1.76979 1.90501 1.84248
16200 1.76979 1.90501 1.84248
16300 1.76979 1.90501 1.84248
16400 1.76979 1.90501 1.84248
16500 1.76979 1.90501 1.84248
16600 1.76979 1.90501 1.84248
16700 1.76979 1.90501 1.84248
16800 1.76979 1.90501 1.84248
16900 1.76979 1.90501 1.84248
17000 1.76979 1.90501 1.84248
17100 1.76979 1.90501 1.84248
17200 1.76979 1.90501 1.84248
17300 1.76979 1.90501 1.84248
17400 1.76979 1.90501 1.84248
17500 1.76979 1.90501 1.84248
17600 1.76979 1.90501 1.84248
17700 1.76979 1.90501 1.84248
17800 1.76979 1.90501 1.84248
17900 1.76979 1.90501 1.84248
18000 1.76979 1.90501 1.84248
18100 1.76979 1.90501 1.84248
18200 1.76979 1.90501 1.84248
18300 1.76979 1.90501 1.84248
18400 1.76979 1.90501 1.84248
18500 1.76979 1.90501 1.84248
18600 1.76979 1.90501 1.84248
18700 1.76979 1.90501 1.84248
18800 1.76979 1.90501 1.84248
18900 1.76979 1.90501 1.84248
19000 1.76979 1.90501 1.84248
19100 1.76979 1.90501 1.84248
19200 1.76979 1.90501 1.84248
19300 1.76979 1.90501 1.84248
19400 1.76979 1.90501 1.84248
19500 1.76979 1.90501 1.84248
19600 1.76979 1.90501 1.84248
19700 1.76979 1.90501 1.84248
19800 1.76979 1.90501 1.84248
19900 1.76979 1.90501 1.84248
20000 1.76979 1.90501 1.84248
20100 1.76979 1.90501 1.84248
20200 1.76979 1.90501 1.84248
20300 1.76979 1.90501 1.84248
20400 1.76979 1.90501 1.84248
20500 1.76979 1.90501 1.84248
20600 1.76979 1.90501 1.84248
20700 1.76979 1.90501 1.84248
20800 1.76979 1.90501 1.84248
20900 1.76979 1.90501 1.84248
21000 1.76979 1.90501 1.84248
21100 1.76979 1.90501 1.84248
21200 1.76979 1.90501 1.84248
21300 1.76979 1.90501 1.84248
21400 1.76979 1.90501 1.84248
21500 1.76979 1.90501 1.84248
21600 1.76979 1.90501 1.84248
21700 1.76979 1.90501 1.84248
21800 1.76979 1.90501 1.84248
21900 1.76979 1.90501 1.84248
22000 1.76979 1.90501 1.84248
22100 1.76979 1.90501 1.84248
22200 1.76979 1.90501 1.84248
22300 1.76979 1.90501 1.84248
22400 1.76979 1.90501 1.84248
22500 1.76979 1.90501 1.84248
22600 1.76979 1.90501 1.84248
22700 1.76979 1.90501 1.84248
22800 1.76979 1.90501 1.84248
22900 1.76979 1.90501 1.84248
23000 1.76979 1.90501 1.84248
23100 1.76979 1.90501 1.84248
23200 1.76979 1.90501 1.84248
23300 1.76979 1.90501 1.84248
23400 1.76979 1.90501 1.84248
23500 1.76979 1.90501 1.84248
23600 1.76979 1.90501 1.84248
23700 1.76979 1.90501 1.84248
23800 1.76979 1.90501 1.84248
23900 1.76979 1.90501 1.84248
24000 1.76979 1.90501 1.84248
24100 1.76979 1.90501 1.84248
24200 1.76979 1.90501 1.84248
24300 1.76979 1.90501 1.84248
24400 1.76979 1.90501 1.84248
24500 1.76979 1.90501 1.84248
24600 1.76979 1.90501 1.84248
24700 1.76979 1.90501 1.84248
24800 1.76979 1.90501 1.84248
24900 1.76979 1.90501 1.84248
25000 1.76979 1.90501 1.84248
25100 1.76979 1.90501 1.84248
25200 1.76979 1.90501 1.84248
25300 1.76979 1.90501 1.84248
25400 1.76979 1.90501 1.84248
25500 1.76979 1.90501 1.84248
25600 1.76979 1.90501 1.84248
25700 1.76979 1.90501 1.84248
25800 1.76979 1.90501 1.84248
25900 1.76979 1.90501 1.84248
26000 1.76979 1.90501 1.84248
26100 1.76979 1.90501 1.84248
26200 1.76979 1.90501 1.84248
26300 1.76979 1.90501 1.84248
26400 1.76979 1.90501 1.84248
26500 1.76979 1.90501 1.84248
26600 1.76979 1.90501 1.84248
26700 1.76979 1.90501 1.84248
26800 1.76979 1.90501 1.84248
26900 1.76979 1.90501 1.84248
27000 1.76979 1.90501 1.84248
27100 1.76979 1.90501 1.84248
27200 1.76979 1.90501 1.84248
27300 1.76979 1.90501 1.84248
27400 1.76979 1.90501 1.84248
27500 1.76979 1.90501 1.84248
27600 1.76979 1.90501 1.84248
27700 1.76979 1.90501 1.84248
27800 1.76979 1.90501 1.84248
27900 1.76979 1.90501 1.84248
28000 1.76979 1.90501 1.84248
28100 1.76979 1.90501 1.84248
28200 1.76979 1.90501 1.84248
28300 1.76979 1.90501 1.84248
28400 1.76979 1.90501 1.84248
28500 1.76979 1.90501 1.84248
28600 1.76979 1.90501 1.84248
28700 1.76979 1.90501 1.84248
28800 1.76979 1.90501 1.84248
28900 1.76979 1.90501 1.84248
29000 1.76979 1.90501 1.84248
29100 1.76979 1.90501 1.84248
29200 1.76979 1.90501 1.84248
29300 1.76979 1.90501 1.84248
29400 1.76979 1.90501 1.84248
29500 1.76979 1.90501 1.84248
29600 1.76979 1.90501 1.84248
29700 1.76979 1.90501 1.84248
29800 1.76979 1.90501 1.84248
29900 1.76979 1.90501 1.84248
30000 1.76979 1.90501 1.84248
30100 1.76979 1.90501 1.84248
30200 1.76979 1.90501 1.84248
30300 1.76979 1.90501 1.84248
30400 1.76979 1.90501 1.84248
30500 1.76979 1.90501 1.84248
30600 1.76979 1.90501 1.84248
30700 1.76979 1.90501 1.84248
30800 1.76979 1.90501 1.84248
30900 1.76979 1.90501 1.84248
31000 1.76979 1.90501 1.84248
31100 1.76979 1.90501 1.84248
31200 1.76979 1.90501 1.84248
31300 1.76979 1.90501 1.84248
31400 1.76979 1.90501 1.84248
31500 1.76979 1.90501 1.84248
31600 1.76979 1.90501 1.84248
31700 1.76979 1.90501 1.84248
31800 1.76979 1.90501 1.84248
31900 1.76979 1.90501 1.84248
32000 1.76979 1.90501 1.84248
32100 1.76979 1.90501 1.84248
32200 1.76979 1.90501 1.84248
32300 1.76979 1.90501 1.84248
32400 1.76979 1.90501 1.84248
32500 1.76979 1.90501 1.84248
32600 1.76979 1.90501 1.84248
32700 1.76979 1.90501 1.84248
32800 1.76979 1.90501 1.84248
32900 1.76979 1.90501 1.84248
33000 1.76979 1.90501 1.84248
33100 1.76979 1.90501 1.84248
33200 1.76979 1.90501 1.84248
33300 1.76979 1.90501 1.84248
33400 1.76979 1.90501 1.84248
33500 1.76979 1.90501 1.84248
33600 1.76979 1.90501 1.84248
33700 1.76979 1.90501 1.84248
33800 1.76979 1.90501 1.84248
33900 1.76979 1.90501 1.84248
34000 1.76979 1.90501 1.84248
34100 1.76979 1.90501 1.84248
34200 1.76979 1.90501 1.84248
34300 1.76979 1.90501 1.84248
34400 1.76979 1.90501 1.84248
34500 1.76979 1.90501 1.84248
34600 1.76979 1.90501 1.84248
34700 1.76979 1.90501 1.84248
34800 1.76979 1.90501 1.84248
34900 1.76979 1.90501 1.84248
35000 1.76979 1.90501 1.84248
35100 1.76979 1.90501 1.84248
35200 1.76979 1.90501 1.84248
35300 1.76979 1.90501 1.84248
35400 1.76979 1.90501 1.84248
35500 1.76979 1.90501 1.84248
35600 1.76979 1.90501 1.84248
35700 1.76979 1.90501 1.84248
35800 1.76979 1.90501 1.84248
35900 1.76979 1.90501 1.84248
36000 1.76979 1.90501 1.84248
36100 1.76979 1.90501 1.84248
36200 1.76979 1.90501 1.84248
36300 1.76979 1.90501 1.84248
36400 1.76979 1.90501 1.84248
36500 1.76979 1.90501 1.84248
36600 1.76979 1.90501 1.84248
36700 1.76979 1.90501 1.84248
36800 1.76979 1.90501 1.84248
36900 1.76979 1.90501 1.84248
37000 1.76979 1.90501 1.84248
37100 1.76979 1.90501 1.84248
37200 1.76979 1.90501 1.84248
37300 1.76979 1.90501 1.84248
37400 1.76979 1.90501 1.84248
37500 1.76979 1.90501 1.84248
37600 1.76979 1.90501 1.84248
37700 1.76979 1.90501 1.84248
37800 1.76979 1.90501 1.84248
37900 1.76979 1.90501 1.84248
38000 1.76979 1.90501 1.84248
38100 1.76979 1.90501 1.84248
38200 1.76979 1.90501 1.84248
38300 1.76979 1.90501 1.84248
38400 1.76979 1.90501 1.84248
38500 1.76979 1.90501 1.84248
38600 1.76979 1.90501 1.84248
38700 1.76979 1.90501 1.84248
38800 1.76979 1.90501 1.84248
38900 1.76979 1.90501 1.84248
39000 1.76979 1.90501 1.84248
39100 1.76979 1.90501 1.84248
39200 1.76979 1.90501 1.84248
39300 1.76979 1.90501 1.84248
39400 1.76979 1.90501 1.84248
39500 1.76979 1.90501 1.84248
39600 1.76979 1.90501 1.84248
39700 1.76979 1.90501 1.84248
39800 1.76979 1.90501 1.84248
39900 1.76979 1.90501 1.84248
40000 1.76979 1.90501 1.84248
40100 1.76979 1.90501 1.84248
40200 1.76979 1.90501 1.84248
40300 1.76979 1.90501 1.84248
40400 1.76979 1.90501 1.84248
40500 1.76979 1.90501 1.84248
40600 1.76979 1.90501 1.84248
40700 1.76979 1.90501 1.84248
40800 1.76979 1.90501 1.84248
40900 1.76979 1.90501 1.84248
41000 1.76979 1.90501 1.84248
41100 1.76979 1.90501 1.84248
41200 1.76979 1.90501 1.84248
41300 1.76979 1.90501 1.84248
41400 1.76979 1.90501 1.84248
41500 1.76979 1.90501 1.84248
41600 1.76979 1.90501 1.84248
41700 1.76979 1.90501 1.84248
41800 1.76979 1.90501 1.84248
41900 1.76979 1.90501 1.84248
42000 1.76979 1.90501 1.84248
42100 1.76979 1.90501 1.84248
42200 1.76979 1.90501 1.84248
42300 1.76979 1.90501 1.84248
42400 1.76979 1.90501 1.84248
42500 1.76979 1.90501 1.84248
42600 1.76979 1.90501 1.84248
42700 1.76979 1.90501 1.84248
42800 1.76979 1.90501 1.84248
42900 1.76979 1.90501 1.84248
43000 1.76979 1.90501 1.84248
43100 1.76979 1.90501 1.84248
43200 1.76979 1.90501 1.84248
43300 1.76979 1.90501 1.84248
43400 1.76979 1.90501 1.84248
43500 1.76979 1.90501 1.84248
43600 1.76979 1.90501 1.84248
43700 1.76979 1.90501 1.84248
43800 1.76979 1.90501 1.84248
43900 1.76979 1.90501 1.84248
44000 1.76979 1.90501 1.84248
44100 1.76979 1.90501 1.84248
44200 1.76979 1.90501 1.84248
44300 1.76979 1.90501 1.84248
44400 1.76979 1.90501 1.84248
44500 1.76979 1.90501 1.84248
44600 1.76979 1.90501 1.84248
44700 1.76979 1.90501 1.84248
44800 1.76979 1.90501 1.84248
44900 1.76979 1.90501 1.84248
45000 1.76979 1.90501 1.84248
45100 1.76979 1.90501 1.84248
45200 1.76979 1.90501 1.84248
45300 1.76979 1.90501 1.84248
45400 1.76979 1.90501 1.84248
45500 1.76979 1.90501 1.84248
45600 1.76979 1.90501 1.84248
45700 1.76979 1.90501 1.84248
45800 1.76979 1.90501 1.84248
45900 1.76979 1.90501 1.84248
46000 1.76979 1.90501 1.84248
46100 1.76979 1.90501 1.84248
46200 1.76979 1.90501 1.84248
46300 1.76979 1.90501 1.84248
46400 1.76979 1.90501 1.84248
46500 1.76979 1.90501 1.84248
46600 1.76979 1.90501 1.84248
46700 1.76979 1.90501 1.84248
46800 1.76979 1.90501 1.84248
46900 1.76979 1.90501 1.84248
47000 1.76979 1.90501 1.84248
47100 1.76979 1.90501 1.84248
47200 1.76979 1.90501 1.84248
47300 1.76979 1.90501 1.84248
47400 1.76979 1.90501 1.84248
47500 1.76979 1.90501 1.84248
47600 1.76979 1.90501 1.84248
47700 1.76979 1.90501 1.84248
47800 1.76979 1.90501 1.84248
47900 1.76979 1.90501 1.84248
48000 1.76979 1.90501 1.84248
48100 1.76979 1.90501 1.84248
48200 1.76979 1.90501 1.84248
48300 1.76979 1.90501 1.84248
48400 1.76979 1.90501 1.84248
48500 1.76979 1.90501 1.84248
48600 1.76979 1.90501 1.84248
48700 1.76979 1.90501 1.84248
48800 1.76979 1.90501 1.84248
48900 1.76979 1.90501 1.84248
49000 1.76979 1.90501 1.84248
49100 1.76979 1.90501 1.84248
49200 1.76979 1.90501 1.84248
49300 1.76979 1.90501 1.84248
49400 1.76979 1.90501 1.84248
49500 1.76979 1.90501 1.84248
49600 1.76979 1.90501 1.84248
49700 1.76979 1.90501 1.84248
49800 1.76979 1.90501 1.84248
49900 1.76979 1.90501 1.84248
50000 1.76979 1.90501 1.84248
50100 1.76979 1.90501 1.84248
50200 1.76979 1.90501 1.84248
50300 1.76979 1.90501 1.84248
50400 1.76979 1.90501 1.84248
50500 1.76979 1.90501 1.84248
50600 1.76979 1.90501 1.84248
50700 1.76979 1.90501 1.84248
50800 1.76979 1.90501 1.84248
50900 1.76979 1.90501 1.84248
51000 1.76979 1.90501 1.84248
51100 1.76979 1.90501 1.84248
51200 1.76979 1.90501 1.84248
51300 1.76979 1.90501 1.84248
51400 1.76979 1.90501 1.84248
51500 1.76979 1.90501 1.84248
51600 1.76979 1.90501 1.84248
51700 1.76979 1.90501 1.84248
51800 1.76979 1.90501 1.84248
51900 1.76979 1.90501 1.84248
52000 1.76979 1.90501 1.84248
52100 1.76979 1.90501 1.84248
52200 1.76979 1.90501 1.84248
52300 1.76979 1.90501 1.84248
52400 1.76979 1.90501 1.84248
52500 1.76979 1.90501 1.84248
52600 1.76979 1.90501 1.84248
52700 1.76979 1.90501 1.84248
52800 1.76979 1.90501 1.84248
52900 1.76979 1.90501 1.84248
53000 1.76979 1.90501 1.84248
53100 1.76979 1.90501 1.84248
53200 1.76979 1.90501 1.84248
53300 1.76979 1.90501 1.84248
53400 1.76979 1.90501 1.84248
53500 1.76979 1.90501 1.84248
53600 1.76979 1.90501 1.84248
53700 1.76979 1.90501 1.84248
53800 1.76979 1.90501 1.84248
53900 1.76979 1.90501 1.84248
54000 1.76979 1.90501 1.84248
54100 1.76979 1.90501 1.84248
54200 1.76979 1.90501 1.84248
54300 1.76979 1.90501 1.84248
54400 1.76979 1.90501 1.84248
54500 1.76979 1.90501 1.84248
54600 1.76979 1.90501 1.84248
54700 1.76979 1.90501 1.84248
54800 1.76979 1.90501 1.84248
54900 1.76979 1.90501 1.84248
55000 1.76979 1.90501 1.84248
55100 1.76979 1.90501 1.84248
55200 1.76979 1.90501 1.84248
55300 1.76979 1.90501 1.84248
55400 1.76979 1.90501 1.84248
55500 1.76979 1.90501 1.84248
55600 1.76979 1.90501 1.84248
55700 1.76979 1.90501 1.84248
55800 1.76979 1.90501 1.84248
55900 1.76979 1.90501 1.84248
56000 1.76979 1.90501 1.84248
56100 1.76979 1.90501 1.84248
56200 1.76979 1.90501 1.84248
56300 1.76979 1.90501 1.84248
56400 1.76979 1.90501 1.84248
56500 1.76979 1.90501 1.84248
56600 1.76979 1.90501 1.84248
56700 1.76979 1.90501 1.84248
56800 1.76979 1.90501 1.84248
56900 1.76979 1.90501 1.84248
57000 1.76979 1.90501 1.84248
57100 1.76979 1.90501 1.84248
57200 1.76979 1.90501 1.84248
57300 1.76979 1.90501 1.84248
57400 1.76979 1.90501 1.84248
57500 1.76979 1.90501 1.84248
57600 1.76979 1.90501 1.84248
57700 1.76979 1.90501 1.84248
57800 1.76979 1.90501 1.84248
57900 1.76979 1.90501 1.84248
58000 1.76979 1.90501 1.84248
58100 1.76979 1.90501 1.84248
58200 1.76979 1.90501 1.84248
58300 1.76979 1.90501 1.84248
58400 1.76979 1.90501 1.84248
58500 1.76979 1.90501 1.84248
58600 1.76979 1.90501 1.84248
58700 1.76979 1.90501 1.84248
58800 1.76979 1.90501 1.84248
58900 1.76979 1.90501 1.84248
59000 1.76979 1.90501 1.84248
59100 1.76979 1.90501 1.84248
59200 1.76979 1.90501 1.84248
59300 1.76979 1.90501 1.84248
59400 1.76979 1.90501 1.84248
59500 1.76979 1.90501 1.84248
59600 1.76979 1.90501 1.84248
59700 1.76979 1.90501 1.84248
59800 1.76979 1.90501 1.84248
59900 1.76979 1.90501 1.84248
60000 1.76979 1.90501 1.84248
60100 1.76979 1.90501 1.84248
60200 1.76979 1.90501 1.84248
60300 1.76979 1.90501 1.84248
60400 1.76979 1.90501 1.84248
60500 1.76979 1.90501 1.84248
60600 1.76979 1.90501 1.84248
60700 1.76979 1.90501 1.84248
60800 1.76979 1.90501 1.84248
60900 1.76979 1.90501 1.84248
61000 1.76979 1.90501 1.84248
61100 1.76979 1.90501 1.84248
61200 1.76979 1.90501 1.84248
61300 1.76979 1.90501 1.84248
61400 1.76979 1.90501 1.84248
61500 1.76979 1.90501 1.84248
61600 1.76979 1.90501 1.84248
61700 1.76979 1.90501 1.84248
61800 1.76979 1.90501 1.84248
61900 1.76979 1.90501 1.84248
62000 1.76979 1.90501 1.84248
62100 1.76979 1.90501 1.84248
62200 1.76979 1.90501 1.84248
62300 1.76979 1.90501 1.84248
62400 1.76979 1.90501 1.84248
62500 1.76979 1.90501 1.84248
62600 1.76979 1.90501 1.84248
62700 1.76979 1.90501 1.84248
62800 1.76979 1.90501 1.84248
62900 1.76979 1.90501 1.84248
63000 1.76979 1.90501 1.84248
63100 1.76979 1.90501 1.84248
63200 1.76979 1.90501 1.84248
63300 1.76979 1.90501 1.84248
63400 1.76979 1.90501 1.84248
63500 1.76979 1.90501 1.84248
63600 1.76979 1.90501 1.84248
63700 1.76979 1.90501 1.84248
63800 1.76979 1.90501 1.84248
63900 1.76979 1.90501 1.84248
64000 1.76979 1.90501 1.84248
64100 1.76979 1.90501 1.84248
64200 1.76979 1.90501 1.84248
64300 1.76979 1.90501 1.84248
64400 1.76979 1.90501 1.84248
64500 1.76979 1.90501 1.84248
64600 1.76979 1.90501 1.84248
64700 1.76979 1.90501 1.84248
64800 1.76979 1.90501 1.84248
64900 1.76979 1.90501 1.84248
65000 1.76979 1.90501 1.84248
65100 1.76979 1.90501 1.84248
65200 1.76979 1.90501 1.84248
65300 1.76979 1.90501 1.84248
65400 1.76979 1.90501 1.84248
65500 1.76979 1.90501 1.84248
65600 1.76979 1.90501 1.84248
65700 1.76979 1.90501 1.84248
65800 1.76979 1.90501 1.84248
65900 1.76979 1.90501 1.84248
66000 1.76979 1.90501 1.84248
66100 1.76979 1.90501 1.84248
66200 1.76979 1.90501 1.84248
66300 1.76979 1.90501 1.84248
66400 1.76979 1.90501 1.84248
66500 1.76979 1.90501 1.84248
66600 1.76979 1.90501 1.84248
66700 1.76979 1.90501 1.84248
66800 1.76979 1.90501 1.84248
66900 1.76979 1.90501 1.84248
67000 1.76979 1.90501 1.84248
67100 1.76979 1.90501 1.84248
67200 1.76979 1.90501 1.84248
67300 1.76979 1.90501 1.84248
67400 1.76979 1.90501 1.84248
67500 1.76979 1.90501 1.84248
67600 1.76979 1.90501 1.84248
67700 1.76979 1.90501 1.84248
67800 1.76979 1.90501 1.84248
67900 1.76979 1.90501 1.84248
68000 1.76979 1.90501 1.84248
68100 1.76979 1.90501 1.84248
68200 1.76979 1.90501 1.84248
68300 1.76979 1.90501 1.84248
68400 1.76979 1.90501 1.84248
68500 1.76979 1.90501 1.84248
68600 1.76979 1.90501 1.84248
68700 1.76979 1.90501 1.84248
68800 1.76979 1.90501 1.84248
68900 1.76979 1.90501 1.84248
69000 1.76979 1.90501 1.84248
69100 1.76979 1.90501 1.84248
69200 1.76979 1.90501 1.84248
69300 1.76979 1.90501 1.84248
69400 1.76979 1.90501 1.84248
69500 1.76979 1.90501 1.84248
69600 1.76979 1.90501 1.84248
69700 1.76979 1.90501 1.84248
69800 1.76979 1.90501 1.84248
69900 1.76979 1.90501 1.84248
70000 1.76979 1.90501 1.84248
70100 1.76979 1.90501 1.84248
70200 1.76979 1.90501 1.84248
70300 1.76979 1.90501 1.84248
70400 1.76979 1.90501 1.84248
70500 1.76979 1.90501 1.84248
70600 1.76979 1.90501 1.84248
70700 1.76979 1.90501 1.84248
70800 1.76979 1.90501 1.84248
70900 1.76979 1.90501 1.84248
71000 1.76979 1.90501 1.84248
71100 1.76979 1.90501 1.84248
71200 1.76979 1.90501 1.84248
71300 1.76979 1.90501 1.84248
71400 1.76979 1.90501 1.84248
71500 1.76979 1.90501 1.84248
71600 1.76979 1.90501 1.84248
71700 1.76979 1.90501 1.84248
71800 1.76979 1.90501 1.84248
71900 1.76979 1.90501 1.84248
72000 1.76979 1.90501 1.84248
72100 1.76979 1.90501 1.84248
72200 1.76979 1.90501 1.84248
72300 1.76979 1.90501 1.84248
72400 1.76979 1.90501 1.84248
72500 1.76979 1.90501 1.84248
72600 1.76979 1.90501 1.84248
72700 1.76979 1.90501 1.84248
72800 1.76979 1.90501 1.84248
72900 1.76979 1.90501 1.84248
73000 1.76979 1.90501 1.84248
73100 1.76979 1.90501 1.84248
73200 1.76979 1.90501 1.84248
73300 1.76979 1.90501 1.84248
73400 1.76979 1.90501 1.84248
73500 1.76979 1.90501 1.84248
73600 1.76979 1.90501 1.84248
73700 1.76979 1.90501 1.84248
73800 1.76979 1.90501 1.84248
73900 1.76979 1.90501 1.84248
74000 1.76978 1.90501 1.84248
74100 1.76978 1.90501 1.84248
74200 1.76978 1.90501 1.84248
74300 1.76978 1.90501 1.84248
74400 1.76978 1.90501 1.84248
74500 1.76978 1.90501 1.84248
74600 1.76978 1.90501 1.84248
74700 1.76978 1.90501 1.84248
74800 1.76978 1.90501 1.84248
74900 1.76978 1.90501 1.84248
75000 1.76978 1.90501 1.84248
75100 1.76978 1.90501 1.84248
75200 1.76978 1.90501 1.84248
75300 1.76978 1.90501 1.84248
75400 1.76978 1.90501 1.84248
75500 1.76978 1.90501 1.84248
75600 1.76978 1.90501 1.84248
75700 1.76978 1.90501 1.84248
75800 1.76978 1.90501 1.84248
75900 1.76978 1.90501 1.84248
76000 1.76978 1.90502 1.84249
76100 1.76978 1.90502 1.84249
76200 1.76978 1.90502 1.84249
76300 1.76978 1.90502 1.84249
76400 1.76978 1.90502 1.84249
76500 1.76978 1.90502 1.84249
76600 1.76978 1.90502 1.84249
76700 1.76978 1.90502 1.84249
76800 1.76978 1.90502 1.84249
76900 1.76978 1.90502 1.84249
77000 1.76978 1.90502 1.84249
77100 1.76978 1.90502 1.84249
77200 1.76978 1.90502 1.84249
77300 1.76978 1.90502 1.84249
77400 1.76978 1.90502 1.84249
77500 1.76978 1.90502 1.84249
77600 1.76978 1.90502 1.84249
77700 1.76978 1.90502 1.84249
77800 1.76978 1.90502 1.84249
77900 1.76978 1.90502 1.84249
78000 1.76978 1.90502 1.84249
78100 1.76978 1.90502 1.84249
78200 1.76978 1.90502 1.84249
78300 1.76978 1.90502 1.84249
78400 1.76978 1.90502 1.84249
78500 1.76978 1.90502 1.8425
78600 1.76978 1.90502 1.8425
78700 1.76978 1.90502 1.8425
78800 1.76977 1.90502 1.8425
78900 1.76977 1.90502 1.8425
79000 1.76977 1.90502 1.8425
79100 1.76977 1.90503 1.8425
79200 1.76977 1.90503 1.8425
79300 1.76977 1.90503 1.8425
79400 1.76977 1.90503 1.8425
79500 1.76977 1.90503 1.8425
79600 1.76977 1.90503 1.8425
79700 1.76977 1.90503 1.8425
79800 1.76977 1.90503 1.8425
79900 1.76977 1.90503 1.84251
80000 1.76977 1.90503 1.84251
80100 1.76977 1.90503 1.84251
80200 1.76977 1.90503 1.84251
80300 1.76977 1.90503 1.84251
80400 1.76977 1.90503 1.84251
80500 1.76977 1.90503 1.84251
80600 1.76977 1.90504 1.84251
80700 1.76976 1.90504 1.84251
80800 1.76976 1.90504 1.84251
80900 1.76976 1.90504 1.84252
81000 1.76976 1.90504 1.84252
81100 1.76976 1.90504 1.84252
81200 1.76976 1.90504 1.84252
81300 1.76976 1.90504 1.84252
81400 1.76976 1.90504 1.84252
81500 1.76976 1.90504 1.84252
81600 1.76976 1.90504 1.84253
81700 1.76976 1.90505 1.84253
81800 1.76976 1.90505 1.84253
81900 1.76975 1.90505 1.84253
82000 1.76975 1.90505 1.84253
82100 1.76975 1.90505 1.84253
82200 1.76975 1.90505 1.84254
82300 1.76975 1.90505 1.84254
82400 1.76975 1.90505 1.84254
82500 1.76975 1.90506 1.84254
82600 1.76975 1.90506 1.84254
82700 1.76975 1.90506 1.84255
82800 1.76974 1.90506 1.84255
82900 1.76974 1.90506 1.84255
83000 1.76974 1.90506 1.84255
83100 1.76974 1.90507 1.84255
83200 1.76974 1.90507 1.84256
83300 1.76974 1.90507 1.84256
83400 1.76973 1.90507 1.84256
83500 1.76973 1.90507 1.84256
83600 1.76973 1.90508 1.84257
83700 1.76973 1.90508 1.84257
83800 1.76973 1.90508 1.84257
83900 1.76973 1.90508 1.84258
84000 1.76972 1.90508 1.84258
84100 1.76972 1.90509 1.84258
84200 1.76972 1.90509 1.84259
84300 1.76972 1.90509 1.84259
84400 1.76972 1.90509 1.84259
84500 1.76971 1.9051 1.8426
84600 1.76971 1.9051 1.8426
84700 1.76971 1.9051 1.8426
84800 1.76971 1.90511 1.84261
84900 1.7697 1.90511 1.84261
85000 1.7697 1.90511 1.84262
85100 1.7697 1.90512 1.84262
85200 1.76969 1.90512 1.84263
85300 1.76969 1.90512 1.84263
85400 1.76969 1.90513 1.84264
85500 1.76969 1.90513 1.84264
85600 1.76968 1.90513 1.84265
85700 1.76968 1.90514 1.84265
85800 1.76968 1.90514 1.84266
85900 1.76967 1.90515 1.84266
86000 1.76967 1.90515 1.84267
86100 1.76966 1.90516 1.84268
86200 1.76966 1.90516 1.84268
86300 1.76966 1.90516 1.84269
86400 1.76965 1.90517 1.8427
86500 1.76965 1.90518 1.8427
86600 1.76964 1.90518 1.84271
86700 1.76964 1.90519 1.84272
86800 1.76963 1.90519 1.84273
86900 1.76963 1.9052 1.84274
87000 1.76962 1.9052 1.84274
87100 1.76962 1.90521 1.84275
87200 1.76961 1.90522 1.84276
87300 1.76961 1.90522 1.84277
87400 1.7696 1.90523 1.84278
87500 1.76959 1.90524 1.84279
87600 1.76959 1.90525 1.8428
87700 1.76958 1.90525 1.84281
87800 1.76957 1.90526 1.84282
87900 1.76957 1.90527 1.84283
88000 1.76956 1.90528 1.84285
88100 1.76955 1.90529 1.84286
88200 1.76954 1.9053 1.84287
88300 1.76954 1.90531 1.84288
88400 1.76953 1.90532 1.8429
88500 1.76952 1.90533 1.84291
88600 1.76951 1.90534 1.84292
88700 1.7695 1.90535 1.84294
88800 1.76949 1.90536 1.84295
88900 1.76948 1.90537 1.84297
89000 1.76947 1.90538 1.84299
89100 1.76946 1.90539 1.843
89200 1.76945 1.90541 1.84302
89300 1.76944 1.90542 1.84304
89400 1.76943 1.90543 1.84306
89500 1.76942 1.90545 1.84308
89600 1.76941 1.90546 1.84309
89700 1.76939 1.90548 1.84311
89800 1.76938 1.90549 1.84314
89900 1.76937 1.90551 1.84316
90000 1.76935 1.90552 1.84318
90100 1.76934 1.90554 1.8432
90200 1.76932 1.90556 1.84323
90300 1.76931 1.90557 1.84325
90400 1.76929 1.90559 1.84328
90500 1.76928 1.90561 1.8433
90600 1.76926 1.90563 1.84333
90700 1.76924 1.90565 1.84336
90800 1.76923 1.90567 1.84338
90900 1.76921 1.90569 1.84341
91000 1.76919 1.90572 1.84344
91100 1.76917 1.90574 1.84348
91200 1.76915 1.90576 1.84351
91300 1.76913 1.90579 1.84354
91400 1.76911 1.90581 1.84358
91500 1.76909 1.90584 1.84361
91600 1.76906 1.90587 1.84365
91700 1.76904 1.90589 1.84369
91800 1.76901 1.90592 1.84373
91900 1.76899 1.90595 1.84377
92000 1.76896 1.90598 1.84381
92100 1.76894 1.90602 1.84385
92200 1.76891 1.90605 1.8439
92300 1.76888 1.90608 1.84394
92400 1.76885 1.90612 1.84399
92500 1.76882 1.90615 1.84404
92600 1.76879 1.90619 1.84409
92700 1.76876 1.90623 1.84414
92800 1.76872 1.90627 1.8442
92900 1.76869 1.90631 1.84425
93000 1.76865 1.90635 1.84431
93100 1.76862 1.90639 1.84437
93200 1.76858 1.90644 1.84443
93300 1.76854 1.90648 1.84449
93400 1.7685 1.90653 1.84456
93500 1.76846 1.90658 1.84463
93600 1.76841 1.90663 1.8447
93700 1.76837 1.90668 1.84477
93800 1.76832 1.90674 1.84484
93900 1.76828 1.90679 1.84492
94000 1.76823 1.90685 1.845
94100 1.76818 1.90691 1.84508
94200 1.76813 1.90697 1.84516
94300 1.76807 1.90703 1.84525
94400 1.76802 1.9071 1.84534
94500 1.76796 1.90717 1.84543
94600 1.76791 1.90723 1.84552
94700 1.76785 1.90731 1.84562
94800 1.76778 1.90738 1.84572
94900 1.76772 1.90745 1.84582
95000 1.76766 1.90753 1.84592
95100 1.76759 1.90761 1.84603
95200 1.76752 1.90769 1.84615
95300 1.76745 1.90778 1.84626
95400 1.76737 1.90786 1.84638
95500 1.7673 1.90796 1.84651
95600 1.76722 1.90805 1.84663
95700 1.76713 1.90815 1.84677
95800 1.76705 1.90825 1.8469
95900 1.76696 1.90835 1.84704
96000 1.76687 1.90846 1.84719
96100 1.76678 1.90857 1.84734
96200 1.76668 1.90868 1.8475
96300 1.76658 1.9088 1.84766
96400 1.76648 1.90892 1.84783
96500 1.76637 1.90905 1.848
96600 1.76626 1.90918 1.84818
96700 1.76615 1.90931 1.84836
96800 1.76603 1.90945 1.84855
96900 1.76591 1.9096 1.84875
97000 1.76578 1.90975 1.84896
97100 1.76565 1.9099 1.84917
97200 1.76551 1.91007 1.84939
97300 1.76537 1.91023 1.84962
97400 1.76522 1.9104 1.84986
97500 1.76507 1.91058 1.8501
97600 1.76492 1.91077 1.85035
97700 1.76476 1.91096 1.85061
97800 1.76459 1.91115 1.85088
97900 1.76442 1.91135 1.85115
98000 1.76425 1.91156 1.85143
98100 1.76407 1.91177 1.85173
98200 1.76388 1.91199 1.85203
98300 1.76369 1.91222 1.85234
98400 1.76349 1.91245 1.85266
98500 1.76329 1.91269 1.85299
98600 1.76308 1.91294 1.85333
98700 1.76286 1.9132 1.85368
98800 1.76264 1.91346 1.85404
98900 1.76241 1.91374 1.85441
99000 1.76217 1.91402 1.8548
99100 1.76192 1.91431 1.8552
99200 1.76167 1.91461 1.85561
99300 1.7614 1.91492 1.85603
99400 1.76113 1.91524 1.85647
99500 1.76085 1.91557 1.85692
99600 1.76057 1.91591 1.85739
99700 1.76027 1.91626 1.85787
99800 1.75996 1.91662 1.85836
99900 1.75965 1.917 1.85887
100000 1.75932 1.91738 1.8594
100100 1.75898 1.91778 1.85995
