# Time-averaged data for fix msd
# TimeStep c_msd[4]
200 0.036936
300 0.32286
400 0.821724
500 1.47445
600 2.31505
700 3.4416
800 4.85519
900 6.30877
1000 7.6708
1100 9.13315
1200 10.6603
1300 12.1247
1400 13.4719
1500 14.9204
1600 16.4579
1700 17.9493
1800 19.4775
1900 21.2625
2000 23.1983
2100 25.0454
2200 26.8829
2300 28.6925
2400 30.4902
2500 32.1927
2600 33.8863
2700 35.0663
2800 36.2694
2900 37.9415
3000 39.6662
3100 41.2011
3200 42.4154
3300 43.3238
3400 44.635
3500 45.7956
3600 46.8564
3700 47.3434
3800 47.8037
3900 49.0609
4000 50.6533
4100 53.007
4200 54.9303
4300 56.8451
4400 58.8424
4500 60.8164
4600 62.8152
4700 65.2549
4800 67.7203
4900 69.7648
5000 71.3762
5100 73.6742
5200 76.5165
5300 79.6433
5400 82.7473
5500 85.7431
5600 88.5582
5700 90.9057
5800 92.8627
5900 94.657
6000 95.7817
6100 96.7114
6200 98.1692
6300 100.28
6400 102.541
6500 104.633
6600 106.451
6700 108.154
6800 110.191
6900 113.241
7000 116.415
7100 119.816
7200 123.81
7300 127.152
7400 129.78
7500 132.161
7600 134.281
7700 136.587
7800 138.315
7900 140.124
8000 142.213
8100 143.791
8200 144.544
8300 144.794
8400 145.493
8500 146.404
8600 147.641
8700 149.414
8800 150.373
8900 151.396
9000 152.493
9100 153.521
9200 153.994
9300 154.547
9400 155.036
9500 156.149
9600 157.527
9700 158.941
9800 160.508
9900 161.885
10000 163.784
10100 166.382
10200 168.618
10300 171.165
10400 173.931
10500 176.559
10600 179.376
10700 182.252
10800 185.382
10900 188.311
11000 191.56
11100 196.141
11200 200.999
11300 205.613
11400 210.078
11500 214.278
11600 218.06
11700 222.204
11800 226.665
11900 229.533
12000 232.226
12100 234.102
12200 235.932
12300 237.892
12400 239.805
12500 241.063
12600 242.769
12700 245.467
12800 248.163
12900 250.927
13000 253.892
13100 255.927
13200 257.075
13300 258.629
13400 261.559
13500 264.824
13600 267.367
13700 268.651
13800 270.302
13900 273.496
14000 276.58
14100 280.659
14200 284.527
14300 289.36
14400 294.289
14500 298.855
14600 302.742
14700 307.688
14800 312.176
14900 316.71
15000 321.021
15100 325.49
15200 329.6
15300 332.601
15400 336.497
15500 340.062
15600 343.163
15700 347.157
15800 350.524
15900 353.136
16000 356.19
16100 358.283
16200 360.921
16300 365.048
16400 368.737
16500 372.8
16600 376.607
16700 379.397
16800 382.752
16900 385.539
17000 387.915
17100 389.922
17200 392.127
17300 394.809
17400 397.08
17500 397.15
17600 398.266
17700 399.271
17800 400.814
17900 403.801
18000 406.744
18100 408.358
18200 410.75
18300 414.74
18400 418.657
18500 423.358
18600 427.179
18700 431.374
18800 435.218
18900 440.417
19000 445.19
19100 449.465
19200 453.264
19300 456.364
19400 458.88
19500 461.632
19600 463.538
19700 465.282
19800 468.684
19900 473.269
20000 476.415
20100 477.797
20200 480.588
20300 484.253
20400 488.113
20500 491.214
20600 493.517
20700 494.264
20800 494.087
20900 494.707
21000 496.524
21100 498.288
21200 498.7
21300 500.8
21400 503.748
21500 505.897
21600 507.906
21700 507.717
21800 507.784
21900 510.541
22000 514.828
22100 518.951
22200 522.089
22300 525.077
22400 527.407
22500 529.994
22600 533.408
22700 535.596
22800 536.757
22900 537.946
23000 539.776
23100 541.726
23200 544.53
23300 547.039
23400 549.473
23500 550.084
23600 550.538
23700 553.636
23800 558.187
23900 564.591
24000 569.725
24100 574.076
24200 578.188
24300 582.124
24400 585.848
24500 589.996
24600 592.297
24700 593.79
24800 594.429
24900 594.438
25000 594.216
25100 594.546
25200 594.641
25300 595.692
25400 596.591
25500 596.993
25600 598.726
25700 600.991
25800 605.096
25900 609.874
26000 613.488
26100 616.383
26200 619.741
26300 622.272
26400 624.67
26500 628.44
26600 632.028
26700 635.366
26800 639.401
26900 643.647
27000 648.067
27100 650.969
27200 654.651
27300 658.578
27400 663.638
27500 668.253
27600 672.963
27700 677.335
27800 679.899
27900 681.618
28000 684.159
28100 686.333
28200 688.046
28300 689.229
28400 689.694
28500 690.829
28600 693.451
28700 694.529
28800 694.817
28900 695.574
29000 697.587
29100 699.419
29200 699.472
29300 699.16
29400 698.957
29500 698.222
29600 698.076
29700 697.596
29800 697.466
29900 697.582
30000 697.181
30100 697.046
30200 698.088
30300 700.185
30400 703.163
30500 705.351
30600 708.362
30700 711.011
30800 715.611
30900 721.315
31000 727.055
31100 733.667
31200 740.591
31300 745.169
31400 747.118
31500 749.172
31600 751.062
31700 753.589
31800 755.829
31900 757.496
32000 758.712
32100 760.422
32200 761.811
32300 763.396
32400 764.912
32500 767.059
32600 769.836
32700 771.446
32800 772.033
32900 773.673
33000 776.879
33100 780.847
33200 784.042
33300 787.627
33400 789.606
33500 792.843
33600 795.928
33700 797.826
33800 799.15
33900 799.682
34000 800.334
34100 802.373
34200 805.206
34300 806.015
34400 807.294
34500 808.47
34600 810.348
34700 812.954
34800 817.076
34900 822.218
35000 826.533
35100 829.813
35200 832.269
35300 834.437
35400 837.339
35500 840.154
35600 844.083
35700 848.608
35800 854.274
35900 860.471
36000 865.087
36100 870.507
36200 875.836
36300 880.516
36400 883.949
36500 885.947
36600 888.365
36700 891.707
36800 896.827
36900 902.035
37000 906.884
37100 911.654
37200 916.592
37300 920.602
37400 925.321
37500 929.038
37600 934.475
37700 939.916
37800 944.656
37900 948.864
38000 952.18
38100 955.243
38200 957.794
38300 959.622
38400 960.502
38500 960.732
38600 959.593
38700 960.046
38800 960.889
38900 962.877
39000 965.449
39100 969.63
39200 973.908
39300 978.193
39400 982.486
39500 986.546
39600 990.082
39700 993.954
39800 995.69
39900 997.882
40000 1000.38
40100 1002.59
40200 1005.78
40300 1008.3
40400 1008.28
40500 1007.42
40600 1008.97
40700 1011.85
40800 1015.5
40900 1018.89
41000 1023.77
41100 1030
41200 1035.02
41300 1040.27
41400 1045.82
41500 1050.88
41600 1055.17
41700 1057.85
41800 1059.38
41900 1061.91
42000 1064.44
42100 1066.84
42200 1070.29
42300 1073.11
42400 1074.97
42500 1075.76
42600 1078.12
42700 1080.03
42800 1080.19
42900 1081.52
43000 1084.56
43100 1087.2
43200 1089.17
43300 1091.2
43400 1094.41
43500 1098.74
43600 1103.8
43700 1108.08
43800 1110.49
43900 1113.22
44000 1113.93
44100 1112.76
44200 1112.85
44300 1113.62
44400 1113.41
44500 1111.3
44600 1109.81
44700 1110.66
44800 1112.77
44900 1115.15
45000 1117.86
45100 1120.78
45200 1123.19
45300 1123.64
45400 1123.64
45500 1124.54
45600 1127
45700 1129.84
45800 1133.46
45900 1136.37
46000 1140.29
46100 1145.75
46200 1148.82
46300 1150.67
46400 1152.91
46500 1155.55
46600 1160.84
46700 1166.85
46800 1174.15
46900 1180.6
47000 1186.46
47100 1191.54
47200 1197.41
47300 1203.62
47400 1211.88
47500 1218.93
47600 1226.22
47700 1233.17
47800 1238.92
47900 1243.51
48000 1247.63
48100 1251.82
48200 1256.97
48300 1262.4
48400 1265.93
48500 1269.15
48600 1269.24
48700 1271.84
48800 1273.74
48900 1277.07
49000 1282.31
49100 1287.68
49200 1293.97
49300 1299.01
49400 1306.39
49500 1312.05
49600 1316.52
49700 1320.83
49800 1324.55
49900 1330.54
50000 1336.91
50100 1343.21
50200 1349.96
50300 1357.15
50400 1363.37
50500 1368.58
50600 1374.22
50700 1382
50800 1388.03
50900 1392.82
51000 1399.51
51100 1406.38
51200 1414.77
51300 1423.57
51400 1431.19
51500 1438.49
51600 1445.11
51700 1450.62
51800 1454.31
51900 1456.73
52000 1459.7
52100 1463.83
52200 1468.26
52300 1473.58
52400 1479.65
52500 1484.91
52600 1490.94
52700 1496.92
52800 1503.01
52900 1509.32
53000 1516.85
53100 1522.64
53200 1527.42
53300 1531.96
53400 1533.78
53500 1534.76
53600 1535.63
53700 1539.31
53800 1546.08
53900 1553.53
54000 1560.51
54100 1566.88
54200 1572.72
54300 1577.81
54400 1584.12
54500 1589.98
54600 1597.43
54700 1605.48
54800 1613.37
54900 1621.99
55000 1632.11
55100 1643.03
55200 1651.51
55300 1661.72
55400 1671.32
55500 1681.22
55600 1687.08
55700 1691.31
55800 1694.41
55900 1699.53
56000 1706.55
56100 1712.39
56200 1717.35
56300 1721.47
56400 1725.11
56500 1729.05
56600 1733.29
56700 1735.65
56800 1737.99
56900 1741.09
57000 1742.46
57100 1742.82
57200 1742.9
57300 1742.55
57400 1744
57500 1746.85
57600 1748.18
57700 1749.56
57800 1750.58
57900 1751.12
58000 1751.65
58100 1752.01
58200 1752.47
58300 1753.07
58400 1753.38
58500 1755.42
58600 1757.19
58700 1755.85
58800 1759.11
58900 1761.39
59000 1762.34
59100 1763.93
59200 1765.83
59300 1768.07
59400 1769.2
59500 1771.93
59600 1771.63
59700 1772.33
59800 1773.93
59900 1776.07
60000 1780.01
60100 1782.77
60200 1785.64
60300 1785.88
60400 1784.79
60500 1782.79
60600 1783.34
60700 1781.81
60800 1780.87
60900 1782.38
61000 1782.16
61100 1779.48
61200 1775.76
61300 1774.74
61400 1773.46
61500 1775.04
61600 1777.85
61700 1778.91
61800 1780.16
61900 1782.81
62000 1784.88
62100 1783.95
62200 1782.86
62300 1783.46
62400 1781.52
62500 1780.65
62600 1782.39
62700 1786.86
62800 1790.31
62900 1790.95
63000 1790.32
63100 1789.17
63200 1789.42
63300 1789.99
63400 1790.76
63500 1793.22
63600 1797.26
63700 1800.44
63800 1801.61
63900 1801.34
64000 1800.33
64100 1798.53
64200 1794.01
64300 1789.31
64400 1786.46
64500 1785.83
64600 1786.45
64700 1786.16
64800 1789.14
64900 1792.34
65000 1792.52
65100 1795.08
65200 1799.77
65300 1804.77
65400 1808.95
65500 1814.09
65600 1817.94
65700 1822.01
65800 1826.7
65900 1830.52
66000 1834.02
66100 1834.16
66200 1834.53
66300 1834.71
66400 1834.72
66500 1837.31
66600 1838.71
66700 1840.85
66800 1841.42
66900 1840.86
67000 1840.43
67100 1841.69
67200 1843.28
67300 1844.09
67400 1845.39
67500 1847.63
67600 1851.69
67700 1855.93
67800 1857.13
67900 1858.15
68000 1860.15
68100 1861.64
68200 1862.48
68300 1864
68400 1862.44
68500 1860.13
68600 1860.7
68700 1864.29
68800 1869.03
68900 1874.99
69000 1881.64
69100 1887.94
69200 1892.92
69300 1897.47
69400 1902.72
69500 1907.16
69600 1910.23
69700 1912.26
69800 1913.45
69900 1915.33
70000 1918.09
70100 1919.12
70200 1920.31
70300 1922.02
70400 1924.21
70500 1925.65
70600 1927.9
70700 1931.08
70800 1934.56
70900 1941.58
71000 1947.45
71100 1954.51
71200 1964.59
71300 1975.76
71400 1985.14
71500 1993.99
71600 2001.48
71700 2011.88
71800 2021.06
71900 2030.79
72000 2039.55
72100 2047.61
72200 2059.43
72300 2071.1
72400 2079.02
72500 2085.86
72600 2093.75
72700 2100.44
72800 2107.1
72900 2112.63
73000 2114.44
73100 2118.11
73200 2120.82
73300 2123.81
73400 2128
73500 2131.95
73600 2138.79
73700 2145.51
73800 2151.01
73900 2158.16
74000 2165.62
74100 2173.18
74200 2180.18
74300 2185.77
74400 2191.98
74500 2196.52
74600 2199.72
74700 2202.06
74800 2205.46
74900 2207.93
75000 2209.22
75100 2208.05
75200 2204.91
75300 2203.44
75400 2202.45
75500 2201.88
75600 2200.72
75700 2201.42
75800 2200.89
75900 2200.96
76000 2203.33
76100 2206.89
76200 2210.66
76300 2213.68
76400 2217.49
76500 2218.32
76600 2216.88
76700 2216.21
76800 2214.93
76900 2212.1
77000 2210.03
77100 2210.51
77200 2212.8
77300 2216.28
77400 2218.82
77500 2221.95
77600 2224.64
77700 2227.94
77800 2231.86
77900 2235.6
78000 2238.82
78100 2240.76
78200 2243.94
78300 2247.3
78400 2251.53
78500 2254.6
78600 2256.64
78700 2257.93
78800 2260.64
78900 2262.9
79000 2262.45
79100 2262.7
79200 2264.1
79300 2267.1
79400 2271.33
79500 2277.53
79600 2281.86
79700 2288.22
79800 2296.77
79900 2303.62
80000 2310.13
80100 2319.09
80200 2326.78
80300 2332.16
80400 2336.34
80500 2339.48
80600 2344.1
80700 2352.82
80800 2361.64
80900 2370.42
81000 2379.01
81100 2385.6
81200 2392.7
81300 2398.18
81400 2403.95
81500 2410.91
81600 2416.37
81700 2421.39
81800 2425.58
81900 2429.32
82000 2432.39
82100 2434.41
82200 2437.17
82300 2440.41
82400 2444.97
82500 2448.27
82600 2451.58
82700 2453.39
82800 2454.57
82900 2455.78
83000 2454.81
83100 2453.38
83200 2453.73
83300 2456.15
83400 2459.1
83500 2459.94
83600 2461.78
83700 2463.97
83800 2468.41
83900 2472.14
84000 2476.8
84100 2480.04
84200 2482.91
84300 2484.9
84400 2484.47
84500 2485.71
84600 2490.4
84700 2495.47
84800 2497.7
84900 2501.93
85000 2504.35
85100 2508.38
85200 2512.77
85300 2517.95
85400 2523.85
85500 2528.77
85600 2531.63
85700 2535.01
85800 2537.98
85900 2542.04
86000 2545.53
86100 2549.16
86200 2554.1
86300 2556.14
86400 2555.62
86500 2553.69
86600 2552.4
86700 2552.6
86800 2551.36
86900 2549.6
87000 2547.19
87100 2546.52
87200 2548.25
87300 2548.8
87400 2550.76
87500 2551.21
87600 2551.62
87700 2552.27
87800 2555.24
87900 2556.93
88000 2559.04
88100 2560.74
88200 2563.04
88300 2566.17
88400 2571.21
88500 2573.86
88600 2576.26
88700 2581.38
88800 2585.36
88900 2590.55
89000 2596.48
89100 2605.23
89200 2615.58
89300 2625.32
89400 2635.19
89500 2643.26
89600 2652.23
89700 2659.77
89800 2668
89900 2675.17
90000 2682.74
90100 2692.8
90200 2701.88
90300 2707.7
90400 2713.54
90500 2718.97
90600 2723.2
90700 2727.89
90800 2732.2
90900 2736.34
91000 2743.39
91100 2753.61
91200 2765.17
91300 2775.97
91400 2786.69
91500 2796.09
91600 2802.68
91700 2809.91
91800 2816.64
91900 2822.44
92000 2826.73
92100 2827
92200 2828.06
92300 2827.61
92400 2826.87
92500 2828.18
92600 2830.76
92700 2833.15
92800 2835.89
92900 2839.88
93000 2845.67
93100 2854.05
93200 2860.55
93300 2865.42
93400 2874.07
93500 2881.83
93600 2887.98
93700 2896.88
93800 2905.1
93900 2910.74
94000 2915.94
94100 2920.39
94200 2923.15
94300 2922.03
94400 2923.2
94500 2923.75
94600 2920.87
94700 2916
94800 2912.32
94900 2907.05
95000 2901.85
95100 2900.19
95200 2900.8
95300 2899.01
95400 2897.23
95500 2896.7
95600 2897.84
95700 2901.33
95800 2905.84
95900 2911.34
96000 2913.61
96100 2915.3
96200 2913.56
96300 2910.93
96400 2908.93
96500 2905.88
96600 2903.72
96700 2900.02
96800 2895.85
96900 2889.85
97000 2882.03
97100 2876.38
97200 2872.65
97300 2873.96
97400 2876.22
97500 2881.14
97600 2885.72
97700 2891.57
97800 2899.92
97900 2907.24
98000 2911.65
98100 2913.7
98200 2912.7
98300 2911.47
98400 2914.26
98500 2917.24
98600 2920.77
98700 2923.95
98800 2926.56
98900 2929.94
99000 2933.21
99100 2933.93
99200 2935.33
99300 2932.96
99400 2929.79
99500 2926.91
99600 2924.62
99700 2924.65
99800 2921.73
99900 2919.62
100000 2916.31
100100 2916.55
