# Time-averaged data for fix msd
# TimeStep c_msd[4]
1000 0.605377
2000 1.87165
3000 2.83112
4000 4.05342
5000 5.24869
6000 5.92564
7000 7.37717
8000 9.27167
9000 10.313
10000 11.6229
11000 14.2537
12000 16.4565
13000 18.4021
14000 18.9078
15000 19.6006
16000 22.2016
17000 23.6617
18000 27.7521
19000 30.5691
20000 31.7243
21000 34.2584
22000 35.9749
23000 37.4743
24000 40.3476
25000 41.6703
26000 42.3984
27000 44.8857
28000 46.8434
29000 48.6435
30000 49.8072
31000 49.8251
32000 51.446
33000 53.3806
34000 54.6932
35000 57.0726
36000 59.8497
37000 61.1842
38000 64.6658
39000 65.8726
40000 68.3954
41000 69.0347
42000 70.3392
43000 68.7376
44000 67.8966
45000 68.9869
46000 70.3872
47000 72.9502
48000 75.7651
49000 75.8601
50000 75.8237
51000 75.442
52000 76.9378
53000 78.9686
54000 80.6152
55000 83.1509
56000 87.0235
57000 89.4559
58000 94.6376
59000 95.7736
60000 95.4965
61000 95.0614
62000 94.787
63000 93.0565
64000 93.0113
65000 94.8245
66000 95.7491
67000 98.612
68000 99.5879
69000 100.489
70000 107.587
71000 112.321
72000 114.561
73000 114.814
74000 114.953
75000 116.355
76000 117.359
77000 117.596
78000 119.21
79000 117.915
80000 120.455
81000 123.616
82000 126.179
83000 126.793
84000 125.268
85000 121.756
86000 122.621
87000 125.649
88000 128.633
89000 130.157
90000 132.082
91000 132.231
92000 134.922
93000 135.844
94000 134.991
95000 135.108
96000 136.602
97000 138.109
98000 138.792
99000 138.328
100000 138.474
101000 140.261
102000 141.933
103000 141.249
104000 141.166
105000 140.652
106000 142.452
107000 145.67
108000 148.608
109000 150.131
110000 151.615
111000 151.702
112000 152.807
113000 154.093
114000 155.112
115000 156.26
116000 153.13
117000 157.062
118000 159.872
119000 159.862
120000 163.567
121000 163.185
122000 165.539
123000 167.236
124000 165.267
125000 165.909
126000 166.899
127000 171.105
128000 174.711
129000 176.974
130000 179.375
131000 182.189
132000 183.633
133000 183.103
134000 187.071
135000 189.738
136000 192.507
137000 194.629
138000 194.626
139000 192.342
140000 197.299
141000 202.036
142000 206.339
143000 208.4
144000 208.522
145000 210.421
146000 212.708
147000 210.385
148000 214.565
149000 213.305
150000 213.85
151000 217.614
152000 217.417
153000 215.851
154000 212.074
155000 211.519
156000 214.026
157000 213.572
158000 215.62
159000 216.957
160000 218.405
161000 219.06
162000 222.6
163000 225.528
164000 226.074
165000 226.187
166000 225.633
167000 225.591
168000 222.208
169000 221.765
170000 222.686
171000 224.651
172000 224.333
173000 224.195
174000 224.462
175000 223.939
176000 226.39
177000 223.085
178000 224.31
179000 226.248
180000 231.485
181000 235.806
182000 241.517
183000 242.04
184000 239.318
185000 244.516
186000 243.38
187000 243.912
188000 242.61
189000 238.445
190000 243.113
191000 246.734
192000 250.661
193000 252.329
194000 256.101
195000 256.85
196000 259.612
197000 258.896
198000 254.598
199000 254.412
200000 249.978
201000 253.043
202000 253.339
203000 254.334
204000 255.558
205000 258.021
206000 261.951
207000 265.064
208000 267.438
209000 267.608
210000 265.494
211000 265.493
212000 270.164
213000 267.677
214000 265.927
215000 269.131
216000 266.415
217000 262.822
218000 262.355
219000 263.619
220000 267.904
221000 268.398
222000 270.376
223000 270.605
224000 272.226
225000 276.294
226000 275.068
227000 274.673
228000 272.301
229000 270.18
230000 276.014
231000 280.829
232000 287.803
233000 292.923
234000 290.3
235000 291.892
236000 291.089
237000 291.351
238000 291.901
239000 294.295
240000 294.257
241000 295.408
242000 293.029
243000 295.932
244000 301.209
245000 300.64
246000 298.653
247000 298.021
248000 299.123
249000 304.075
250000 301.284
251000 305.686
252000 305.071
253000 305.015
254000 305.044
255000 302.511
256000 295.535
257000 301.691
258000 303.709
259000 307.666
260000 311.105
261000 312.811
262000 312.874
263000 314.579
264000 316.9
265000 318.258
266000 324.216
267000 324.029
268000 326.909
269000 328.824
270000 330.929
271000 335.144
272000 335.715
273000 334.896
274000 333.566
275000 333.961
276000 338.926
277000 339.352
278000 343.327
279000 345.95
280000 347.598
281000 353.118
282000 351.749
283000 352.442
284000 351.102
285000 352.763
286000 356.849
287000 357.827
288000 359.092
289000 360.323
290000 357.657
291000 360.119
292000 365.516
293000 372.417
294000 373.528
295000 375.837
296000 373.038
297000 372.129
298000 372.027
299000 369.749
300000 363.834
301000 363.021
302000 366.116
303000 365.749
304000 374.069
305000 373.841
306000 379.699
307000 379.879
308000 385.902
309000 382.245
310000 385.698
311000 387.783
312000 387.253
313000 384.502
314000 382.42
315000 383.156
316000 388.039
317000 392.832
318000 392.272
319000 391.39
320000 395.751
321000 395.478
322000 396.734
323000 401.57
324000 403.03
325000 408.662
326000 408.365
327000 408.95
328000 407.13
329000 404.51
330000 398.804
331000 398.063
332000 398.793
333000 396.442
334000 401.428
335000 405.051
336000 406.813
337000 409.328
338000 404.519
339000 405.756
340000 414.819
341000 422.249
342000 422.829
343000 423.998
344000 420.116
345000 417.821
346000 427.056
347000 431.865
348000 430.421
349000 430.152
350000 429.319
351000 430.998
352000 431.42
353000 433.478
354000 439.552
355000 439.871
356000 440.477
357000 444.606
358000 442.501
359000 448.082
360000 452.911
361000 458.4
362000 455.481
363000 460.208
364000 464.613
365000 463.972
366000 459.722
367000 455.836
368000 450.985
369000 445.665
370000 448.533
371000 449.186
372000 453.299
373000 454.526
374000 462.538
375000 468.629
376000 470.216
377000 473.481
378000 481.867
379000 487.961
380000 491.711
381000 489.662
382000 490.323
383000 488.247
384000 490.139
385000 494.458
386000 498.082
387000 503.448
388000 498.237
389000 502.37
390000 501.437
391000 502.173
392000 501.157
393000 491.2
394000 491.414
395000 490.797
396000 488.969
397000 489.404
398000 493.108
399000 499.041
400000 499.926
401000 494.698
402000 496.589
403000 504.419
404000 504.102
405000 491.743
406000 488.21
407000 498.568
408000 505.51
409000 504.126
410000 507.693
411000 508.766
412000 509.969
413000 513.791
414000 522.737
415000 536.416
416000 542.672
417000 540.858
418000 537.031
419000 537.471
420000 537.352
421000 540.318
422000 550.423
423000 551.861
424000 559.393
425000 564.967
426000 569.924
427000 563.663
428000 566.249
429000 571.111
430000 566.98
431000 566.393
432000 573.522
433000 580.068
434000 586.391
435000 589.915
436000 590.308
437000 592.199
438000 597.136
439000 602.753
440000 605.046
441000 613.138
442000 617.357
443000 621.835
444000 618.164
445000 622.268
446000 623.832
447000 624.918
448000 627.617
449000 635.911
450000 644.37
451000 646.538
452000 640.182
453000 642.55
454000 643.135
455000 646.844
456000 653.566
457000 657.031
458000 658.567
459000 660.065
460000 665.461
461000 664.102
462000 663.989
463000 664.44
464000 664.161
465000 661.384
466000 666.062
467000 667.22
468000 664.387
469000 660.804
470000 661.638
471000 658.15
472000 655.016
473000 654.931
474000 655.376
475000 650.821
476000 656.033
477000 655.408
478000 653.835
479000 656.289
480000 652.202
481000 653.937
482000 646.249
483000 646.389
484000 652.031
485000 652.453
486000 656.724
487000 666.755
488000 672.051
489000 671.198
490000 674.103
491000 674.325
492000 677.708
493000 680.668
494000 685.426
495000 694.221
496000 689.959
497000 693.369
498000 694.186
499000 698.429
500000 697.352
501000 705.684
502000 702.945
503000 697.71
504000 703.214
505000 709.861
506000 715.855
507000 714.808
508000 715.599
509000 725.439
510000 724.299
511000 725.619
512000 730.881
513000 728.698
514000 730.32
515000 726.113
516000 727.133
517000 727.027
518000 725.325
519000 716.063
520000 707.574
521000 705.451
522000 713.151
523000 714.951
524000 712.904
525000 715.284
526000 711.915
527000 710.774
528000 709.232
529000 708.961
530000 701.879
531000 703.754
532000 709.118
533000 708.299
534000 709.052
535000 712.071
536000 719.562
537000 720.462
538000 728.151
539000 727.307
540000 738.287
541000 741.706
542000 742.929
543000 738.537
544000 737.071
545000 730.607
546000 728.789
547000 738.559
548000 742.329
549000 744.029
550000 745.529
551000 748.604
552000 747.202
553000 743.716
554000 744.287
555000 748.117
556000 756.577
557000 759.827
558000 761.569
559000 765.195
560000 768.166
561000 775.026
562000 774.765
563000 778.78
564000 780.787
565000 774.785
566000 773.221
567000 775.009
568000 771.851
569000 781.32
570000 777.624
571000 777.24
572000 774.501
573000 786.86
574000 801.553
575000 805.457
576000 801.99
577000 806.621
578000 808.35
579000 810.356
580000 812.125
581000 810.614
582000 805.63
583000 808.465
584000 812.889
585000 812.095
586000 823.304
587000 822.39
588000 821.81
589000 818.32
590000 818.569
591000 812.25
592000 814.126
593000 818.313
594000 820.741
595000 824.335
596000 818.569
597000 816.269
598000 814.096
599000 822.045
600000 829.87
601000 833.278
602000 834.521
603000 841.719
604000 845.283
605000 855.947
606000 854.827
607000 860.79
608000 860.893
609000 865.933
610000 861.017
611000 863.583
612000 868.414
613000 867.384
614000 865.339
615000 871.385
616000 879.596
617000 874.833
618000 871.064
619000 874.595
620000 869.183
621000 878.06
622000 877.88
623000 887.867
624000 888.342
625000 895.953
626000 897.756
627000 903.502
628000 899.841
629000 895.275
630000 893.916
631000 894.041
632000 896.894
633000 902.242
634000 897.231
635000 896.555
636000 898.855
637000 899.058
638000 894.106
639000 891.89
640000 893.536
641000 894.757
642000 890.675
643000 899.226
644000 904.591
645000 906.815
646000 906.179
647000 906.962
648000 905.398
649000 912.151
650000 918.406
651000 917.776
652000 918.7
653000 919.426
654000 917.898
655000 915.394
656000 911.619
657000 914.769
658000 927.63
659000 929.261
660000 932.522
661000 938.068
662000 937.081
663000 935.578
664000 932.198
665000 931.091
666000 924.369
667000 921.653
668000 924.25
669000 916.84
670000 910.031
671000 912.259
672000 915.061
673000 916.748
674000 924.829
675000 927.319
676000 942.344
677000 940.719
678000 942.622
679000 941.039
680000 945.827
681000 941.532
682000 953.657
683000 963.774
684000 969.702
685000 971.382
686000 971.774
687000 968.331
688000 968.387
689000 969.544
690000 972.108
691000 969.391
692000 958.679
693000 963.421
694000 970.78
695000 976.447
696000 976.666
697000 976.977
698000 985.816
699000 979.123
700000 983.422
701000 983.937
702000 987.166
703000 986.359
704000 991.881
705000 993.802
706000 994.728
707000 986.656
708000 978.127
709000 980.925
710000 980.832
711000 978.159
712000 978.812
713000 979.455
714000 979.982
715000 976.932
716000 980.981
717000 993.998
718000 1000.47
719000 998.622
720000 995.136
721000 997.056
722000 1002.36
723000 998.831
724000 995.904
725000 1003.51
726000 1010.42
727000 1008.78
728000 1011.36
729000 1019.08
730000 1018.98
731000 1011.29
732000 1005.61
733000 1008.68
734000 1006.74
735000 1013.74
736000 1015.16
737000 1013.24
738000 1011.04
739000 1005.64
740000 1013.96
741000 1018.69
742000 1024.01
743000 1029.46
744000 1034.07
745000 1033.43
746000 1030.91
747000 1026.18
748000 1026.65
749000 1031.29
750000 1027.68
751000 1029.63
752000 1032.1
753000 1036.64
754000 1036.35
755000 1036.95
756000 1042.06
757000 1043.04
758000 1046.3
759000 1050.42
760000 1051.47
761000 1049.77
762000 1043.36
763000 1041.03
764000 1044.41
765000 1045.47
766000 1050.53
767000 1055.28
768000 1073.54
769000 1078.35
770000 1070.73
771000 1063.1
772000 1063.99
773000 1068.79
774000 1069.21
775000 1062.7
776000 1067.91
777000 1074.1
778000 1077.19
779000 1079.95
780000 1090.09
781000 1089.28
782000 1087.09
783000 1085.14
784000 1091.16
785000 1089.68
786000 1091.12
787000 1106.12
788000 1105.65
789000 1105.68
790000 1106.2
791000 1107.08
792000 1103.28
793000 1086.54
794000 1089.64
795000 1088.37
796000 1090.35
797000 1092.1
798000 1084.91
799000 1099.27
800000 1109.62
801000 1115.69
802000 1124.43
803000 1127.5
804000 1127.11
805000 1129.11
806000 1140.3
807000 1139.13
808000 1131.53
809000 1129.26
810000 1121.72
811000 1125.4
812000 1129.68
813000 1136.79
814000 1137.55
815000 1144.69
816000 1144.89
817000 1144.97
818000 1152.79
819000 1159.29
820000 1162.69
821000 1173.43
822000 1175.96
823000 1166.51
824000 1159.17
825000 1153.43
826000 1157.47
827000 1154.26
828000 1155.94
829000 1166.39
830000 1174.81
831000 1164.51
832000 1163.58
833000 1162.99
834000 1176.89
835000 1181.48
836000 1176.39
837000 1164.01
838000 1162.72
839000 1155.08
840000 1154.28
841000 1160
842000 1154.17
843000 1156.32
844000 1157.47
845000 1155.82
846000 1164.36
847000 1167.67
848000 1166.25
849000 1172.4
850000 1175.05
851000 1175.2
852000 1163.11
853000 1161.4
854000 1164.4
855000 1171.58
856000 1174.43
857000 1180.64
858000 1176.03
859000 1176.65
860000 1177.82
861000 1159.03
862000 1145.88
863000 1144.62
864000 1151.53
865000 1148.06
866000 1151.28
867000 1154.01
868000 1158.54
869000 1153
870000 1146.63
871000 1155.66
872000 1150.73
873000 1151.19
874000 1153.64
875000 1149.72
876000 1150.51
877000 1150.4
878000 1141.88
879000 1141.47
880000 1153.39
881000 1156.08
882000 1156.46
883000 1163.75
884000 1163.26
885000 1168.53
886000 1175.09
887000 1178.32
888000 1180.05
889000 1187.29
890000 1192.75
891000 1198.02
892000 1193.06
893000 1184.63
894000 1192.22
895000 1201.04
896000 1218.4
897000 1239.06
898000 1250.88
899000 1246.34
900000 1242.82
901000 1253.64
902000 1248.6
903000 1245.21
904000 1241.85
905000 1241.54
906000 1241.13
907000 1251.02
908000 1260.18
909000 1264.24
910000 1281.78
911000 1294.71
912000 1295.06
913000 1277.8
914000 1274.6
915000 1274.78
916000 1273.24
917000 1268.58
918000 1274.42
919000 1283.71
920000 1285.08
921000 1294.91
922000 1301.43
923000 1308.07
924000 1314.59
925000 1319.06
926000 1317.67
927000 1323.62
928000 1317.11
929000 1316.21
930000 1319.4
931000 1321.65
932000 1318.28
933000 1309.24
934000 1313.73
935000 1311.59
936000 1314.54
937000 1305.61
938000 1297.33
939000 1289.13
940000 1279.68
941000 1277.19
942000 1280.73
943000 1281.14
944000 1273.6
945000 1280.14
946000 1285.06
947000 1279.05
948000 1278.12
949000 1275.32
950000 1264.66
951000 1262.51
952000 1268.4
953000 1279.43
954000 1283.64
955000 1284.38
956000 1275.71
957000 1278.02
958000 1280.96
959000 1288.94
960000 1298.91
961000 1302.87
962000 1308.07
963000 1308.68
964000 1299.97
965000 1288.86
966000 1292.4
967000 1297.5
968000 1298.03
969000 1304.22
970000 1307.52
971000 1316.92
972000 1328.07
973000 1335.47
974000 1334.73
975000 1338.4
976000 1341.21
977000 1350.41
978000 1358.6
979000 1369.77
980000 1371.3
981000 1369.19
982000 1356.79
983000 1359.24
984000 1365.95
985000 1365.61
986000 1366.09
987000 1368
988000 1376.07
989000 1371.99
990000 1366.59
991000 1378.61
992000 1379.97
993000 1385.54
994000 1384.8
995000 1390.2
996000 1407.32
997000 1415.14
998000 1406.32
999000 1409.77
1000000 1411.83
