# Time-averaged data for fix com
# TimeStep c_com[1] c_com[2] c_com[3]
1000 1.66743 1.8776 2.03393
2000 1.66743 1.8776 2.03393
3000 1.66743 1.8776 2.03393
4000 1.66743 1.8776 2.03393
5000 1.66743 1.8776 2.03393
6000 1.66743 1.8776 2.03393
7000 1.66743 1.8776 2.03393
8000 1.66743 1.8776 2.03393
9000 1.66743 1.8776 2.03393
10000 1.66743 1.8776 2.03393
11000 1.66743 1.8776 2.03393
12000 1.66743 1.8776 2.03393
13000 1.66743 1.8776 2.03393
14000 1.66743 1.8776 2.03393
15000 1.66743 1.8776 2.03393
16000 1.66743 1.8776 2.03393
17000 1.66743 1.8776 2.03393
18000 1.66743 1.8776 2.03393
19000 1.66743 1.8776 2.03393
20000 1.66743 1.8776 2.03393
21000 1.66743 1.8776 2.03393
22000 1.66743 1.8776 2.03393
23000 1.66743 1.8776 2.03393
24000 1.66743 1.8776 2.03393
25000 1.66743 1.8776 2.03393
26000 1.66743 1.8776 2.03393
27000 1.66743 1.8776 2.03393
28000 1.66743 1.8776 2.03393
29000 1.66743 1.8776 2.03393
30000 1.66743 1.8776 2.03393
31000 1.66743 1.8776 2.03393
32000 1.66743 1.8776 2.03393
33000 1.66743 1.8776 2.03393
34000 1.66743 1.8776 2.03393
35000 1.66743 1.8776 2.03393
36000 1.66743 1.8776 2.03393
37000 1.66743 1.8776 2.03393
38000 1.66743 1.8776 2.03393
39000 1.66743 1.8776 2.03393
40000 1.66743 1.8776 2.03393
41000 1.66743 1.8776 2.03393
42000 1.66743 1.8776 2.03393
43000 1.66743 1.8776 2.03393
44000 1.66743 1.8776 2.03393
45000 1.66743 1.8776 2.03393
46000 1.66743 1.8776 2.03393
47000 1.66743 1.8776 2.03393
48000 1.66743 1.8776 2.03393
49000 1.66743 1.8776 2.03393
50000 1.66743 1.8776 2.03393
51000 1.66743 1.8776 2.03393
52000 1.66743 1.8776 2.03393
53000 1.66743 1.8776 2.03393
54000 1.66743 1.8776 2.03393
55000 1.66743 1.8776 2.03393
56000 1.66743 1.8776 2.03393
57000 1.66743 1.8776 2.03393
58000 1.66743 1.8776 2.03393
59000 1.66743 1.8776 2.03393
60000 1.66743 1.8776 2.03393
61000 1.66743 1.8776 2.03393
62000 1.66743 1.8776 2.03393
63000 1.66743 1.8776 2.03393
64000 1.66743 1.8776 2.03393
65000 1.66743 1.8776 2.03393
66000 1.66743 1.8776 2.03393
67000 1.66743 1.8776 2.03393
68000 1.66743 1.8776 2.03393
69000 1.66743 1.8776 2.03393
70000 1.66743 1.8776 2.03393
71000 1.66743 1.8776 2.03393
72000 1.66743 1.8776 2.03393
73000 1.66743 1.8776 2.03393
74000 1.66743 1.8776 2.03393
75000 1.66743 1.8776 2.03393
76000 1.66743 1.8776 2.03393
77000 1.66743 1.8776 2.03393
78000 1.66743 1.8776 2.03393
79000 1.66743 1.8776 2.03393
80000 1.66743 1.8776 2.03393
81000 1.66743 1.8776 2.03393
82000 1.66743 1.8776 2.03393
83000 1.66743 1.8776 2.03393
84000 1.66743 1.8776 2.03393
85000 1.66743 1.8776 2.03393
86000 1.66743 1.8776 2.03393
87000 1.66743 1.8776 2.03393
88000 1.66743 1.8776 2.03393
89000 1.66743 1.8776 2.03393
90000 1.66743 1.8776 2.03393
91000 1.66743 1.8776 2.03393
92000 1.66743 1.8776 2.03393
93000 1.66743 1.8776 2.03393
94000 1.66743 1.8776 2.03393
95000 1.66743 1.8776 2.03393
96000 1.66743 1.8776 2.03393
97000 1.66743 1.8776 2.03393
98000 1.66743 1.8776 2.03393
99000 1.66743 1.8776 2.03393
100000 1.66743 1.8776 2.03393
101000 1.66743 1.8776 2.03393
102000 1.66743 1.8776 2.03393
103000 1.66743 1.8776 2.03393
104000 1.66743 1.8776 2.03393
105000 1.66743 1.8776 2.03393
106000 1.66743 1.8776 2.03393
107000 1.66743 1.8776 2.03393
108000 1.66743 1.8776 2.03393
109000 1.66743 1.8776 2.03393
110000 1.66743 1.8776 2.03393
111000 1.66743 1.8776 2.03393
112000 1.66743 1.8776 2.03393
113000 1.66743 1.8776 2.03393
114000 1.66743 1.8776 2.03393
115000 1.66743 1.8776 2.03393
116000 1.66743 1.8776 2.03393
117000 1.66743 1.8776 2.03393
118000 1.66743 1.8776 2.03393
119000 1.66743 1.8776 2.03393
120000 1.66743 1.8776 2.03393
121000 1.66743 1.8776 2.03393
122000 1.66743 1.8776 2.03393
123000 1.66743 1.8776 2.03393
124000 1.66743 1.8776 2.03393
125000 1.66743 1.8776 2.03393
126000 1.66743 1.8776 2.03393
127000 1.66743 1.8776 2.03393
128000 1.66743 1.8776 2.03393
129000 1.66743 1.8776 2.03393
130000 1.66743 1.8776 2.03393
131000 1.66743 1.8776 2.03393
132000 1.66743 1.8776 2.03393
133000 1.66743 1.8776 2.03393
134000 1.66743 1.8776 2.03393
135000 1.66743 1.8776 2.03393
136000 1.66743 1.8776 2.03393
137000 1.66743 1.8776 2.03393
138000 1.66743 1.8776 2.03393
139000 1.66743 1.8776 2.03393
140000 1.66743 1.8776 2.03393
141000 1.66743 1.8776 2.03393
142000 1.66743 1.8776 2.03393
143000 1.66743 1.8776 2.03393
144000 1.66743 1.8776 2.03393
145000 1.66743 1.8776 2.03393
146000 1.66743 1.8776 2.03393
147000 1.66743 1.8776 2.03393
148000 1.66743 1.8776 2.03393
149000 1.66743 1.8776 2.03393
150000 1.66743 1.8776 2.03393
151000 1.66743 1.8776 2.03393
152000 1.66743 1.8776 2.03393
153000 1.66743 1.8776 2.03393
154000 1.66743 1.8776 2.03393
155000 1.66743 1.8776 2.03393
156000 1.66743 1.8776 2.03393
157000 1.66743 1.8776 2.03393
158000 1.66743 1.8776 2.03393
159000 1.66743 1.8776 2.03393
160000 1.66743 1.8776 2.03393
161000 1.66743 1.8776 2.03393
162000 1.66743 1.8776 2.03393
163000 1.66743 1.8776 2.03393
164000 1.66743 1.8776 2.03393
165000 1.66743 1.8776 2.03393
166000 1.66743 1.8776 2.03393
167000 1.66743 1.8776 2.03393
168000 1.66743 1.8776 2.03393
169000 1.66743 1.8776 2.03393
170000 1.66743 1.8776 2.03393
171000 1.66743 1.8776 2.03393
172000 1.66743 1.8776 2.03393
173000 1.66743 1.8776 2.03393
174000 1.66743 1.8776 2.03393
175000 1.66743 1.8776 2.03393
176000 1.66743 1.8776 2.03393
177000 1.66743 1.8776 2.03393
178000 1.66743 1.8776 2.03393
179000 1.66743 1.8776 2.03393
180000 1.66743 1.8776 2.03393
181000 1.66743 1.8776 2.03393
182000 1.66743 1.8776 2.03393
183000 1.66743 1.8776 2.03393
184000 1.66743 1.8776 2.03393
185000 1.66743 1.8776 2.03393
186000 1.66743 1.8776 2.03393
187000 1.66743 1.8776 2.03393
188000 1.66743 1.8776 2.03393
189000 1.66743 1.8776 2.03393
190000 1.66743 1.8776 2.03393
191000 1.66743 1.8776 2.03393
192000 1.66743 1.8776 2.03393
193000 1.66743 1.8776 2.03393
194000 1.66743 1.8776 2.03393
195000 1.66743 1.8776 2.03393
196000 1.66743 1.8776 2.03393
197000 1.66743 1.8776 2.03393
198000 1.66743 1.8776 2.03393
199000 1.66743 1.8776 2.03393
200000 1.66743 1.8776 2.03393
201000 1.66743 1.8776 2.03393
202000 1.66743 1.8776 2.03393
203000 1.66743 1.8776 2.03393
204000 1.66743 1.8776 2.03393
205000 1.66743 1.8776 2.03393
206000 1.66743 1.8776 2.03393
207000 1.66743 1.8776 2.03393
208000 1.66743 1.8776 2.03393
209000 1.66743 1.8776 2.03393
210000 1.66743 1.8776 2.03393
211000 1.66743 1.8776 2.03393
212000 1.66743 1.8776 2.03393
213000 1.66743 1.8776 2.03393
214000 1.66743 1.8776 2.03393
215000 1.66743 1.8776 2.03393
216000 1.66743 1.8776 2.03393
217000 1.66743 1.8776 2.03393
218000 1.66743 1.8776 2.03393
219000 1.66743 1.8776 2.03393
220000 1.66743 1.8776 2.03393
221000 1.66743 1.8776 2.03393
222000 1.66743 1.8776 2.03393
223000 1.66743 1.8776 2.03393
224000 1.66743 1.8776 2.03393
225000 1.66743 1.8776 2.03393
226000 1.66743 1.8776 2.03393
227000 1.66743 1.8776 2.03393
228000 1.66743 1.8776 2.03393
229000 1.66743 1.8776 2.03393
230000 1.66743 1.8776 2.03393
231000 1.66743 1.8776 2.03393
232000 1.66743 1.8776 2.03393
233000 1.66743 1.8776 2.03393
234000 1.66743 1.8776 2.03393
235000 1.66743 1.8776 2.03393
236000 1.66743 1.8776 2.03393
237000 1.66743 1.8776 2.03393
238000 1.66743 1.8776 2.03393
239000 1.66743 1.8776 2.03393
240000 1.66743 1.8776 2.03393
241000 1.66743 1.8776 2.03393
242000 1.66743 1.8776 2.03393
243000 1.66743 1.8776 2.03393
244000 1.66743 1.8776 2.03393
245000 1.66743 1.8776 2.03393
246000 1.66743 1.8776 2.03393
247000 1.66743 1.8776 2.03393
248000 1.66743 1.8776 2.03393
249000 1.66743 1.8776 2.03393
250000 1.66743 1.8776 2.03393
251000 1.66743 1.8776 2.03393
252000 1.66743 1.8776 2.03393
253000 1.66743 1.8776 2.03393
254000 1.66743 1.8776 2.03393
255000 1.66743 1.8776 2.03393
256000 1.66743 1.8776 2.03393
257000 1.66743 1.8776 2.03393
258000 1.66743 1.8776 2.03393
259000 1.66743 1.8776 2.03393
260000 1.66743 1.8776 2.03393
261000 1.66743 1.8776 2.03393
262000 1.66743 1.8776 2.03393
263000 1.66743 1.8776 2.03393
264000 1.66743 1.8776 2.03393
265000 1.66743 1.8776 2.03393
266000 1.66743 1.8776 2.03393
267000 1.66743 1.8776 2.03393
268000 1.66743 1.8776 2.03393
269000 1.66743 1.8776 2.03393
270000 1.66743 1.8776 2.03393
271000 1.66743 1.8776 2.03393
272000 1.66743 1.8776 2.03393
273000 1.66743 1.8776 2.03393
274000 1.66743 1.8776 2.03393
275000 1.66743 1.8776 2.03393
276000 1.66743 1.8776 2.03393
277000 1.66743 1.8776 2.03393
278000 1.66743 1.8776 2.03393
279000 1.66743 1.8776 2.03393
280000 1.66743 1.8776 2.03393
281000 1.66743 1.8776 2.03393
282000 1.66743 1.8776 2.03393
283000 1.66743 1.8776 2.03393
284000 1.66743 1.8776 2.03393
285000 1.66743 1.8776 2.03393
286000 1.66743 1.8776 2.03393
287000 1.66743 1.8776 2.03393
288000 1.66743 1.8776 2.03393
289000 1.66743 1.8776 2.03393
290000 1.66743 1.8776 2.03393
291000 1.66743 1.8776 2.03393
292000 1.66743 1.8776 2.03393
293000 1.66743 1.8776 2.03393
294000 1.66743 1.8776 2.03393
295000 1.66743 1.8776 2.03393
296000 1.66743 1.8776 2.03393
297000 1.66743 1.8776 2.03393
298000 1.66743 1.8776 2.03393
299000 1.66743 1.8776 2.03393
300000 1.66743 1.8776 2.03393
301000 1.66743 1.8776 2.03393
302000 1.66743 1.8776 2.03393
303000 1.66743 1.8776 2.03393
304000 1.66743 1.8776 2.03393
305000 1.66743 1.8776 2.03393
306000 1.66743 1.8776 2.03393
307000 1.66743 1.8776 2.03393
308000 1.66743 1.8776 2.03393
309000 1.66743 1.8776 2.03393
310000 1.66743 1.8776 2.03393
311000 1.66743 1.8776 2.03393
312000 1.66743 1.8776 2.03393
313000 1.66743 1.8776 2.03393
314000 1.66743 1.8776 2.03393
315000 1.66743 1.8776 2.03393
316000 1.66743 1.8776 2.03393
317000 1.66743 1.8776 2.03393
318000 1.66743 1.8776 2.03393
319000 1.66743 1.8776 2.03393
320000 1.66743 1.8776 2.03393
321000 1.66743 1.8776 2.03393
322000 1.66743 1.8776 2.03393
323000 1.66743 1.8776 2.03393
324000 1.66743 1.8776 2.03393
325000 1.66743 1.8776 2.03393
326000 1.66743 1.8776 2.03393
327000 1.66743 1.8776 2.03393
328000 1.66743 1.8776 2.03393
329000 1.66743 1.8776 2.03393
330000 1.66743 1.8776 2.03393
331000 1.66743 1.8776 2.03393
332000 1.66743 1.8776 2.03393
333000 1.66743 1.8776 2.03393
334000 1.66743 1.8776 2.03393
335000 1.66743 1.8776 2.03393
336000 1.66743 1.8776 2.03393
337000 1.66743 1.8776 2.03393
338000 1.66743 1.8776 2.03393
339000 1.66743 1.8776 2.03393
340000 1.66743 1.8776 2.03393
341000 1.66743 1.8776 2.03393
342000 1.66743 1.8776 2.03393
343000 1.66743 1.8776 2.03393
344000 1.66743 1.8776 2.03393
345000 1.66743 1.8776 2.03393
346000 1.66743 1.8776 2.03393
347000 1.66743 1.8776 2.03393
348000 1.66743 1.8776 2.03393
349000 1.66743 1.8776 2.03393
350000 1.66743 1.8776 2.03393
351000 1.66743 1.8776 2.03393
352000 1.66743 1.8776 2.03393
353000 1.66743 1.8776 2.03393
354000 1.66743 1.8776 2.03393
355000 1.66743 1.8776 2.03393
356000 1.66743 1.8776 2.03393
357000 1.66743 1.8776 2.03393
358000 1.66743 1.8776 2.03393
359000 1.66743 1.8776 2.03393
360000 1.66743 1.8776 2.03393
361000 1.66743 1.8776 2.03393
362000 1.66743 1.8776 2.03393
363000 1.66743 1.8776 2.03393
364000 1.66743 1.8776 2.03393
365000 1.66743 1.8776 2.03393
366000 1.66743 1.8776 2.03393
367000 1.66743 1.8776 2.03393
368000 1.66743 1.8776 2.03393
369000 1.66743 1.8776 2.03393
370000 1.66743 1.8776 2.03393
371000 1.66743 1.8776 2.03393
372000 1.66743 1.8776 2.03393
373000 1.66743 1.8776 2.03393
374000 1.66743 1.8776 2.03393
375000 1.66743 1.8776 2.03393
376000 1.66743 1.8776 2.03393
377000 1.66743 1.8776 2.03393
378000 1.66743 1.8776 2.03393
379000 1.66743 1.8776 2.03393
380000 1.66743 1.8776 2.03393
381000 1.66743 1.8776 2.03393
382000 1.66743 1.8776 2.03393
383000 1.66743 1.8776 2.03393
384000 1.66743 1.8776 2.03393
385000 1.66743 1.8776 2.03393
386000 1.66743 1.8776 2.03393
387000 1.66743 1.8776 2.03393
388000 1.66743 1.8776 2.03393
389000 1.66743 1.8776 2.03393
390000 1.66743 1.8776 2.03393
391000 1.66743 1.8776 2.03393
392000 1.66743 1.8776 2.03393
393000 1.66743 1.8776 2.03393
394000 1.66743 1.8776 2.03393
395000 1.66743 1.8776 2.03393
396000 1.66743 1.8776 2.03393
397000 1.66743 1.8776 2.03393
398000 1.66743 1.8776 2.03393
399000 1.66743 1.8776 2.03393
400000 1.66743 1.8776 2.03393
401000 1.66743 1.8776 2.03393
402000 1.66743 1.8776 2.03393
403000 1.66743 1.8776 2.03393
404000 1.66743 1.8776 2.03393
405000 1.66743 1.8776 2.03393
406000 1.66743 1.8776 2.03393
407000 1.66743 1.8776 2.03393
408000 1.66743 1.8776 2.03393
409000 1.66743 1.8776 2.03393
410000 1.66743 1.8776 2.03393
411000 1.66743 1.8776 2.03393
412000 1.66743 1.8776 2.03393
413000 1.66743 1.8776 2.03393
414000 1.66743 1.8776 2.03393
415000 1.66743 1.8776 2.03393
416000 1.66743 1.8776 2.03393
417000 1.66743 1.8776 2.03393
418000 1.66743 1.8776 2.03393
419000 1.66743 1.8776 2.03393
420000 1.66743 1.8776 2.03393
421000 1.66743 1.8776 2.03393
422000 1.66743 1.8776 2.03393
423000 1.66743 1.8776 2.03393
424000 1.66743 1.8776 2.03393
425000 1.66743 1.8776 2.03393
426000 1.66743 1.8776 2.03393
427000 1.66743 1.8776 2.03393
428000 1.66743 1.8776 2.03393
429000 1.66743 1.8776 2.03393
430000 1.66743 1.8776 2.03393
431000 1.66743 1.8776 2.03393
432000 1.66743 1.8776 2.03393
433000 1.66743 1.8776 2.03393
434000 1.66743 1.8776 2.03393
435000 1.66743 1.8776 2.03393
436000 1.66743 1.8776 2.03393
437000 1.66743 1.8776 2.03393
438000 1.66743 1.8776 2.03393
439000 1.66743 1.8776 2.03393
440000 1.66743 1.8776 2.03393
441000 1.66743 1.8776 2.03393
442000 1.66743 1.8776 2.03393
443000 1.66743 1.8776 2.03393
444000 1.66743 1.8776 2.03393
445000 1.66743 1.8776 2.03393
446000 1.66743 1.8776 2.03393
447000 1.66743 1.8776 2.03393
448000 1.66743 1.8776 2.03393
449000 1.66743 1.8776 2.03393
450000 1.66743 1.8776 2.03393
451000 1.66743 1.8776 2.03393
452000 1.66743 1.8776 2.03393
453000 1.66743 1.8776 2.03393
454000 1.66743 1.8776 2.03393
455000 1.66743 1.8776 2.03393
456000 1.66743 1.8776 2.03393
457000 1.66743 1.8776 2.03393
458000 1.66743 1.8776 2.03393
459000 1.66743 1.8776 2.03393
460000 1.66743 1.8776 2.03393
461000 1.66743 1.8776 2.03393
462000 1.66743 1.8776 2.03393
463000 1.66743 1.8776 2.03393
464000 1.66743 1.8776 2.03393
465000 1.66743 1.8776 2.03393
466000 1.66743 1.8776 2.03393
467000 1.66743 1.8776 2.03393
468000 1.66743 1.8776 2.03393
469000 1.66743 1.8776 2.03393
470000 1.66743 1.8776 2.03393
471000 1.66743 1.8776 2.03393
472000 1.66743 1.8776 2.03393
473000 1.66743 1.8776 2.03393
474000 1.66743 1.8776 2.03393
475000 1.66743 1.8776 2.03393
476000 1.66743 1.8776 2.03393
477000 1.66743 1.8776 2.03393
478000 1.66743 1.8776 2.03393
479000 1.66743 1.8776 2.03393
480000 1.66743 1.8776 2.03393
481000 1.66743 1.8776 2.03393
482000 1.66743 1.8776 2.03393
483000 1.66743 1.8776 2.03393
484000 1.66743 1.8776 2.03393
485000 1.66743 1.8776 2.03393
486000 1.66743 1.8776 2.03393
487000 1.66743 1.8776 2.03393
488000 1.66743 1.8776 2.03393
489000 1.66743 1.8776 2.03393
490000 1.66743 1.8776 2.03393
491000 1.66743 1.8776 2.03393
492000 1.66743 1.8776 2.03393
493000 1.66743 1.8776 2.03393
494000 1.66743 1.8776 2.03393
495000 1.66743 1.8776 2.03393
496000 1.66743 1.8776 2.03393
497000 1.66743 1.8776 2.03393
498000 1.66743 1.8776 2.03393
499000 1.66743 1.8776 2.03393
500000 1.66743 1.8776 2.03393
501000 1.66743 1.8776 2.03393
502000 1.66743 1.8776 2.03393
503000 1.66743 1.8776 2.03393
504000 1.66743 1.8776 2.03393
505000 1.66743 1.8776 2.03393
506000 1.66743 1.8776 2.03393
507000 1.66743 1.8776 2.03393
508000 1.66743 1.8776 2.03393
509000 1.66743 1.8776 2.03393
510000 1.66743 1.8776 2.03393
511000 1.66743 1.8776 2.03393
512000 1.66743 1.8776 2.03393
513000 1.66743 1.8776 2.03393
514000 1.66743 1.8776 2.03393
515000 1.66743 1.8776 2.03393
516000 1.66743 1.8776 2.03393
517000 1.66743 1.8776 2.03393
518000 1.66743 1.8776 2.03393
519000 1.66743 1.8776 2.03393
520000 1.66743 1.8776 2.03393
521000 1.66743 1.8776 2.03393
522000 1.66743 1.8776 2.03393
523000 1.66743 1.8776 2.03393
524000 1.66743 1.8776 2.03393
525000 1.66743 1.8776 2.03393
526000 1.66743 1.8776 2.03393
527000 1.66743 1.8776 2.03393
528000 1.66743 1.8776 2.03393
529000 1.66743 1.8776 2.03393
530000 1.66743 1.8776 2.03393
531000 1.66743 1.8776 2.03393
532000 1.66743 1.8776 2.03393
533000 1.66743 1.8776 2.03393
534000 1.66743 1.8776 2.03393
535000 1.66743 1.8776 2.03393
536000 1.66743 1.8776 2.03393
537000 1.66743 1.8776 2.03393
538000 1.66743 1.8776 2.03393
539000 1.66743 1.8776 2.03393
540000 1.66743 1.8776 2.03393
541000 1.66743 1.8776 2.03393
542000 1.66743 1.8776 2.03393
543000 1.66743 1.8776 2.03393
544000 1.66743 1.8776 2.03393
545000 1.66743 1.8776 2.03393
546000 1.66743 1.8776 2.03393
547000 1.66743 1.8776 2.03393
548000 1.66743 1.8776 2.03393
549000 1.66743 1.8776 2.03393
550000 1.66743 1.8776 2.03393
551000 1.66743 1.8776 2.03393
552000 1.66743 1.8776 2.03393
553000 1.66743 1.8776 2.03393
554000 1.66743 1.8776 2.03393
555000 1.66743 1.8776 2.03393
556000 1.66743 1.8776 2.03393
557000 1.66743 1.8776 2.03393
558000 1.66743 1.8776 2.03393
559000 1.66743 1.8776 2.03393
560000 1.66743 1.8776 2.03393
561000 1.66743 1.8776 2.03393
562000 1.66743 1.8776 2.03393
563000 1.66743 1.8776 2.03393
564000 1.66743 1.8776 2.03393
565000 1.66743 1.8776 2.03393
566000 1.66743 1.8776 2.03393
567000 1.66743 1.8776 2.03393
568000 1.66743 1.8776 2.03393
569000 1.66743 1.8776 2.03393
570000 1.66743 1.8776 2.03393
571000 1.66743 1.8776 2.03393
572000 1.66743 1.8776 2.03393
573000 1.66743 1.8776 2.03393
574000 1.66743 1.8776 2.03393
575000 1.66743 1.8776 2.03393
576000 1.66743 1.8776 2.03393
577000 1.66743 1.8776 2.03393
578000 1.66743 1.8776 2.03393
579000 1.66743 1.8776 2.03393
580000 1.66743 1.8776 2.03393
581000 1.66743 1.8776 2.03393
582000 1.66743 1.8776 2.03393
583000 1.66743 1.8776 2.03393
584000 1.66743 1.8776 2.03393
585000 1.66743 1.8776 2.03393
586000 1.66743 1.8776 2.03393
587000 1.66743 1.8776 2.03393
588000 1.66743 1.8776 2.03393
589000 1.66743 1.8776 2.03393
590000 1.66743 1.8776 2.03393
591000 1.66743 1.8776 2.03393
592000 1.66743 1.8776 2.03393
593000 1.66743 1.8776 2.03393
594000 1.66743 1.8776 2.03393
595000 1.66743 1.8776 2.03393
596000 1.66743 1.8776 2.03393
597000 1.66743 1.8776 2.03393
598000 1.66743 1.8776 2.03393
599000 1.66743 1.8776 2.03393
600000 1.66743 1.8776 2.03393
601000 1.66743 1.8776 2.03393
602000 1.66743 1.8776 2.03393
603000 1.66743 1.8776 2.03393
604000 1.66743 1.8776 2.03393
605000 1.66743 1.8776 2.03393
606000 1.66743 1.8776 2.03393
607000 1.66743 1.8776 2.03393
608000 1.66743 1.8776 2.03393
609000 1.66743 1.8776 2.03393
610000 1.66743 1.8776 2.03393
611000 1.66743 1.8776 2.03393
612000 1.66743 1.8776 2.03393
613000 1.66743 1.8776 2.03393
614000 1.66743 1.8776 2.03393
615000 1.66743 1.8776 2.03393
616000 1.66743 1.8776 2.03393
617000 1.66743 1.8776 2.03393
618000 1.66743 1.8776 2.03393
619000 1.66743 1.8776 2.03393
620000 1.66743 1.8776 2.03393
621000 1.66743 1.8776 2.03393
622000 1.66743 1.8776 2.03393
623000 1.66743 1.8776 2.03393
624000 1.66743 1.8776 2.03393
625000 1.66743 1.8776 2.03393
626000 1.66743 1.8776 2.03393
627000 1.66743 1.8776 2.03393
628000 1.66743 1.8776 2.03393
629000 1.66743 1.8776 2.03393
630000 1.66743 1.8776 2.03393
631000 1.66743 1.8776 2.03393
632000 1.66743 1.8776 2.03393
633000 1.66743 1.8776 2.03393
634000 1.66743 1.8776 2.03393
635000 1.66743 1.8776 2.03393
636000 1.66743 1.8776 2.03393
637000 1.66743 1.8776 2.03393
638000 1.66743 1.8776 2.03393
639000 1.66743 1.8776 2.03393
640000 1.66743 1.8776 2.03393
641000 1.66743 1.8776 2.03393
642000 1.66743 1.8776 2.03393
643000 1.66743 1.8776 2.03393
644000 1.66743 1.8776 2.03393
645000 1.66743 1.8776 2.03393
646000 1.66743 1.8776 2.03393
647000 1.66743 1.8776 2.03393
648000 1.66743 1.8776 2.03393
649000 1.66743 1.8776 2.03393
650000 1.66743 1.8776 2.03393
651000 1.66743 1.8776 2.03393
652000 1.66743 1.8776 2.03393
653000 1.66743 1.8776 2.03393
654000 1.66743 1.8776 2.03393
655000 1.66743 1.8776 2.03393
656000 1.66743 1.8776 2.03393
657000 1.66743 1.8776 2.03393
658000 1.66743 1.8776 2.03393
659000 1.66743 1.8776 2.03393
660000 1.66743 1.8776 2.03393
661000 1.66743 1.8776 2.03393
662000 1.66743 1.8776 2.03393
663000 1.66743 1.8776 2.03393
664000 1.66743 1.8776 2.03393
665000 1.66743 1.8776 2.03393
666000 1.66743 1.8776 2.03393
667000 1.66743 1.8776 2.03393
668000 1.66743 1.8776 2.03393
669000 1.66743 1.8776 2.03393
670000 1.66743 1.8776 2.03393
671000 1.66743 1.8776 2.03393
672000 1.66743 1.8776 2.03393
673000 1.66743 1.8776 2.03393
674000 1.66743 1.8776 2.03393
675000 1.66743 1.8776 2.03393
676000 1.66743 1.8776 2.03393
677000 1.66743 1.8776 2.03393
678000 1.66743 1.8776 2.03393
679000 1.66743 1.8776 2.03393
680000 1.66743 1.8776 2.03393
681000 1.66743 1.8776 2.03393
682000 1.66743 1.8776 2.03393
683000 1.66743 1.8776 2.03393
684000 1.66743 1.8776 2.03393
685000 1.66743 1.8776 2.03393
686000 1.66743 1.8776 2.03393
687000 1.66743 1.8776 2.03393
688000 1.66743 1.8776 2.03393
689000 1.66743 1.8776 2.03393
690000 1.66743 1.8776 2.03393
691000 1.66743 1.8776 2.03393
692000 1.66743 1.8776 2.03393
693000 1.66743 1.8776 2.03393
694000 1.66743 1.8776 2.03393
695000 1.66743 1.8776 2.03393
696000 1.66743 1.8776 2.03393
697000 1.66743 1.8776 2.03393
698000 1.66743 1.8776 2.03393
699000 1.66743 1.8776 2.03393
700000 1.66743 1.8776 2.03393
701000 1.66743 1.8776 2.03393
702000 1.66743 1.8776 2.03393
703000 1.66743 1.8776 2.03393
704000 1.66743 1.8776 2.03393
705000 1.66743 1.8776 2.03393
706000 1.66743 1.8776 2.03393
707000 1.66743 1.8776 2.03393
708000 1.66743 1.8776 2.03393
709000 1.66743 1.8776 2.03393
710000 1.66743 1.8776 2.03393
711000 1.66743 1.8776 2.03393
712000 1.66743 1.8776 2.03393
713000 1.66743 1.8776 2.03393
714000 1.66743 1.8776 2.03393
715000 1.66743 1.8776 2.03393
716000 1.66743 1.8776 2.03393
717000 1.66743 1.8776 2.03393
718000 1.66743 1.8776 2.03393
719000 1.66743 1.8776 2.03393
720000 1.66743 1.8776 2.03393
721000 1.66743 1.8776 2.03393
722000 1.66743 1.8776 2.03393
723000 1.66743 1.8776 2.03393
724000 1.66743 1.8776 2.03393
725000 1.66743 1.8776 2.03393
726000 1.66743 1.8776 2.03393
727000 1.66743 1.8776 2.03393
728000 1.66743 1.8776 2.03393
729000 1.66743 1.8776 2.03393
730000 1.66743 1.8776 2.03393
731000 1.66743 1.8776 2.03393
732000 1.66743 1.8776 2.03393
733000 1.66743 1.8776 2.03393
734000 1.66743 1.8776 2.03393
735000 1.66743 1.8776 2.03393
736000 1.66743 1.8776 2.03393
737000 1.66743 1.8776 2.03393
738000 1.66743 1.8776 2.03393
739000 1.66743 1.8776 2.03393
740000 1.66743 1.8776 2.03393
741000 1.66743 1.8776 2.03393
742000 1.66743 1.8776 2.03393
743000 1.66743 1.8776 2.03393
744000 1.66743 1.8776 2.03393
745000 1.66743 1.8776 2.03393
746000 1.66743 1.8776 2.03393
747000 1.66743 1.8776 2.03393
748000 1.66743 1.8776 2.03393
749000 1.66743 1.8776 2.03393
750000 1.66743 1.8776 2.03393
751000 1.66743 1.8776 2.03393
752000 1.66743 1.8776 2.03393
753000 1.66743 1.8776 2.03393
754000 1.66743 1.8776 2.03393
755000 1.66743 1.8776 2.03393
756000 1.66743 1.8776 2.03393
757000 1.66743 1.8776 2.03393
758000 1.66743 1.8776 2.03393
759000 1.66743 1.8776 2.03393
760000 1.66743 1.8776 2.03393
761000 1.66743 1.8776 2.03393
762000 1.66743 1.8776 2.03393
763000 1.66743 1.8776 2.03393
764000 1.66743 1.8776 2.03393
765000 1.66743 1.8776 2.03393
766000 1.66743 1.8776 2.03393
767000 1.66743 1.8776 2.03393
768000 1.66743 1.8776 2.03393
769000 1.66743 1.8776 2.03393
770000 1.66743 1.8776 2.03393
771000 1.66743 1.8776 2.03393
772000 1.66743 1.8776 2.03393
773000 1.66743 1.8776 2.03393
774000 1.66743 1.8776 2.03393
775000 1.66743 1.8776 2.03393
776000 1.66743 1.8776 2.03393
777000 1.66743 1.8776 2.03393
778000 1.66743 1.8776 2.03393
779000 1.66743 1.8776 2.03393
780000 1.66743 1.8776 2.03393
781000 1.66743 1.8776 2.03393
782000 1.66743 1.8776 2.03393
783000 1.66743 1.8776 2.03393
784000 1.66743 1.8776 2.03393
785000 1.66743 1.8776 2.03393
786000 1.66743 1.8776 2.03393
787000 1.66743 1.8776 2.03393
788000 1.66743 1.8776 2.03393
789000 1.66743 1.8776 2.03393
790000 1.66743 1.8776 2.03393
791000 1.66743 1.8776 2.03393
792000 1.66743 1.8776 2.03393
793000 1.66743 1.8776 2.03393
794000 1.66743 1.8776 2.03393
795000 1.66743 1.8776 2.03393
796000 1.66743 1.8776 2.03393
797000 1.66743 1.8776 2.03393
798000 1.66743 1.8776 2.03393
799000 1.66743 1.8776 2.03393
800000 1.66743 1.8776 2.03393
801000 1.66743 1.8776 2.03393
802000 1.66743 1.8776 2.03393
803000 1.66743 1.8776 2.03393
804000 1.66743 1.8776 2.03393
805000 1.66743 1.8776 2.03393
806000 1.66743 1.8776 2.03393
807000 1.66743 1.8776 2.03393
808000 1.66743 1.8776 2.03393
809000 1.66743 1.8776 2.03393
810000 1.66743 1.8776 2.03393
811000 1.66743 1.8776 2.03393
812000 1.66743 1.8776 2.03393
813000 1.66743 1.8776 2.03393
814000 1.66743 1.8776 2.03393
815000 1.66743 1.8776 2.03393
816000 1.66743 1.8776 2.03393
817000 1.66743 1.8776 2.03393
818000 1.66743 1.8776 2.03393
819000 1.66743 1.8776 2.03393
820000 1.66743 1.8776 2.03393
821000 1.66743 1.8776 2.03393
822000 1.66743 1.8776 2.03393
823000 1.66743 1.8776 2.03393
824000 1.66743 1.8776 2.03393
825000 1.66743 1.8776 2.03393
826000 1.66743 1.8776 2.03393
827000 1.66743 1.8776 2.03393
828000 1.66743 1.8776 2.03393
829000 1.66743 1.8776 2.03393
830000 1.66743 1.8776 2.03393
831000 1.66743 1.8776 2.03393
832000 1.66743 1.8776 2.03393
833000 1.66743 1.8776 2.03393
834000 1.66743 1.8776 2.03393
835000 1.66743 1.8776 2.03393
836000 1.66743 1.8776 2.03393
837000 1.66743 1.8776 2.03393
838000 1.66743 1.8776 2.03393
839000 1.66743 1.8776 2.03393
840000 1.66743 1.8776 2.03393
841000 1.66743 1.8776 2.03393
842000 1.66743 1.8776 2.03393
843000 1.66743 1.8776 2.03393
844000 1.66743 1.8776 2.03393
845000 1.66743 1.8776 2.03393
846000 1.66743 1.8776 2.03393
847000 1.66743 1.8776 2.03393
848000 1.66743 1.8776 2.03393
849000 1.66743 1.8776 2.03393
850000 1.66743 1.8776 2.03393
851000 1.66743 1.8776 2.03393
852000 1.66743 1.8776 2.03393
853000 1.66743 1.8776 2.03393
854000 1.66743 1.8776 2.03393
855000 1.66743 1.8776 2.03393
856000 1.66743 1.8776 2.03393
857000 1.66743 1.8776 2.03393
858000 1.66743 1.8776 2.03393
859000 1.66743 1.8776 2.03393
860000 1.66743 1.8776 2.03393
861000 1.66743 1.8776 2.03393
862000 1.66743 1.8776 2.03393
863000 1.66743 1.8776 2.03393
864000 1.66743 1.8776 2.03393
865000 1.66743 1.8776 2.03393
866000 1.66743 1.8776 2.03393
867000 1.66743 1.8776 2.03393
868000 1.66743 1.8776 2.03393
869000 1.66743 1.8776 2.03393
870000 1.66743 1.8776 2.03393
871000 1.66743 1.8776 2.03393
872000 1.66743 1.8776 2.03393
873000 1.66743 1.8776 2.03393
874000 1.66743 1.8776 2.03393
875000 1.66743 1.8776 2.03393
876000 1.66743 1.8776 2.03393
877000 1.66743 1.8776 2.03393
878000 1.66743 1.8776 2.03393
879000 1.66743 1.8776 2.03393
880000 1.66743 1.8776 2.03393
881000 1.66743 1.8776 2.03393
882000 1.66743 1.8776 2.03393
883000 1.66743 1.8776 2.03393
884000 1.66743 1.8776 2.03393
885000 1.66743 1.8776 2.03393
886000 1.66743 1.8776 2.03393
887000 1.66743 1.8776 2.03393
888000 1.66743 1.8776 2.03393
889000 1.66743 1.8776 2.03393
890000 1.66743 1.8776 2.03393
891000 1.66743 1.8776 2.03393
892000 1.66743 1.8776 2.03393
893000 1.66743 1.8776 2.03393
894000 1.66743 1.8776 2.03393
895000 1.66743 1.8776 2.03393
896000 1.66743 1.8776 2.03393
897000 1.66743 1.8776 2.03393
898000 1.66743 1.8776 2.03393
899000 1.66743 1.8776 2.03393
900000 1.66743 1.8776 2.03393
901000 1.66743 1.8776 2.03393
902000 1.66743 1.8776 2.03393
903000 1.66743 1.8776 2.03393
904000 1.66743 1.8776 2.03393
905000 1.66743 1.8776 2.03393
906000 1.66743 1.8776 2.03393
907000 1.66743 1.8776 2.03393
908000 1.66743 1.8776 2.03393
909000 1.66743 1.8776 2.03393
910000 1.66743 1.8776 2.03393
911000 1.66743 1.8776 2.03393
912000 1.66743 1.8776 2.03393
913000 1.66743 1.8776 2.03393
914000 1.66743 1.8776 2.03393
915000 1.66743 1.8776 2.03393
916000 1.66743 1.8776 2.03393
917000 1.66743 1.8776 2.03393
918000 1.66743 1.8776 2.03393
919000 1.66743 1.8776 2.03393
920000 1.66743 1.8776 2.03393
921000 1.66743 1.8776 2.03393
922000 1.66743 1.8776 2.03393
923000 1.66743 1.8776 2.03393
924000 1.66743 1.8776 2.03393
925000 1.66743 1.8776 2.03393
926000 1.66743 1.8776 2.03393
927000 1.66743 1.8776 2.03393
928000 1.66743 1.8776 2.03393
929000 1.66743 1.8776 2.03393
930000 1.66743 1.8776 2.03393
931000 1.66743 1.8776 2.03393
932000 1.66743 1.8776 2.03393
933000 1.66743 1.8776 2.03393
934000 1.66743 1.8776 2.03393
935000 1.66743 1.8776 2.03393
936000 1.66743 1.8776 2.03393
937000 1.66743 1.8776 2.03393
938000 1.66743 1.8776 2.03393
939000 1.66743 1.8776 2.03393
940000 1.66743 1.8776 2.03393
941000 1.66743 1.8776 2.03393
942000 1.66743 1.8776 2.03393
943000 1.66743 1.8776 2.03393
944000 1.66743 1.8776 2.03393
945000 1.66743 1.8776 2.03393
946000 1.66743 1.8776 2.03393
947000 1.66743 1.8776 2.03393
948000 1.66743 1.8776 2.03393
949000 1.66743 1.8776 2.03393
950000 1.66743 1.8776 2.03393
951000 1.66743 1.8776 2.03393
952000 1.66743 1.8776 2.03393
953000 1.66743 1.8776 2.03393
954000 1.66743 1.8776 2.03393
955000 1.66743 1.8776 2.03393
956000 1.66743 1.8776 2.03393
957000 1.66743 1.8776 2.03393
958000 1.66743 1.8776 2.03393
959000 1.66743 1.8776 2.03393
960000 1.66743 1.8776 2.03393
961000 1.66743 1.8776 2.03393
962000 1.66743 1.8776 2.03393
963000 1.66743 1.8776 2.03393
964000 1.66743 1.8776 2.03393
965000 1.66743 1.8776 2.03393
966000 1.66743 1.8776 2.03393
967000 1.66743 1.8776 2.03393
968000 1.66743 1.8776 2.03393
969000 1.66743 1.8776 2.03393
970000 1.66743 1.8776 2.03393
971000 1.66743 1.8776 2.03393
972000 1.66743 1.8776 2.03393
973000 1.66743 1.8776 2.03393
974000 1.66743 1.8776 2.03393
975000 1.66743 1.8776 2.03393
976000 1.66743 1.8776 2.03393
977000 1.66743 1.8776 2.03393
978000 1.66743 1.8776 2.03393
979000 1.66743 1.8776 2.03393
980000 1.66743 1.8776 2.03393
981000 1.66743 1.8776 2.03393
982000 1.66743 1.8776 2.03393
983000 1.66743 1.8776 2.03393
984000 1.66743 1.8776 2.03393
985000 1.66743 1.8776 2.03393
986000 1.66743 1.8776 2.03393
987000 1.66743 1.8776 2.03393
988000 1.66743 1.8776 2.03393
989000 1.66743 1.8776 2.03393
990000 1.66743 1.8776 2.03393
991000 1.66743 1.8776 2.03393
992000 1.66743 1.8776 2.03393
993000 1.66743 1.8776 2.03393
994000 1.66743 1.8776 2.03393
995000 1.66743 1.8776 2.03393
996000 1.66743 1.8776 2.03393
997000 1.66743 1.8776 2.03393
998000 1.66743 1.8776 2.03393
999000 1.66743 1.8776 2.03393
1000000 1.66743 1.8776 2.03393
