# Time-averaged data for fix avgcoord
# TimeStep c_ac50 c_ac75 c_ac100 c_ac125
1000 0 0 1.2 7.72
2000 0 0 1.8 7.8
3000 0 0 2.08 8
4000 0 0 1.96 8.16
5000 0 0 1.88 8.32
6000 0 0 1.92 8.32
7000 0 0 2.24 8.48
8000 0 0 1.84 8.32
9000 0 0 2.48 8.4
10000 0 0 2.08 8.16
11000 0 0 2.32 8.56
12000 0 0 2.16 8.32
13000 0 0 2.08 8.4
14000 0 0 2.16 8.48
15000 0 0 1.8 8.4
16000 0 0 2.08 8.44
17000 0 0 1.76 8.52
18000 0 0 2.24 8.44
19000 0 0 2.2 8.52
20000 0 0 2.04 8.44
21000 0 0 2.36 8.6
22000 0 0 2.44 8.44
23000 0 0 1.84 8.48
24000 0 0 2.2 8.48
25000 0 0 2.24 8.44
26000 0 0 2.28 8.56
27000 0 0 2 8.52
28000 0 0 2.04 8.44
29000 0 0 1.76 8.48
30000 0 0 2.24 8.52
31000 0 0 2.36 8.6
32000 0 0 2.24 8.52
33000 0 0 2.28 8.56
34000 0 0 1.96 8.48
35000 0 0 2.32 8.6
36000 0 0 1.8 8.44
37000 0 0 2.32 8.52
38000 0 0 2.32 8.4
39000 0 0 2.24 8.56
40000 0 0 2.12 8.56
41000 0 0 1.76 8.68
42000 0 0 2.2 8.6
43000 0 0 2.44 8.56
44000 0 0 1.96 8.64
45000 0 0 2.16 8.56
46000 0 0 2.28 8.52
47000 0 0 1.96 8.56
48000 0 0 2.08 8.48
49000 0 0 2.32 8.6
50000 0 0 1.84 8.56
51000 0 0 2.36 8.6
52000 0 0 2.04 8.76
53000 0 0 2.52 8.72
54000 0 0 2.4 8.68
55000 0 0 2.4 8.6
56000 0 0 2.2 8.76
57000 0 0 2.16 8.76
58000 0 0 1.8 8.72
59000 0 0 1.96 8.76
60000 0 0 2.2 8.6
61000 0 0 2.08 8.52
62000 0 0 1.64 8.6
63000 0 0 2.2 8.64
64000 0 0 2 8.56
65000 0 0 2.12 8.48
66000 0 0 2.32 8.6
67000 0 0 2.32 8.48
68000 0 0 2.2 8.48
69000 0 0 1.96 8.52
70000 0 0 2.08 8.6
71000 0 0 1.84 8.72
72000 0 0 2.12 8.68
73000 0 0 1.8 8.6
74000 0 0 2.04 8.6
75000 0 0 2.16 8.56
76000 0 0 2.04 8.64
77000 0 0 2.36 8.44
78000 0 0 1.84 8.44
79000 0 0 2.12 8.52
80000 0 0 1.96 8.6
81000 0 0 2.16 8.56
82000 0 0 2.64 8.4
83000 0 0 2.12 8.52
84000 0 0 2.08 8.56
85000 0 0 1.84 8.64
86000 0 0 1.96 8.68
87000 0 0 1.76 8.52
88000 0 0 1.72 8.6
89000 0 0 2.12 8.64
90000 0 0 1.84 8.76
91000 0 0 2.08 8.84
92000 0 0 1.84 8.84
93000 0 0 2.36 8.56
94000 0 0 2.28 8.72
95000 0 0 2.16 8.56
96000 0 0 1.88 8.64
97000 0 0 2.4 8.56
98000 0 0 1.68 8.84
99000 0 0 2.24 8.52
100000 0 0 1.96 8.68
101000 0 0 1.72 8.8
102000 0 0 1.84 8.72
103000 0 0 1.84 8.56
104000 0 0 1.8 8.68
105000 0 0 2.08 8.52
106000 0 0 1.96 8.6
107000 0 0 2.32 8.56
108000 0 0 2 8.72
109000 0 0 2.32 8.72
110000 0 0 2.2 8.68
111000 0 0 2 8.76
112000 0 0 2.16 8.72
113000 0 0 2.56 8.68
114000 0 0 2.2 8.72
115000 0 0 2.12 8.68
116000 0 0 2.48 8.52
117000 0 0 1.88 8.8
118000 0 0 1.76 8.72
119000 0 0 2.36 8.52
120000 0 0 2 8.56
121000 0 0 2.24 8.64
122000 0 0 2.12 8.56
123000 0 0 2.04 8.8
124000 0 0 1.96 8.6
125000 0 0 2.08 8.6
126000 0 0 2.16 8.68
127000 0 0 2.32 8.6
128000 0 0 2.4 8.68
129000 0 0 2.24 8.6
130000 0 0 2.36 8.72
131000 0 0 2.36 8.64
132000 0 0 2.76 8.6
133000 0 0 1.96 8.68
134000 0 0 2.28 8.68
135000 0 0 2.12 8.64
136000 0 0 2 8.56
137000 0 0 1.92 8.72
138000 0 0 2.24 8.72
139000 0 0 1.96 8.6
140000 0 0 2.24 8.76
141000 0 0 2.48 8.52
142000 0 0 2.36 8.56
143000 0 0 2.12 8.8
144000 0 0 2.08 8.84
145000 0 0 2.72 8.72
146000 0 0 2.68 8.68
147000 0 0 2.16 8.64
148000 0 0 2.6 8.64
149000 0 0 2.04 8.8
150000 0 0 1.96 8.68
151000 0 0 2.2 8.84
152000 0 0 2.68 8.8
153000 0 0 2.28 8.88
154000 0 0 2.4 8.76
155000 0 0 2.4 8.68
156000 0 0 2.64 8.64
157000 0 0 1.88 8.88
158000 0 0 2.4 8.64
159000 0 0 2.2 8.68
160000 0 0 2.12 8.68
161000 0 0 2.44 8.84
162000 0 0 2.28 8.72
163000 0 0 2.4 8.76
164000 0 0 2.24 8.6
165000 0 0 2.2 8.6
166000 0 0 2.12 8.56
167000 0 0 1.84 8.8
168000 0 0 2.48 8.84
169000 0 0 2.28 8.68
170000 0 0 2.24 8.6
171000 0 0 2.16 8.76
172000 0 0 2.88 8.6
173000 0 0 2.08 8.72
174000 0 0 2.08 8.48
175000 0 0 2.36 8.8
176000 0 0 2.08 8.56
177000 0 0 2.6 8.56
178000 0 0 2.24 8.64
179000 0 0 2.04 8.64
180000 0 0 2.04 8.72
181000 0 0 2.12 8.68
182000 0 0 2.16 8.68
183000 0 0 1.92 8.84
184000 0 0 2.08 8.76
185000 0 0 2.12 8.68
186000 0 0 2.24 8.56
187000 0 0 1.96 8.64
188000 0 0 2.6 8.56
189000 0 0 2.36 8.68
190000 0 0 2.48 8.56
191000 0 0 2.16 8.56
192000 0 0 2.12 8.68
193000 0 0 2.08 8.56
194000 0 0 2.68 8.64
195000 0 0 2.16 8.68
196000 0 0 2.16 8.68
197000 0 0 2.24 8.76
198000 0 0 2.44 8.64
199000 0 0 2 8.52
200000 0 0 2.24 8.52
201000 0 0 2.48 8.72
202000 0 0 2.24 8.6
203000 0 0 2.28 8.64
204000 0 0 2.48 8.68
205000 0 0 2.28 8.4
206000 0 0 2.12 8.72
207000 0 0 2.16 8.64
208000 0 0 2.12 8.6
209000 0 0 2.56 8.68
210000 0 0 2.72 8.72
211000 0 0 2.32 8.72
212000 0 0 2.2 8.8
213000 0 0 2.16 8.72
214000 0 0 2.24 8.52
215000 0 0 2.36 8.72
216000 0 0 2.32 8.56
217000 0 0 2.28 8.68
218000 0 0 2.24 8.68
219000 0 0 2.24 8.64
220000 0 0 2.48 8.6
221000 0 0 2.28 8.8
222000 0 0 2.16 8.6
223000 0 0 2.12 8.72
224000 0 0 2.48 8.64
225000 0 0 2.88 8.64
226000 0 0 2.24 8.72
227000 0 0 2.04 8.6
228000 0 0 2.08 8.72
229000 0 0 2.48 8.64
230000 0 0 2.28 8.56
231000 0 0 2.44 8.64
232000 0 0 2.4 8.68
233000 0 0 2.24 8.68
234000 0 0 2.32 8.68
235000 0 0 2.72 8.64
236000 0 0 2.4 8.56
237000 0 0 2.16 8.64
238000 0 0 2.28 8.72
239000 0 0 2.4 8.68
240000 0 0 2 8.72
241000 0 0 2.48 8.56
242000 0 0 1.96 8.72
243000 0 0 2.32 8.48
244000 0 0 2.36 8.76
245000 0 0 2.2 8.8
246000 0 0 2.44 8.76
247000 0 0 2.36 8.88
248000 0 0 2.56 8.76
249000 0 0 2.32 8.8
250000 0 0 2.12 8.72
251000 0 0 2.4 8.64
252000 0 0 2.12 8.72
253000 0 0 2.04 8.56
254000 0 0 2.16 8.72
255000 0 0 2.04 8.76
256000 0 0 2.28 8.72
257000 0 0 2.24 8.84
258000 0 0 2.64 8.68
259000 0 0 2.2 8.68
260000 0 0 2.56 8.64
261000 0 0 2.44 8.68
262000 0 0 2.6 8.68
263000 0 0 2.36 8.76
264000 0 0 2.6 8.72
265000 0 0 2.32 8.72
266000 0 0 2 8.76
267000 0 0 2.12 8.72
268000 0 0 2.76 8.56
269000 0 0 2.36 8.68
270000 0 0 2.36 8.76
271000 0 0 2.32 8.68
272000 0 0 2.12 8.56
273000 0 0 2.36 8.72
274000 0 0 2.24 8.64
275000 0 0 2.36 8.68
276000 0 0 2.4 8.72
277000 0 0 2.16 8.8
278000 0 0 2.4 8.8
279000 0 0 1.88 8.76
280000 0 0 2.16 8.84
281000 0 0 2.16 8.64
282000 0 0 2.44 8.76
283000 0 0 2.08 8.84
284000 0 0 2.16 8.72
285000 0 0 2.08 8.8
286000 0 0 2.64 8.68
287000 0 0 2.6 8.72
288000 0 0 2.2 8.76
289000 0 0 2.36 8.84
290000 0 0 2.6 8.76
291000 0 0 2.2 8.8
292000 0 0 2.12 8.68
293000 0 0 2 8.8
294000 0 0 1.88 8.68
295000 0 0 2.4 8.6
296000 0 0 2.48 8.64
297000 0 0 1.92 8.8
298000 0 0 2 8.64
299000 0 0 2.44 8.8
300000 0 0 2.36 8.76
301000 0 0 2.24 8.84
302000 0 0 2.24 8.64
303000 0 0 2.36 8.76
304000 0 0 2.48 8.72
305000 0 0 1.96 8.76
306000 0 0 2.08 8.72
307000 0 0 2.16 8.8
308000 0 0 2.68 8.72
309000 0 0 2.4 8.8
310000 0 0 2.6 8.84
311000 0 0 2.48 8.88
312000 0 0 2.36 8.8
313000 0 0 2.6 8.68
314000 0 0 2.28 8.64
315000 0 0 2.24 8.72
316000 0 0 1.76 8.72
317000 0 0 1.96 8.72
318000 0 0 1.8 8.8
319000 0 0 2 8.76
320000 0 0 2.32 8.52
321000 0 0 2.2 8.8
322000 0 0 2.2 8.84
323000 0 0 2.2 8.84
324000 0 0 2.32 8.68
325000 0 0 2.44 8.6
326000 0 0 2.28 8.84
327000 0 0 2.32 8.68
328000 0 0 2.12 8.76
329000 0 0 2.44 8.72
330000 0 0 2.16 8.88
331000 0 0 2.56 8.72
332000 0 0 2.12 8.92
333000 0 0 2.2 8.6
334000 0 0 2.28 8.8
335000 0 0 2.48 8.72
336000 0 0 2.44 8.68
337000 0 0 2.32 8.8
338000 0 0 2.08 8.72
339000 0 0 2.24 8.76
340000 0 0 2.32 8.76
341000 0 0 2.16 8.72
342000 0 0 2.56 8.72
343000 0 0 2.16 8.8
344000 0 0 2.4 8.84
345000 0 0 2.12 8.76
346000 0 0 2.36 8.72
347000 0 0 2.2 8.88
348000 0 0 1.96 8.92
349000 0 0 2.6 8.68
350000 0 0 2.2 8.8
351000 0 0 1.72 8.8
352000 0 0 1.96 8.92
353000 0 0 2.2 8.76
354000 0 0 2.12 8.8
355000 0 0 2.52 8.68
356000 0 0 2.28 8.8
357000 0 0 2.32 8.6
358000 0 0 1.76 8.96
359000 0 0 1.76 8.8
360000 0 0 2.08 8.64
361000 0 0 1.88 8.76
362000 0 0 2.44 8.84
363000 0 0 2.72 8.72
364000 0 0 2.24 8.68
365000 0 0 2.2 8.64
366000 0 0 2.36 8.84
367000 0 0 2.04 8.76
368000 0 0 2.24 8.56
369000 0 0 2.04 8.68
370000 0 0 2.32 8.8
371000 0 0 1.76 8.84
372000 0 0 1.84 8.64
373000 0 0 2.6 8.84
374000 0 0 2.2 8.88
375000 0 0 2.4 8.8
376000 0 0 2.48 8.76
377000 0 0 2.6 8.84
378000 0 0 1.88 8.76
379000 0 0 2.16 8.72
380000 0 0 2.4 8.88
381000 0 0 2.4 8.72
382000 0 0 2.16 8.56
383000 0 0 1.92 8.64
384000 0 0 2.36 8.72
385000 0 0 2.28 8.76
386000 0 0 2.04 8.64
387000 0 0 1.88 8.72
388000 0 0 1.8 8.8
389000 0 0 2.24 8.64
390000 0 0 1.96 8.76
391000 0 0 2.2 8.76
392000 0 0 2.32 8.76
393000 0 0 2.08 8.8
394000 0 0 2.32 8.76
395000 0 0 1.96 8.84
396000 0 0 2.32 8.84
397000 0 0 2.44 8.8
398000 0 0 2.4 8.68
399000 0 0 2.52 8.68
400000 0 0 2.24 8.76
401000 0 0 2.56 8.68
402000 0 0 2.64 8.88
403000 0 0 1.96 8.84
404000 0 0 2 8.68
405000 0 0 1.88 8.88
406000 0 0 2.2 8.76
407000 0 0 2.32 8.56
408000 0 0 2.12 8.88
409000 0 0 2.24 8.52
410000 0 0 1.92 8.68
411000 0 0 2.2 8.6
412000 0 0 2.2 8.48
413000 0 0 2.48 8.64
414000 0 0 2.52 8.6
415000 0 0 2.2 8.76
416000 0 0 2.28 8.72
417000 0 0 2.08 8.68
418000 0 0 2.12 8.76
419000 0 0 2.28 8.76
420000 0 0 2.24 8.64
421000 0 0 2.44 8.72
422000 0 0 2.32 8.8
423000 0 0 2.36 8.68
424000 0 0 2.08 8.68
425000 0 0 2.32 8.6
426000 0 0 2.4 8.64
427000 0 0 2.24 8.68
428000 0 0 2.28 8.8
429000 0 0 2.16 8.72
430000 0 0 2.12 8.8
431000 0 0 1.96 8.8
432000 0 0 2.08 8.72
433000 0 0 2.36 8.76
434000 0 0 2.2 8.8
435000 0 0 2.52 8.6
436000 0 0 2.36 8.76
437000 0 0 2.08 8.8
438000 0 0 2.64 8.56
439000 0 0 2.28 8.68
440000 0 0 2.4 8.72
441000 0 0 2.04 8.8
442000 0 0 2.52 8.72
443000 0 0 2.48 8.6
444000 0 0 2.36 8.8
445000 0 0 2.88 8.56
446000 0 0 2.4 8.76
447000 0 0 2.4 8.84
448000 0 0 2.24 8.72
449000 0 0 2.36 8.72
450000 0 0 2.6 8.8
451000 0 0 2 8.84
452000 0 0 2.44 8.8
453000 0 0 2.2 8.8
454000 0 0 1.92 8.6
455000 0 0 1.92 8.68
456000 0 0 2.2 8.64
457000 0 0 2.16 8.8
458000 0 0 1.96 8.72
459000 0 0 2.2 8.6
460000 0 0 2.56 8.72
461000 0 0 2.2 8.72
462000 0 0 2.08 8.88
463000 0 0 1.88 8.8
464000 0 0 2 8.68
465000 0 0 2.04 8.76
466000 0 0 2 8.8
467000 0 0 2.52 8.68
468000 0 0 1.92 8.72
469000 0 0 2.44 8.72
470000 0 0 2.24 8.88
471000 0 0 2.32 8.76
472000 0 0 2.44 8.64
473000 0 0 2.52 8.76
474000 0 0 2.44 8.96
475000 0 0 2.64 8.68
476000 0 0 2.6 8.64
477000 0 0 2.56 8.64
478000 0 0 2.2 8.84
479000 0 0 2.36 8.88
480000 0 0 2.28 8.88
481000 0 0 2.2 8.88
482000 0 0 2.4 8.8
483000 0 0 2.36 8.84
484000 0 0 2.2 8.88
485000 0 0 2.52 8.76
486000 0 0 2.72 8.88
487000 0 0 2.36 8.88
488000 0 0 2.28 8.84
489000 0 0 1.92 8.88
490000 0 0 2.32 8.8
491000 0 0 2.28 8.84
492000 0 0 2.32 8.8
493000 0 0 2.48 9
494000 0 0 2.56 8.84
495000 0 0 2.04 8.88
496000 0 0 2.92 8.64
497000 0 0 2.48 8.72
498000 0 0 2.28 8.88
499000 0 0 2.2 8.76
500000 0 0 2.24 8.92
501000 0 0 2.44 8.96
502000 0 0 2.24 8.92
503000 0 0 2.36 8.76
504000 0 0 2.36 8.76
505000 0 0 2.24 8.88
506000 0 0 2.48 8.76
507000 0 0 2.32 8.84
508000 0 0 2.64 8.88
509000 0 0 2.64 8.8
510000 0 0 2.32 8.84
511000 0 0 2.12 8.84
512000 0 0 2.04 8.84
513000 0 0 2.52 8.88
514000 0 0 2.28 8.8
515000 0 0 2.48 8.8
516000 0 0 2.72 8.84
517000 0 0 2.6 8.84
518000 0 0 1.76 8.76
519000 0 0 2.24 8.76
520000 0 0 2.44 8.8
521000 0 0 2.2 8.84
522000 0 0 2.24 8.96
523000 0 0 2.76 8.76
524000 0 0 2.48 8.72
525000 0 0 2.28 8.84
526000 0 0 2.28 8.88
527000 0 0 2.4 8.72
528000 0 0 2.8 8.96
529000 0 0 2.4 8.8
530000 0 0 2.08 8.96
531000 0 0 2.32 8.92
532000 0 0 1.92 8.88
533000 0 0 2.44 8.8
534000 0 0 2.16 8.8
535000 0 0 2.12 8.88
536000 0 0 2.36 8.88
537000 0 0 2.32 8.8
538000 0 0 2.56 8.8
539000 0 0 2.4 8.76
540000 0 0 2.52 8.84
541000 0 0 2.32 8.88
542000 0 0 2.08 8.88
543000 0 0 2.28 8.88
544000 0 0 2.52 8.68
545000 0 0 2.48 8.8
546000 0 0 2.48 8.92
547000 0 0 2.52 8.96
548000 0 0 2.48 8.84
549000 0 0 2.68 8.76
550000 0 0 2.08 9
551000 0 0 2.32 8.92
552000 0 0 2.68 8.8
553000 0 0 1.92 8.92
554000 0 0 2.36 8.88
555000 0 0 2.16 8.88
556000 0 0 2.28 8.84
557000 0 0 2.24 8.84
558000 0 0 2.16 8.88
559000 0 0 2.48 8.96
560000 0 0 2.12 8.92
561000 0 0 2.4 8.92
562000 0 0 2.32 8.92
563000 0 0 2.2 8.88
564000 0 0 2.52 9
565000 0 0 2.04 8.8
566000 0 0 2.28 8.96
567000 0 0 2.32 8.76
568000 0 0 2.84 8.92
569000 0 0 2.52 8.8
570000 0 0 2.72 8.68
571000 0 0 2.24 8.96
572000 0 0 2.24 8.96
573000 0 0 1.88 8.92
574000 0 0 2.16 8.96
575000 0 0 2.56 8.8
576000 0 0 2.4 8.8
577000 0 0 2.28 8.84
578000 0 0 2.44 8.88
579000 0 0 2.48 8.88
580000 0 0 2.16 8.88
581000 0 0 2.24 9.04
582000 0 0 2.44 8.84
583000 0 0 2.56 8.88
584000 0 0 2.44 8.92
585000 0 0 2.72 8.68
586000 0 0 2.44 8.8
587000 0 0 2.16 8.76
588000 0 0 2.44 8.76
589000 0 0 2.16 8.84
590000 0 0 2.08 8.8
591000 0 0 2.16 8.96
592000 0 0 1.92 8.64
593000 0 0 2.28 8.72
594000 0 0 2.36 8.76
595000 0 0 2.44 8.72
596000 0 0 2.8 8.84
597000 0 0 2.4 8.64
598000 0 0 2.2 8.64
599000 0 0 2.44 8.8
600000 0 0 2.72 8.76
601000 0 0 1.6 8.92
602000 0 0 1.8 8.88
603000 0 0 2 8.88
604000 0 0 2.32 8.88
605000 0 0 2.04 9.04
606000 0 0 1.96 8.84
607000 0 0 2 9
608000 0 0 2.24 8.92
609000 0 0 2.08 8.8
610000 0 0 2.08 8.88
611000 0 0 2.6 8.88
612000 0 0 2.32 8.84
613000 0 0 2.04 8.92
614000 0 0 2.36 8.8
615000 0 0 2.28 8.84
616000 0 0 2.8 8.84
617000 0 0 2.4 8.96
618000 0 0 2.04 8.76
619000 0 0 2.24 8.96
620000 0 0 2.48 8.92
621000 0 0 1.92 8.88
622000 0 0 2.28 8.84
623000 0 0 2.44 8.84
624000 0 0 2.28 8.72
625000 0 0 2.16 8.92
626000 0 0 2.16 8.96
627000 0 0 2.52 8.96
628000 0 0 2.32 9
629000 0 0 1.8 9
630000 0 0 2.2 8.84
631000 0 0 2.12 8.68
632000 0 0 2.28 8.84
633000 0 0 2.4 8.84
634000 0 0 2.16 8.68
635000 0 0 2.76 8.76
636000 0 0 2.24 8.84
637000 0 0 2.32 8.8
638000 0 0 2.2 9.04
639000 0 0 1.84 9
640000 0 0 2.44 8.8
641000 0 0 2.84 8.84
642000 0 0 2.08 8.88
643000 0 0 2.2 8.8
644000 0 0 2.64 8.76
645000 0 0 2.52 8.76
646000 0 0 2.64 8.8
647000 0 0 2.08 8.76
648000 0 0 2.44 8.76
649000 0 0 2.36 8.64
650000 0 0 2.32 8.76
651000 0 0 2.16 8.6
652000 0 0 2.72 8.76
653000 0 0 1.84 8.72
654000 0 0 2.44 8.72
655000 0 0 2.68 8.8
656000 0 0 2.36 8.76
657000 0 0 2.32 8.6
658000 0 0 2.24 8.72
659000 0 0 2.32 8.76
660000 0 0 2.56 8.76
661000 0 0 2.76 8.64
662000 0 0 2.56 8.68
663000 0 0 2.12 8.88
664000 0 0 2.52 8.68
665000 0 0 2.2 8.84
666000 0 0 2.2 8.72
667000 0 0 2.36 8.84
668000 0 0 2.12 8.84
669000 0 0 2.56 8.84
670000 0 0 2.32 8.72
671000 0 0 2.36 8.76
672000 0 0 2.32 8.6
673000 0 0 2.32 8.76
674000 0 0 2.2 8.8
675000 0 0 2.2 8.76
676000 0 0 1.92 8.76
677000 0 0 2.44 8.8
678000 0 0 2.52 8.64
679000 0 0 2.28 8.84
680000 0 0 2.28 8.72
681000 0 0 2.36 8.84
682000 0 0 2.52 8.76
683000 0 0 2.68 8.76
684000 0 0 2.36 8.68
685000 0 0 2.36 8.6
686000 0 0 2.44 8.76
687000 0 0 2.36 8.68
688000 0 0 2.64 8.64
689000 0 0 1.92 8.72
690000 0 0 2.32 8.64
691000 0 0 2.52 8.64
692000 0 0 2.28 8.68
693000 0 0 2.32 8.76
694000 0 0 2.32 8.68
695000 0 0 2.4 8.52
696000 0 0 2.04 8.72
697000 0 0 2.12 8.84
698000 0 0 2.24 8.72
699000 0 0 1.8 8.92
700000 0 0 2 8.76
701000 0 0 1.84 8.8
702000 0 0 2.08 8.88
703000 0 0 2.2 8.8
704000 0 0 2.2 8.72
705000 0 0 2.68 8.64
706000 0 0 2.12 8.76
707000 0 0 2.36 8.84
708000 0 0 2.32 8.88
709000 0 0 2.08 8.8
710000 0 0 2.08 8.64
711000 0 0 2.8 8.64
712000 0 0 2.24 8.72
713000 0 0 2.56 8.76
714000 0 0 2.48 8.8
715000 0 0 2.2 8.64
716000 0 0 2.6 8.8
717000 0 0 2.32 8.84
718000 0 0 2.28 8.84
719000 0 0 2.36 8.88
720000 0 0 2.28 8.76
721000 0 0 2.56 8.72
722000 0 0 2.2 8.8
723000 0 0 2.32 8.76
724000 0 0 2.8 8.8
725000 0 0 2.2 8.8
726000 0 0 2.28 8.92
727000 0 0 2.48 8.76
728000 0 0 2.16 8.88
729000 0 0 2.2 8.72
730000 0 0 2.64 8.84
731000 0 0 2.48 8.64
732000 0 0 2.48 8.72
733000 0 0 2.68 8.68
734000 0 0 2.52 8.8
735000 0 0 2.44 8.88
736000 0 0 2.28 8.76
737000 0 0 2.4 8.84
738000 0 0 2.52 8.72
739000 0 0 2.88 8.84
740000 0 0 3 8.68
741000 0 0 2.12 8.84
742000 0 0 2.56 8.72
743000 0 0 2.32 8.72
744000 0 0 2.6 8.6
745000 0 0 2.2 8.8
746000 0 0 2.52 8.8
747000 0 0 2.24 8.8
748000 0 0 2.48 8.84
749000 0 0 2.44 8.84
750000 0 0 2.36 8.8
751000 0 0 2.08 8.72
752000 0 0 2.8 8.76
753000 0 0 2.16 8.8
754000 0 0 2.48 8.68
755000 0 0 2.16 8.76
756000 0 0 2.72 8.8
757000 0 0 2.2 8.72
758000 0 0 2.6 8.64
759000 0 0 2.4 8.8
760000 0 0 2.2 8.8
761000 0 0 2.08 8.8
762000 0 0 2.16 8.64
763000 0 0 2.12 8.88
764000 0 0 2.32 8.68
765000 0 0 2.52 8.76
766000 0 0 2.36 8.76
767000 0 0 2.72 8.88
768000 0 0 2.36 9
769000 0 0 1.88 8.84
770000 0 0 2.56 8.88
771000 0 0 2.44 8.88
772000 0 0 2.08 9
773000 0 0 2.4 8.64
774000 0 0 2.4 8.76
775000 0 0 1.8 8.84
776000 0 0 2.88 8.8
777000 0 0 2.4 8.92
778000 0 0 2.52 8.92
779000 0 0 2.32 8.92
780000 0 0 2.04 8.92
781000 0 0 2.2 8.88
782000 0 0 2.48 8.92
783000 0 0 2.48 9
784000 0 0 2.36 8.88
785000 0 0 2.4 8.88
786000 0 0 2.44 8.92
787000 0 0 2.48 8.68
788000 0 0 2.36 8.68
789000 0 0 2.16 8.76
790000 0 0 2 8.76
791000 0 0 2.2 8.88
792000 0 0 2.48 8.8
793000 0 0 2.16 8.84
794000 0 0 2.48 8.84
795000 0 0 2.68 8.84
796000 0 0 2.32 8.68
797000 0 0 2.16 8.88
798000 0 0 2.36 8.96
799000 0 0 2.32 8.92
800000 0 0 2.16 9.08
801000 0 0 2.28 8.92
802000 0 0 1.92 8.84
803000 0 0 2.56 8.8
804000 0 0 2.64 8.88
805000 0 0 2.16 8.8
806000 0 0 2.24 8.88
807000 0 0 2.68 8.88
808000 0 0 2.52 8.92
809000 0 0 2.68 9
810000 0 0 2.8 8.76
811000 0 0 2.4 8.88
812000 0 0 2.24 8.84
813000 0 0 2.68 8.92
814000 0 0 2.2 8.72
815000 0 0 2.52 8.92
816000 0 0 2.84 8.88
817000 0 0 2.52 8.92
818000 0 0 2.4 8.84
819000 0 0 2.6 8.84
820000 0 0 2.08 8.8
821000 0 0 2.64 8.88
822000 0 0 1.92 8.96
823000 0 0 2.4 8.8
824000 0 0 2.44 8.92
825000 0 0 2.72 8.84
826000 0 0 1.92 8.64
827000 0 0 2.72 8.8
828000 0 0 1.92 8.92
829000 0 0 2.32 8.92
830000 0 0 2.4 8.8
831000 0 0 2.4 8.68
832000 0 0 2.32 8.68
833000 0 0 2.28 8.68
834000 0 0 2.56 8.64
835000 0 0 2.28 8.84
836000 0 0 2.24 8.76
837000 0 0 2.2 8.84
838000 0 0 2.28 8.88
839000 0 0 2.24 8.76
840000 0 0 2.56 8.76
841000 0 0 2.32 8.88
842000 0 0 2.28 8.92
843000 0 0 2.56 8.88
844000 0 0 2.36 8.84
845000 0 0 2.08 8.84
846000 0 0 2.8 8.72
847000 0 0 2.64 8.76
848000 0 0 2.48 8.68
849000 0 0 2.2 8.84
850000 0 0 2.2 8.68
851000 0 0 2.2 8.92
852000 0 0 1.88 8.72
853000 0 0 2.28 8.88
854000 0 0 1.92 8.64
855000 0 0 2.4 8.72
856000 0 0 2.6 8.76
857000 0 0 2.48 8.72
858000 0 0 1.96 8.72
859000 0 0 2.8 8.8
860000 0 0 2.48 8.8
861000 0 0 2.24 8.92
862000 0 0 1.92 8.8
863000 0 0 2.28 8.88
864000 0 0 1.76 8.76
865000 0 0 2.32 8.92
866000 0 0 2.4 8.76
867000 0 0 2.76 8.76
868000 0 0 2.6 8.8
869000 0 0 2.72 8.88
870000 0 0 2.44 8.92
871000 0 0 2.44 8.72
872000 0 0 2.52 8.8
873000 0 0 2.2 8.76
874000 0 0 2.8 8.8
875000 0 0 2.28 8.92
876000 0 0 2.32 8.8
877000 0 0 2.28 8.72
878000 0 0 2.32 8.8
879000 0 0 2.28 8.76
880000 0 0 2.52 8.84
881000 0 0 2.28 8.84
882000 0 0 2.84 8.72
883000 0 0 2.56 8.8
884000 0 0 2.08 8.84
885000 0 0 2.52 8.88
886000 0 0 2.52 8.72
887000 0 0 2.44 8.8
888000 0 0 2.52 8.76
889000 0 0 2.28 8.72
890000 0 0 2.56 8.76
891000 0 0 2.16 8.64
892000 0 0 2.28 8.72
893000 0 0 2.32 8.72
894000 0 0 2.6 8.64
895000 0 0 2.44 8.88
896000 0 0 1.72 8.68
897000 0 0 2.32 8.8
898000 0 0 2.24 8.8
899000 0 0 2.24 8.76
900000 0 0 1.88 8.84
901000 0 0 2.28 8.88
902000 0 0 2.24 8.88
903000 0 0 2.6 8.8
904000 0 0 2.24 8.76
905000 0 0 2.28 8.76
906000 0 0 2.36 8.8
907000 0 0 2.52 8.8
908000 0 0 1.96 8.72
909000 0 0 1.92 8.64
910000 0 0 2 8.76
911000 0 0 2.28 8.76
912000 0 0 2.36 8.8
913000 0 0 2.4 8.92
914000 0 0 2.56 8.76
915000 0 0 2.56 8.8
916000 0 0 2.6 8.72
917000 0 0 2.36 8.88
918000 0 0 2.04 8.84
919000 0 0 2.36 8.88
920000 0 0 2.52 8.84
921000 0 0 2.52 8.72
922000 0 0 2.28 8.76
923000 0 0 2.16 8.68
924000 0 0 2.84 8.76
925000 0 0 2 8.8
926000 0 0 2.12 8.72
927000 0 0 2.28 8.72
928000 0 0 2.28 8.76
929000 0 0 2.12 8.72
930000 0 0 2.24 8.8
931000 0 0 2.2 8.72
932000 0 0 2.8 8.6
933000 0 0 2.36 8.6
934000 0 0 2.4 8.84
935000 0 0 2.16 8.8
936000 0 0 2.44 8.8
937000 0 0 2.6 8.56
938000 0 0 2.32 8.8
939000 0 0 1.92 8.76
940000 0 0 2.16 8.72
941000 0 0 2.64 8.8
942000 0 0 2.36 8.88
943000 0 0 1.92 8.96
944000 0 0 2.36 8.88
945000 0 0 2.24 8.84
946000 0 0 2.56 8.96
947000 0 0 2.56 8.88
948000 0 0 2.48 8.88
949000 0 0 2.04 8.8
950000 0 0 2.4 8.88
951000 0 0 2.32 8.92
952000 0 0 2.12 8.88
953000 0 0 2.48 8.92
954000 0 0 2.48 8.84
955000 0 0 2.4 8.84
956000 0 0 2.88 8.72
957000 0 0 2.56 8.84
958000 0 0 2.6 8.8
959000 0 0 2.16 8.76
960000 0 0 2.32 8.96
961000 0 0 2.52 8.96
962000 0 0 2.52 8.76
963000 0 0 2.8 8.76
964000 0 0 2.16 8.56
965000 0 0 2 8.84
966000 0 0 1.76 8.88
967000 0 0 2.28 8.88
968000 0 0 2.28 8.72
969000 0 0 2.48 8.64
970000 0 0 2.24 8.8
971000 0 0 2.32 8.68
972000 0 0 2.64 8.6
973000 0 0 2.32 8.72
974000 0 0 2.4 8.8
975000 0 0 2.24 8.6
976000 0 0 2.12 8.6
977000 0 0 2.8 8.72
978000 0 0 2.56 8.76
979000 0 0 2.32 8.6
980000 0 0 2.76 8.72
981000 0 0 2.6 8.84
982000 0 0 2.48 8.48
983000 0 0 2.8 8.48
984000 0 0 2.52 8.52
985000 0 0 2.32 8.8
986000 0 0 2.28 8.8
987000 0 0 2.6 8.64
988000 0 0 2.28 8.8
989000 0 0 2.6 8.76
990000 0 0 2.36 8.6
991000 0 0 2.6 8.68
992000 0 0 2.88 8.68
993000 0 0 2.24 8.72
994000 0 0 2.32 8.84
995000 0 0 2.52 8.8
996000 0 0 2.24 8.88
997000 0 0 2.36 8.88
998000 0 0 2.2 8.88
999000 0 0 2.36 8.88
1000000 0 0 2.16 8.76
