# Time-averaged data for fix msd
# TimeStep c_msd[4]
1000 0.0938172
2000 0.1494
3000 0.19398
4000 0.227746
5000 0.27506
6000 0.285128
7000 0.31199
8000 0.326836
9000 0.327824
10000 0.350448
11000 0.356756
12000 0.365352
13000 0.381756
14000 0.395856
15000 0.379084
16000 0.336601
17000 0.354434
18000 0.362613
19000 0.377805
20000 0.348657
21000 0.390034
22000 0.377399
23000 0.379618
24000 0.41986
25000 0.429162
26000 0.412233
27000 0.44181
28000 0.47056
29000 0.43695
30000 0.452463
31000 0.450861
32000 0.445423
33000 0.469632
34000 0.457696
35000 0.493227
36000 0.51949
37000 0.493589
38000 0.472127
39000 0.491298
40000 0.481196
41000 0.458385
42000 0.496565
43000 0.497983
44000 0.506146
45000 0.482792
46000 0.526301
47000 0.536921
48000 0.518073
49000 0.513473
50000 0.525368
51000 0.473547
52000 0.535821
53000 0.517641
54000 0.498463
55000 0.483113
56000 0.485295
57000 0.488378
58000 0.524843
59000 0.497221
60000 0.491695
61000 0.528656
62000 0.506092
63000 0.5321
64000 0.506984
65000 0.479663
66000 0.50387
67000 0.542179
68000 0.569167
69000 0.540912
70000 0.541785
71000 0.513464
72000 0.541969
73000 0.492069
74000 0.506508
75000 0.564994
76000 0.551552
77000 0.561349
78000 0.56471
79000 0.569513
80000 0.565989
81000 0.584703
82000 0.56474
83000 0.51842
84000 0.51344
85000 0.518282
86000 0.546175
87000 0.567901
88000 0.5549
89000 0.569887
90000 0.568569
91000 0.512656
92000 0.533801
93000 0.5461
94000 0.542919
95000 0.527069
96000 0.546581
97000 0.541797
98000 0.528187
99000 0.513995
100000 0.517066
101000 0.532517
102000 0.52228
103000 0.550109
104000 0.568287
105000 0.528293
106000 0.54452
107000 0.548806
108000 0.603357
109000 0.563615
110000 0.586548
111000 0.552888
112000 0.571593
113000 0.599553
114000 0.613983
115000 0.576519
116000 0.603781
117000 0.569906
118000 0.567542
119000 0.613333
120000 0.586666
121000 0.564328
122000 0.574706
123000 0.571156
124000 0.603117
125000 0.56943
126000 0.583711
127000 0.555074
128000 0.559074
129000 0.58901
130000 0.578939
131000 0.583295
132000 0.606867
133000 0.589325
134000 0.561062
135000 0.603096
136000 0.579434
137000 0.576663
138000 0.59888
139000 0.628981
140000 0.657815
141000 0.559558
142000 0.617
143000 0.638977
144000 0.613859
145000 0.587977
146000 0.57663
147000 0.610329
148000 0.580129
149000 0.567308
150000 0.593576
151000 0.589056
152000 0.565102
153000 0.591871
154000 0.57452
155000 0.586959
156000 0.605269
157000 0.576204
158000 0.602549
159000 0.566968
160000 0.576742
161000 0.555584
162000 0.610503
163000 0.596476
164000 0.592256
165000 0.605595
166000 0.598228
167000 0.629856
168000 0.572313
169000 0.635922
170000 0.620684
171000 0.593924
172000 0.596606
173000 0.577323
174000 0.612712
175000 0.600953
176000 0.606006
177000 0.586607
178000 0.599972
179000 0.587924
180000 0.59273
181000 0.588784
182000 0.582683
183000 0.577516
184000 0.599112
185000 0.604606
186000 0.6102
187000 0.612238
188000 0.611815
189000 0.626551
190000 0.577115
191000 0.590353
192000 0.630046
193000 0.578149
194000 0.594621
195000 0.6372
196000 0.566841
197000 0.609947
198000 0.609388
199000 0.583446
200000 0.628241
201000 0.62648
202000 0.627893
203000 0.613982
204000 0.60511
205000 0.594019
206000 0.630391
207000 0.625818
208000 0.610942
209000 0.630325
210000 0.631253
211000 0.608434
212000 0.654756
213000 0.667005
214000 0.641958
215000 0.639974
216000 0.681849
217000 0.64466
218000 0.627724
219000 0.648489
220000 0.641349
221000 0.641034
222000 0.640222
223000 0.652497
224000 0.643766
225000 0.63197
226000 0.640688
227000 0.647364
228000 0.645199
229000 0.646608
230000 0.64243
231000 0.629713
232000 0.63602
233000 0.653769
234000 0.655779
235000 0.66257
236000 0.659681
237000 0.682109
238000 0.649238
239000 0.614061
240000 0.712229
241000 0.719937
242000 0.732421
243000 0.716373
244000 0.714864
245000 0.727938
246000 0.726905
247000 0.706003
248000 0.694181
249000 0.724635
250000 0.708712
251000 0.641584
252000 0.688766
253000 0.670997
254000 0.68915
255000 0.682195
256000 0.657593
257000 0.675101
258000 0.642837
259000 0.665285
260000 0.668385
261000 0.661581
262000 0.678494
263000 0.660714
264000 0.673126
265000 0.642078
266000 0.659642
267000 0.66296
268000 0.676468
269000 0.666378
270000 0.661651
271000 0.648794
272000 0.639821
273000 0.675749
274000 0.638575
275000 0.636306
276000 0.609875
277000 0.618437
278000 0.628535
279000 0.660206
280000 0.670082
281000 0.648602
282000 0.645979
283000 0.645138
284000 0.649793
285000 0.653462
286000 0.651634
287000 0.641273
288000 0.66584
289000 0.637997
290000 0.627447
291000 0.65879
292000 0.648782
293000 0.631978
294000 0.638731
295000 0.669835
296000 0.624009
297000 0.646695
298000 0.660519
299000 0.693275
300000 0.653762
301000 0.672922
302000 0.653989
303000 0.683022
304000 0.670687
305000 0.664463
306000 0.645033
307000 0.660892
308000 0.692915
309000 0.658919
310000 0.667202
311000 0.659614
312000 0.661435
313000 0.6895
314000 0.642814
315000 0.638966
316000 0.654653
317000 0.647861
318000 0.631739
319000 0.651745
320000 0.65451
321000 0.659793
322000 0.671196
323000 0.661194
324000 0.633593
325000 0.675392
326000 0.720839
327000 0.670433
328000 0.678732
329000 0.676076
330000 0.680117
331000 0.67175
332000 0.699397
333000 0.676759
334000 0.657514
335000 0.687389
336000 0.683114
337000 0.667882
338000 0.657182
339000 0.633323
340000 0.655147
341000 0.659131
342000 0.685073
343000 0.697469
344000 0.681535
345000 0.663038
346000 0.664994
347000 0.697867
348000 0.66497
349000 0.659092
350000 0.645755
351000 0.650897
352000 0.676121
353000 0.673755
354000 0.646552
355000 0.630114
356000 0.665064
357000 0.65233
358000 0.629533
359000 0.645465
360000 0.630049
361000 0.665684
362000 0.652803
363000 0.649322
364000 0.665204
365000 0.627776
366000 0.636385
367000 0.656224
368000 0.676487
369000 0.642086
370000 0.611763
371000 0.687411
372000 0.665275
373000 0.652728
374000 0.66539
375000 0.684601
376000 0.631185
377000 0.651318
378000 0.647826
379000 0.661988
380000 0.700681
381000 0.700532
382000 0.678156
383000 0.662273
384000 0.655779
385000 0.637319
386000 0.656096
387000 0.659968
388000 0.66873
389000 0.658575
390000 0.649571
391000 0.651319
392000 0.672592
393000 0.712222
394000 0.67148
395000 0.678713
396000 0.674023
397000 0.678998
398000 0.696316
399000 0.709931
400000 0.657038
401000 0.696354
402000 0.662412
403000 0.684541
404000 0.751416
405000 0.754836
406000 0.747914
407000 0.72912
408000 0.710314
409000 0.705751
410000 0.675086
411000 0.730701
412000 0.770819
413000 0.76719
414000 0.797386
415000 0.737638
416000 0.800042
417000 0.834923
418000 0.85668
419000 0.898104
420000 0.899073
421000 0.920865
422000 0.872742
423000 0.869382
424000 0.824744
425000 0.925033
426000 0.893939
427000 0.923825
428000 0.829055
429000 0.823255
430000 0.828347
431000 0.820826
432000 0.829723
433000 0.80479
434000 0.76795
435000 0.819334
436000 0.815408
437000 0.812136
438000 0.826688
439000 0.775421
440000 0.820242
441000 0.778147
442000 0.850971
443000 0.826571
444000 0.828158
445000 0.860051
446000 0.802176
447000 0.812376
448000 0.844818
449000 0.8337
450000 0.856282
451000 0.859589
452000 0.835695
453000 0.845144
454000 0.829763
455000 0.862273
456000 0.851654
457000 0.901652
458000 0.860919
459000 0.884109
460000 0.880108
461000 0.875861
462000 0.862919
463000 0.861607
464000 0.845154
465000 0.860779
466000 0.846771
467000 0.848383
468000 0.876367
469000 0.8341
470000 0.850546
471000 0.851053
472000 0.907771
473000 0.900296
474000 0.92132
475000 0.925023
476000 0.920767
477000 0.921879
478000 0.930684
479000 0.937023
480000 0.908008
481000 0.893683
482000 0.926927
483000 0.938818
484000 0.891853
485000 0.921074
486000 0.946717
487000 0.92499
488000 0.953782
489000 0.904087
490000 0.923962
491000 0.937196
492000 0.926738
493000 0.929369
494000 0.899026
495000 0.940369
496000 0.940128
497000 0.949685
498000 0.901846
499000 0.923567
500000 0.912536
501000 0.909372
502000 0.917812
503000 0.933212
504000 0.942889
505000 0.914374
506000 0.905889
507000 0.919778
508000 0.890798
509000 0.922507
510000 0.905273
511000 0.899236
512000 0.903316
513000 0.943153
514000 0.924529
515000 0.91528
516000 0.940268
517000 0.947389
518000 0.961595
519000 0.936289
520000 0.931759
521000 0.929459
522000 0.92057
523000 0.929425
524000 0.908051
525000 0.898924
526000 0.911383
527000 0.87241
528000 0.923639
529000 0.920089
530000 0.953793
531000 0.956631
532000 0.961936
533000 0.900774
534000 0.942426
535000 0.945694
536000 0.926558
537000 0.962608
538000 0.958809
539000 0.974322
540000 1.00841
541000 0.999537
542000 0.958513
543000 0.953974
544000 0.970831
545000 0.989939
546000 0.980948
547000 0.97093
548000 0.950876
549000 0.956402
550000 0.957594
551000 0.919778
552000 0.938844
553000 0.939994
554000 0.989952
555000 0.941998
556000 0.952168
557000 0.961464
558000 0.941482
559000 0.96707
560000 0.958169
561000 0.949201
562000 0.951878
563000 0.962867
564000 0.934815
565000 0.930884
566000 0.943765
567000 0.976611
568000 0.981411
569000 0.987287
570000 0.978725
571000 0.961761
572000 0.942302
573000 0.931607
574000 0.947013
575000 0.969978
576000 0.891726
577000 0.902671
578000 0.918251
579000 0.955917
580000 0.944934
581000 0.927616
582000 0.932735
583000 0.982751
584000 0.979487
585000 0.935771
586000 0.98417
587000 0.972733
588000 0.900492
589000 0.932854
590000 0.93335
591000 0.933048
592000 0.936802
593000 0.971955
594000 0.947768
595000 0.98255
596000 0.963575
597000 1.0247
598000 1.01566
599000 0.997361
600000 0.984002
601000 1.01646
602000 0.998433
603000 0.97473
604000 0.976914
605000 0.987441
606000 0.972879
607000 1.00198
608000 0.974081
609000 0.964842
610000 0.994584
611000 1.01551
612000 1.03641
613000 0.992446
614000 1.01082
615000 1.01753
616000 1.00363
617000 0.994035
618000 0.999197
619000 1.00312
620000 1.00908
621000 0.992349
622000 0.974495
623000 1.0243
624000 1.02375
625000 1.00917
626000 0.993979
627000 1.00568
628000 1.00824
629000 0.988108
630000 1.02301
631000 1.03833
632000 0.996029
633000 0.986671
634000 1.0258
635000 1.03108
636000 1.0435
637000 1.01121
638000 1.00267
639000 0.981887
640000 1.04495
641000 0.981853
642000 1.01249
643000 0.968237
644000 0.977939
645000 0.997856
646000 1.05871
647000 1.09916
648000 1.05828
649000 1.06909
650000 1.05087
651000 1.03362
652000 1.04518
653000 1.03061
654000 1.04871
655000 1.03641
656000 1.00453
657000 0.999653
658000 0.967261
659000 1.00851
660000 0.98956
661000 1.07109
662000 1.05266
663000 1.0549
664000 1.03564
665000 1.03102
666000 1.0599
667000 1.06009
668000 1.09111
669000 1.04829
670000 1.04175
671000 1.04481
672000 1.0094
673000 1.05904
674000 1.06461
675000 1.0358
676000 1.04958
677000 1.1104
678000 1.14773
679000 1.1149
680000 1.0614
681000 1.0407
682000 1.04323
683000 1.01189
684000 1.05109
685000 1.00978
686000 1.00552
687000 1.00558
688000 1.0281
689000 1.07877
690000 1.06407
691000 1.06158
692000 1.04519
693000 1.03649
694000 1.10368
695000 1.08513
696000 1.08625
697000 1.08183
698000 1.0656
699000 1.09627
700000 1.11327
701000 1.10586
702000 1.0895
703000 1.1471
704000 1.14263
705000 1.15116
706000 1.0986
707000 1.07173
708000 1.08869
709000 1.11277
710000 1.07531
711000 1.11572
712000 1.11488
713000 1.11913
714000 1.14761
715000 1.1161
716000 1.12147
717000 1.14059
718000 1.12101
719000 1.14011
720000 1.16206
721000 1.19277
722000 1.13951
723000 1.13502
724000 1.19247
725000 1.13978
726000 1.12204
727000 1.08729
728000 1.10413
729000 1.08546
730000 1.08539
731000 1.10716
732000 1.13208
733000 1.17402
734000 1.14563
735000 1.19713
736000 1.13769
737000 1.17182
738000 1.14252
739000 1.11198
740000 1.18259
741000 1.14053
742000 1.12248
743000 1.15732
744000 1.18352
745000 1.16775
746000 1.15169
747000 1.12888
748000 1.13063
749000 1.1346
750000 1.12938
751000 1.14091
752000 1.13305
753000 1.15021
754000 1.12648
755000 1.12914
756000 1.17562
757000 1.23916
758000 1.15893
759000 1.14015
760000 1.14397
761000 1.09772
762000 1.10641
763000 1.103
764000 1.07963
765000 1.00821
766000 1.06265
767000 1.02487
768000 1.11553
769000 1.07893
770000 1.03477
771000 1.08173
772000 1.0423
773000 1.07048
774000 1.08917
775000 1.08592
776000 1.0841
777000 1.04955
778000 1.08979
779000 1.10096
780000 1.07284
781000 1.074
782000 1.03955
783000 1.07685
784000 1.07843
785000 1.089
786000 1.04238
787000 1.09623
788000 1.05699
789000 1.11648
790000 1.14082
791000 1.12305
792000 1.13214
793000 1.10904
794000 1.10757
795000 1.10392
796000 1.14025
797000 1.09071
798000 1.1289
799000 1.15622
800000 1.12393
801000 1.107
802000 1.14288
803000 1.10709
804000 1.17898
805000 1.12155
806000 1.13327
807000 1.11652
808000 1.12746
809000 1.13619
810000 1.13316
811000 1.16582
812000 1.10775
813000 1.12399
814000 1.13515
815000 1.14896
816000 1.13742
817000 1.13099
818000 1.12169
819000 1.11822
820000 1.15375
821000 1.13315
822000 1.12466
823000 1.13514
824000 1.11882
825000 1.14182
826000 1.15451
827000 1.20176
828000 1.14541
829000 1.11544
830000 1.08912
831000 1.10271
832000 1.09889
833000 1.08741
834000 1.06303
835000 1.14164
836000 1.12972
837000 1.08253
838000 1.11774
839000 1.115
840000 1.11538
841000 1.08403
842000 1.13182
843000 1.14367
844000 1.1571
845000 1.11599
846000 1.11325
847000 1.10783
848000 1.12733
849000 1.11797
850000 1.08274
851000 1.11966
852000 1.12935
853000 1.13926
854000 1.1413
855000 1.15202
856000 1.10057
857000 1.15396
858000 1.12798
859000 1.15159
860000 1.12366
861000 1.11619
862000 1.06867
863000 1.12533
864000 1.12791
865000 1.14306
866000 1.15042
867000 1.13913
868000 1.12722
869000 1.10282
870000 1.10423
871000 1.11631
872000 1.13402
873000 1.12614
874000 1.13079
875000 1.09497
876000 1.11685
877000 1.10578
878000 1.1389
879000 1.11241
880000 1.11441
881000 1.10549
882000 1.08994
883000 1.09544
884000 1.08988
885000 1.10199
886000 1.10743
887000 1.09626
888000 1.09952
889000 1.11032
890000 1.1021
891000 1.11202
892000 1.10712
893000 1.11973
894000 1.13605
895000 1.14019
896000 1.1355
897000 1.09786
898000 1.13048
899000 1.12326
900000 1.08795
901000 1.10274
902000 1.09481
903000 1.11811
904000 1.08823
905000 1.13719
906000 1.08155
907000 1.14328
908000 1.08543
909000 1.09147
910000 1.09817
911000 1.07547
912000 1.12298
913000 1.08347
914000 1.0806
915000 1.13087
916000 1.12608
917000 1.15748
918000 1.12578
919000 1.12014
920000 1.13916
921000 1.12815
922000 1.12327
923000 1.13829
924000 1.11212
925000 1.09714
926000 1.09319
927000 1.11196
928000 1.11626
929000 1.11422
930000 1.16395
931000 1.12178
932000 1.12846
933000 1.11007
934000 1.09515
935000 1.10411
936000 1.09696
937000 1.07752
938000 1.11242
939000 1.10625
940000 1.10415
941000 1.07677
942000 1.14939
943000 1.12591
944000 1.11719
945000 1.11525
946000 1.13587
947000 1.11296
948000 1.10078
949000 1.07471
950000 1.148
951000 1.13838
952000 1.15826
953000 1.09982
954000 1.1552
955000 1.09449
956000 1.14329
957000 1.12474
958000 1.1615
959000 1.14473
960000 1.12612
961000 1.1299
962000 1.08338
963000 1.07477
964000 1.09471
965000 1.10251
966000 1.10104
967000 1.07725
968000 1.10275
969000 1.121
970000 1.11994
971000 1.08155
972000 1.15277
973000 1.11912
974000 1.17169
975000 1.10506
976000 1.04464
977000 1.1065
978000 1.12308
979000 1.14633
980000 1.15408
981000 1.12659
982000 1.12563
983000 1.1235
984000 1.11483
985000 1.12768
986000 1.12189
987000 1.13991
988000 1.11577
989000 1.11089
990000 1.15806
991000 1.16844
992000 1.15842
993000 1.14606
994000 1.18674
995000 1.14558
996000 1.20319
997000 1.165
998000 1.19039
999000 1.16973
1000000 1.1516
