# Time-averaged data for fix avgcoord
# TimeStep c_ac50 c_ac75 c_ac100 c_ac125
1000 0 0 0.76 2.356
2000 0 0 0.782 2.534
3000 0 0 0.782 2.666
4000 0 0 0.854 2.79
5000 0 0 0.9 2.922
6000 0 0 0.886 2.996
7000 0 0 1.014 3.064
8000 0 0 1.044 3.096
9000 0 0 1.012 3.138
10000 0 0 1 3.188
11000 0 0 1.016 3.252
12000 0 0 1.104 3.29
13000 0 0 0.974 3.326
14000 0 0 1.034 3.344
15000 0 0 1.09 3.376
16000 0 0 1.05 3.394
17000 0 0 1.068 3.422
18000 0 0 1.102 3.45
19000 0 0 1.062 3.474
20000 0 0 1.136 3.516
21000 0 0 1.156 3.516
22000 0 0 1.18 3.522
23000 0 0 1.174 3.546
24000 0 0 1.21 3.558
25000 0 0 1.258 3.586
26000 0 0 1.224 3.606
27000 0 0 1.174 3.62
28000 0 0 1.232 3.632
29000 0 0 1.3 3.658
30000 0 0 1.26 3.678
31000 0 0 1.304 3.692
32000 0 0 1.238 3.724
33000 0 0 1.258 3.718
34000 0 0 1.224 3.732
35000 0 0 1.324 3.748
36000 0 0 1.302 3.74
37000 0 0 1.334 3.752
38000 0 0 1.22 3.746
39000 0 0 1.256 3.752
40000 0 0 1.306 3.764
41000 0 0 1.27 3.774
42000 0 0 1.362 3.776
43000 0 0 1.252 3.782
44000 0 0 1.29 3.792
45000 0 0 1.332 3.794
46000 0 0 1.384 3.79
47000 0 0 1.338 3.79
48000 0 0 1.314 3.8
49000 0 0 1.336 3.806
50000 0 0 1.34 3.81
51000 0 0 1.352 3.824
52000 0 0 1.302 3.812
53000 0 0 1.328 3.814
54000 0 0 1.376 3.83
55000 0 0 1.342 3.842
56000 0 0 1.338 3.834
57000 0 0 1.41 3.83
58000 0 0 1.31 3.83
59000 0 0 1.316 3.838
60000 0 0 1.338 3.84
61000 0 0 1.364 3.86
62000 0 0 1.392 3.86
63000 0 0 1.396 3.868
64000 0 0 1.376 3.872
65000 0 0 1.382 3.882
66000 0 0 1.36 3.876
67000 0 0 1.37 3.878
68000 0 0 1.342 3.878
69000 0 0 1.328 3.882
70000 0 0 1.428 3.88
71000 0 0 1.392 3.89
72000 0 0 1.372 3.886
73000 0 0 1.378 3.9
74000 0 0 1.364 3.908
75000 0 0 1.4 3.904
76000 0 0 1.352 3.914
77000 0 0 1.354 3.912
78000 0 0 1.398 3.906
79000 0 0 1.362 3.912
80000 0 0 1.302 3.922
81000 0 0 1.364 3.914
82000 0 0 1.402 3.908
83000 0 0 1.338 3.916
84000 0 0 1.336 3.92
85000 0 0 1.366 3.916
86000 0 0 1.354 3.92
87000 0 0 1.31 3.926
88000 0 0 1.342 3.92
89000 0 0 1.372 3.926
90000 0 0 1.398 3.948
91000 0 0 1.436 3.946
92000 0 0 1.38 3.956
93000 0 0 1.432 3.946
94000 0 0 1.352 3.934
95000 0 0 1.41 3.944
96000 0 0 1.326 3.954
97000 0 0 1.482 3.946
98000 0 0 1.418 3.938
99000 0 0 1.36 3.934
100000 0 0 1.396 3.94
101000 0 0 1.38 3.932
102000 0 0 1.37 3.932
103000 0 0 1.364 3.934
104000 0 0 1.342 3.928
105000 0 0 1.416 3.932
106000 0 0 1.39 3.934
107000 0 0 1.442 3.932
108000 0 0 1.434 3.934
109000 0 0 1.33 3.944
110000 0 0 1.384 3.954
111000 0 0 1.414 3.952
112000 0 0 1.454 3.95
113000 0 0 1.394 3.948
114000 0 0 1.37 3.948
115000 0 0 1.436 3.938
116000 0 0 1.406 3.95
117000 0 0 1.436 3.958
118000 0 0 1.406 3.964
119000 0 0 1.462 3.96
120000 0 0 1.402 3.97
121000 0 0 1.398 3.976
122000 0 0 1.444 3.978
123000 0 0 1.47 3.986
124000 0 0 1.39 3.992
125000 0 0 1.352 3.982
126000 0 0 1.41 3.984
127000 0 0 1.354 3.988
128000 0 0 1.336 3.976
129000 0 0 1.382 3.97
130000 0 0 1.354 3.964
131000 0 0 1.446 3.966
132000 0 0 1.398 3.972
133000 0 0 1.48 3.966
134000 0 0 1.418 3.962
135000 0 0 1.468 3.958
136000 0 0 1.41 3.974
137000 0 0 1.444 3.978
138000 0 0 1.4 3.98
139000 0 0 1.438 3.98
140000 0 0 1.47 3.978
141000 0 0 1.43 3.976
142000 0 0 1.428 3.982
143000 0 0 1.354 3.982
144000 0 0 1.458 3.986
145000 0 0 1.39 3.99
146000 0 0 1.456 4
147000 0 0 1.384 3.998
148000 0 0 1.472 4.004
149000 0 0 1.488 4.014
150000 0 0 1.466 4.02
151000 0 0 1.384 4.026
152000 0 0 1.478 4.01
153000 0 0 1.482 4.022
154000 0 0 1.388 4.014
155000 0 0 1.416 4.018
156000 0 0 1.44 4.014
157000 0 0 1.374 4.028
158000 0 0 1.486 4.018
159000 0 0 1.478 4.016
160000 0 0 1.48 4.008
161000 0 0 1.382 4.008
162000 0 0 1.48 4.004
163000 0 0 1.406 4.014
164000 0 0 1.528 4.012
165000 0 0 1.406 4.008
166000 0 0 1.386 4.008
167000 0 0 1.404 4.006
168000 0 0 1.544 4.016
169000 0 0 1.396 4.02
170000 0 0 1.424 4.016
171000 0 0 1.402 4.02
172000 0 0 1.446 4.018
173000 0 0 1.476 4.022
174000 0 0 1.426 4.032
175000 0 0 1.456 4.028
176000 0 0 1.45 4.028
177000 0 0 1.44 4.024
178000 0 0 1.432 4.03
179000 0 0 1.504 4.026
180000 0 0 1.506 4.034
181000 0 0 1.424 4.038
182000 0 0 1.47 4.028
183000 0 0 1.434 4.028
184000 0 0 1.456 4.032
185000 0 0 1.424 4.044
186000 0 0 1.438 4.044
187000 0 0 1.442 4.05
188000 0 0 1.498 4.046
189000 0 0 1.43 4.044
190000 0 0 1.368 4.046
191000 0 0 1.432 4.052
192000 0 0 1.472 4.06
193000 0 0 1.49 4.064
194000 0 0 1.402 4.064
195000 0 0 1.432 4.06
196000 0 0 1.408 4.054
197000 0 0 1.432 4.056
198000 0 0 1.428 4.054
199000 0 0 1.522 4.048
200000 0 0 1.536 4.046
201000 0 0 1.394 4.044
202000 0 0 1.476 4.06
203000 0 0 1.358 4.058
204000 0 0 1.516 4.054
205000 0 0 1.45 4.056
206000 0 0 1.504 4.054
207000 0 0 1.408 4.058
208000 0 0 1.494 4.05
209000 0 0 1.396 4.06
210000 0 0 1.458 4.05
211000 0 0 1.492 4.058
212000 0 0 1.37 4.06
213000 0 0 1.506 4.062
214000 0 0 1.358 4.044
215000 0 0 1.478 4.048
216000 0 0 1.426 4.05
217000 0 0 1.42 4.05
218000 0 0 1.404 4.056
219000 0 0 1.362 4.072
220000 0 0 1.52 4.066
221000 0 0 1.344 4.06
222000 0 0 1.436 4.06
223000 0 0 1.41 4.056
224000 0 0 1.484 4.054
225000 0 0 1.396 4.062
226000 0 0 1.418 4.066
227000 0 0 1.446 4.078
228000 0 0 1.42 4.072
229000 0 0 1.376 4.07
230000 0 0 1.464 4.076
231000 0 0 1.474 4.078
232000 0 0 1.432 4.08
233000 0 0 1.39 4.076
234000 0 0 1.43 4.064
235000 0 0 1.41 4.06
236000 0 0 1.476 4.066
237000 0 0 1.512 4.058
238000 0 0 1.454 4.068
239000 0 0 1.474 4.078
240000 0 0 1.494 4.08
241000 0 0 1.482 4.072
242000 0 0 1.4 4.082
243000 0 0 1.414 4.08
244000 0 0 1.416 4.08
245000 0 0 1.484 4.09
246000 0 0 1.44 4.074
247000 0 0 1.478 4.086
248000 0 0 1.478 4.08
249000 0 0 1.426 4.096
250000 0 0 1.452 4.09
251000 0 0 1.486 4.082
252000 0 0 1.486 4.076
253000 0 0 1.472 4.088
254000 0 0 1.466 4.08
255000 0 0 1.452 4.082
256000 0 0 1.48 4.078
257000 0 0 1.496 4.084
258000 0 0 1.46 4.082
259000 0 0 1.454 4.078
260000 0 0 1.504 4.082
261000 0 0 1.412 4.082
262000 0 0 1.466 4.074
263000 0 0 1.414 4.094
264000 0 0 1.482 4.09
265000 0 0 1.446 4.092
266000 0 0 1.418 4.1
267000 0 0 1.5 4.1
268000 0 0 1.486 4.102
269000 0 0 1.47 4.09
270000 0 0 1.428 4.086
271000 0 0 1.502 4.096
272000 0 0 1.534 4.088
273000 0 0 1.504 4.088
274000 0 0 1.442 4.086
275000 0 0 1.41 4.092
276000 0 0 1.468 4.088
277000 0 0 1.41 4.096
278000 0 0 1.47 4.094
279000 0 0 1.434 4.112
280000 0 0 1.468 4.094
281000 0 0 1.5 4.092
282000 0 0 1.458 4.092
283000 0 0 1.446 4.09
284000 0 0 1.478 4.078
285000 0 0 1.468 4.094
286000 0 0 1.542 4.104
287000 0 0 1.418 4.088
288000 0 0 1.492 4.092
289000 0 0 1.438 4.096
290000 0 0 1.474 4.102
291000 0 0 1.464 4.112
292000 0 0 1.506 4.1
293000 0 0 1.43 4.1
294000 0 0 1.46 4.116
295000 0 0 1.524 4.11
296000 0 0 1.46 4.108
297000 0 0 1.44 4.104
298000 0 0 1.458 4.108
299000 0 0 1.47 4.1
300000 0 0 1.508 4.1
301000 0 0 1.504 4.094
302000 0 0 1.412 4.092
303000 0 0 1.504 4.108
304000 0 0 1.46 4.092
305000 0 0 1.48 4.098
306000 0 0 1.508 4.092
307000 0 0 1.37 4.096
308000 0 0 1.448 4.086
309000 0 0 1.424 4.086
310000 0 0 1.432 4.094
311000 0 0 1.43 4.094
312000 0 0 1.438 4.098
313000 0 0 1.456 4.106
314000 0 0 1.404 4.102
315000 0 0 1.408 4.096
316000 0 0 1.52 4.102
317000 0 0 1.446 4.09
318000 0 0 1.486 4.088
319000 0 0 1.474 4.094
320000 0 0 1.458 4.088
321000 0 0 1.418 4.082
322000 0 0 1.42 4.082
323000 0 0 1.476 4.092
324000 0 0 1.548 4.094
325000 0 0 1.532 4.088
326000 0 0 1.414 4.096
327000 0 0 1.404 4.102
328000 0 0 1.504 4.094
329000 0 0 1.516 4.102
330000 0 0 1.468 4.086
331000 0 0 1.424 4.092
332000 0 0 1.436 4.1
333000 0 0 1.452 4.1
334000 0 0 1.498 4.102
335000 0 0 1.532 4.102
336000 0 0 1.426 4.098
337000 0 0 1.442 4.09
338000 0 0 1.528 4.1
339000 0 0 1.424 4.088
340000 0 0 1.466 4.094
341000 0 0 1.442 4.086
342000 0 0 1.536 4.088
343000 0 0 1.49 4.1
344000 0 0 1.498 4.098
345000 0 0 1.512 4.096
346000 0 0 1.4 4.088
347000 0 0 1.448 4.1
348000 0 0 1.396 4.104
349000 0 0 1.436 4.108
350000 0 0 1.498 4.106
351000 0 0 1.53 4.102
352000 0 0 1.456 4.106
353000 0 0 1.532 4.112
354000 0 0 1.55 4.114
355000 0 0 1.424 4.106
356000 0 0 1.372 4.11
357000 0 0 1.518 4.1
358000 0 0 1.572 4.114
359000 0 0 1.348 4.106
360000 0 0 1.506 4.106
361000 0 0 1.482 4.092
362000 0 0 1.476 4.102
363000 0 0 1.438 4.098
364000 0 0 1.432 4.102
365000 0 0 1.448 4.1
366000 0 0 1.52 4.104
367000 0 0 1.488 4.104
368000 0 0 1.446 4.096
369000 0 0 1.444 4.09
370000 0 0 1.498 4.1
371000 0 0 1.46 4.116
372000 0 0 1.402 4.124
373000 0 0 1.45 4.122
374000 0 0 1.45 4.118
375000 0 0 1.48 4.122
376000 0 0 1.452 4.112
377000 0 0 1.492 4.1
378000 0 0 1.432 4.11
379000 0 0 1.426 4.116
380000 0 0 1.474 4.116
381000 0 0 1.518 4.12
382000 0 0 1.396 4.118
383000 0 0 1.508 4.124
384000 0 0 1.4 4.124
385000 0 0 1.514 4.126
386000 0 0 1.426 4.128
387000 0 0 1.472 4.126
388000 0 0 1.4 4.128
389000 0 0 1.5 4.13
390000 0 0 1.45 4.122
391000 0 0 1.448 4.126
392000 0 0 1.446 4.122
393000 0 0 1.554 4.116
394000 0 0 1.44 4.116
395000 0 0 1.54 4.106
396000 0 0 1.392 4.11
397000 0 0 1.446 4.112
398000 0 0 1.5 4.114
399000 0 0 1.47 4.128
400000 0 0 1.508 4.126
401000 0 0 1.474 4.124
402000 0 0 1.456 4.114
403000 0 0 1.488 4.112
404000 0 0 1.44 4.12
405000 0 0 1.472 4.114
406000 0 0 1.432 4.13
407000 0 0 1.446 4.126
408000 0 0 1.404 4.126
409000 0 0 1.462 4.12
410000 0 0 1.536 4.116
411000 0 0 1.452 4.118
412000 0 0 1.422 4.122
413000 0 0 1.402 4.126
414000 0 0 1.502 4.126
415000 0 0 1.492 4.124
416000 0 0 1.438 4.128
417000 0 0 1.498 4.122
418000 0 0 1.464 4.118
419000 0 0 1.424 4.136
420000 0 0 1.56 4.142
421000 0 0 1.44 4.14
422000 0 0 1.518 4.134
423000 0 0 1.456 4.136
424000 0 0 1.484 4.13
425000 0 0 1.508 4.128
426000 0 0 1.54 4.124
427000 0 0 1.478 4.132
428000 0 0 1.474 4.132
429000 0 0 1.506 4.136
430000 0 0 1.436 4.134
431000 0 0 1.494 4.134
432000 0 0 1.5 4.132
433000 0 0 1.502 4.136
434000 0 0 1.48 4.134
435000 0 0 1.452 4.138
436000 0 0 1.496 4.136
437000 0 0 1.47 4.14
438000 0 0 1.456 4.132
439000 0 0 1.428 4.138
440000 0 0 1.506 4.144
441000 0 0 1.532 4.144
442000 0 0 1.394 4.142
443000 0 0 1.438 4.136
444000 0 0 1.512 4.146
445000 0 0 1.454 4.148
446000 0 0 1.408 4.14
447000 0 0 1.498 4.142
448000 0 0 1.496 4.136
449000 0 0 1.478 4.136
450000 0 0 1.516 4.138
451000 0 0 1.484 4.136
452000 0 0 1.43 4.126
453000 0 0 1.47 4.138
454000 0 0 1.562 4.134
455000 0 0 1.42 4.136
456000 0 0 1.486 4.14
457000 0 0 1.52 4.138
458000 0 0 1.456 4.14
459000 0 0 1.486 4.138
460000 0 0 1.492 4.148
461000 0 0 1.568 4.14
462000 0 0 1.466 4.144
463000 0 0 1.544 4.152
464000 0 0 1.544 4.146
465000 0 0 1.422 4.144
466000 0 0 1.486 4.138
467000 0 0 1.592 4.138
468000 0 0 1.466 4.136
469000 0 0 1.394 4.144
470000 0 0 1.382 4.138
471000 0 0 1.488 4.136
472000 0 0 1.446 4.14
473000 0 0 1.516 4.136
474000 0 0 1.522 4.142
475000 0 0 1.494 4.15
476000 0 0 1.43 4.142
477000 0 0 1.52 4.148
478000 0 0 1.494 4.15
479000 0 0 1.428 4.144
480000 0 0 1.426 4.14
481000 0 0 1.524 4.142
482000 0 0 1.482 4.148
483000 0 0 1.462 4.154
484000 0 0 1.422 4.14
485000 0 0 1.426 4.146
486000 0 0 1.472 4.144
487000 0 0 1.474 4.148
488000 0 0 1.492 4.136
489000 0 0 1.444 4.14
490000 0 0 1.434 4.144
491000 0 0 1.462 4.126
492000 0 0 1.466 4.126
493000 0 0 1.51 4.138
494000 0 0 1.41 4.138
495000 0 0 1.51 4.14
496000 0 0 1.484 4.15
497000 0 0 1.53 4.15
498000 0 0 1.49 4.146
499000 0 0 1.45 4.142
500000 0 0 1.462 4.15
501000 0 0 1.456 4.144
502000 0 0 1.47 4.142
503000 0 0 1.438 4.138
504000 0 0 1.43 4.142
505000 0 0 1.484 4.148
506000 0 0 1.426 4.146
507000 0 0 1.502 4.15
508000 0 0 1.502 4.152
509000 0 0 1.498 4.146
510000 0 0 1.498 4.142
511000 0 0 1.536 4.146
512000 0 0 1.498 4.15
513000 0 0 1.42 4.138
514000 0 0 1.494 4.138
515000 0 0 1.516 4.148
516000 0 0 1.492 4.144
517000 0 0 1.5 4.148
518000 0 0 1.402 4.148
519000 0 0 1.486 4.146
520000 0 0 1.474 4.144
521000 0 0 1.398 4.154
522000 0 0 1.508 4.148
523000 0 0 1.456 4.144
524000 0 0 1.444 4.142
525000 0 0 1.486 4.144
526000 0 0 1.47 4.15
527000 0 0 1.51 4.148
528000 0 0 1.516 4.152
529000 0 0 1.434 4.148
530000 0 0 1.512 4.148
531000 0 0 1.476 4.142
532000 0 0 1.49 4.14
533000 0 0 1.472 4.15
534000 0 0 1.482 4.15
535000 0 0 1.414 4.14
536000 0 0 1.454 4.138
537000 0 0 1.382 4.138
538000 0 0 1.438 4.146
539000 0 0 1.456 4.132
540000 0 0 1.472 4.126
541000 0 0 1.518 4.128
542000 0 0 1.414 4.132
543000 0 0 1.438 4.132
544000 0 0 1.482 4.14
545000 0 0 1.414 4.134
546000 0 0 1.492 4.132
547000 0 0 1.418 4.144
548000 0 0 1.466 4.142
549000 0 0 1.448 4.136
550000 0 0 1.41 4.144
551000 0 0 1.422 4.132
552000 0 0 1.536 4.138
553000 0 0 1.432 4.142
554000 0 0 1.482 4.14
555000 0 0 1.474 4.134
556000 0 0 1.482 4.142
557000 0 0 1.53 4.144
558000 0 0 1.438 4.142
559000 0 0 1.452 4.148
560000 0 0 1.452 4.146
561000 0 0 1.588 4.14
562000 0 0 1.462 4.142
563000 0 0 1.52 4.144
564000 0 0 1.422 4.138
565000 0 0 1.51 4.132
566000 0 0 1.46 4.13
567000 0 0 1.432 4.126
568000 0 0 1.474 4.13
569000 0 0 1.452 4.13
570000 0 0 1.472 4.136
571000 0 0 1.468 4.132
572000 0 0 1.44 4.144
573000 0 0 1.398 4.144
574000 0 0 1.54 4.14
575000 0 0 1.48 4.142
576000 0 0 1.452 4.134
577000 0 0 1.474 4.134
578000 0 0 1.498 4.13
579000 0 0 1.52 4.128
580000 0 0 1.462 4.126
581000 0 0 1.43 4.138
582000 0 0 1.518 4.142
583000 0 0 1.488 4.134
584000 0 0 1.444 4.138
585000 0 0 1.52 4.138
586000 0 0 1.45 4.13
587000 0 0 1.514 4.136
588000 0 0 1.47 4.128
589000 0 0 1.506 4.134
590000 0 0 1.47 4.138
591000 0 0 1.408 4.132
592000 0 0 1.494 4.14
593000 0 0 1.41 4.146
594000 0 0 1.54 4.146
595000 0 0 1.382 4.142
596000 0 0 1.512 4.144
597000 0 0 1.512 4.136
598000 0 0 1.474 4.126
599000 0 0 1.47 4.126
600000 0 0 1.448 4.114
601000 0 0 1.424 4.128
602000 0 0 1.46 4.126
603000 0 0 1.434 4.132
604000 0 0 1.482 4.128
605000 0 0 1.43 4.132
606000 0 0 1.474 4.118
607000 0 0 1.534 4.128
608000 0 0 1.446 4.13
609000 0 0 1.52 4.128
610000 0 0 1.462 4.122
611000 0 0 1.452 4.116
612000 0 0 1.442 4.128
613000 0 0 1.53 4.138
614000 0 0 1.454 4.14
615000 0 0 1.448 4.124
616000 0 0 1.52 4.136
617000 0 0 1.506 4.138
618000 0 0 1.468 4.142
619000 0 0 1.516 4.144
620000 0 0 1.522 4.146
621000 0 0 1.406 4.144
622000 0 0 1.51 4.136
623000 0 0 1.492 4.138
624000 0 0 1.538 4.134
625000 0 0 1.488 4.122
626000 0 0 1.44 4.13
627000 0 0 1.546 4.13
628000 0 0 1.446 4.14
629000 0 0 1.478 4.142
630000 0 0 1.496 4.138
631000 0 0 1.532 4.146
632000 0 0 1.518 4.136
633000 0 0 1.424 4.136
634000 0 0 1.49 4.146
635000 0 0 1.48 4.148
636000 0 0 1.504 4.15
637000 0 0 1.51 4.14
638000 0 0 1.492 4.14
639000 0 0 1.494 4.148
640000 0 0 1.5 4.144
641000 0 0 1.388 4.142
642000 0 0 1.474 4.152
643000 0 0 1.52 4.156
644000 0 0 1.508 4.158
645000 0 0 1.434 4.154
646000 0 0 1.472 4.158
647000 0 0 1.43 4.156
648000 0 0 1.434 4.146
649000 0 0 1.504 4.148
650000 0 0 1.466 4.148
651000 0 0 1.372 4.152
652000 0 0 1.42 4.144
653000 0 0 1.468 4.138
654000 0 0 1.428 4.144
655000 0 0 1.446 4.152
656000 0 0 1.478 4.146
657000 0 0 1.482 4.154
658000 0 0 1.484 4.142
659000 0 0 1.466 4.152
660000 0 0 1.38 4.15
661000 0 0 1.494 4.146
662000 0 0 1.47 4.15
663000 0 0 1.514 4.16
664000 0 0 1.43 4.154
665000 0 0 1.456 4.148
666000 0 0 1.474 4.146
667000 0 0 1.488 4.15
668000 0 0 1.488 4.156
669000 0 0 1.412 4.152
670000 0 0 1.532 4.154
671000 0 0 1.518 4.16
672000 0 0 1.51 4.17
673000 0 0 1.482 4.168
674000 0 0 1.426 4.162
675000 0 0 1.55 4.146
676000 0 0 1.554 4.148
677000 0 0 1.528 4.152
678000 0 0 1.506 4.15
679000 0 0 1.424 4.144
680000 0 0 1.526 4.148
681000 0 0 1.46 4.148
682000 0 0 1.486 4.154
683000 0 0 1.568 4.15
684000 0 0 1.52 4.16
685000 0 0 1.472 4.162
686000 0 0 1.452 4.16
687000 0 0 1.492 4.168
688000 0 0 1.524 4.162
689000 0 0 1.42 4.156
690000 0 0 1.422 4.154
691000 0 0 1.48 4.15
692000 0 0 1.44 4.156
693000 0 0 1.536 4.166
694000 0 0 1.484 4.16
695000 0 0 1.5 4.156
696000 0 0 1.502 4.162
697000 0 0 1.468 4.176
698000 0 0 1.498 4.166
699000 0 0 1.574 4.166
700000 0 0 1.522 4.162
701000 0 0 1.516 4.16
702000 0 0 1.404 4.15
703000 0 0 1.45 4.148
704000 0 0 1.402 4.166
705000 0 0 1.506 4.158
706000 0 0 1.474 4.166
707000 0 0 1.536 4.16
708000 0 0 1.408 4.176
709000 0 0 1.486 4.172
710000 0 0 1.494 4.174
711000 0 0 1.474 4.17
712000 0 0 1.484 4.176
713000 0 0 1.556 4.178
714000 0 0 1.488 4.168
715000 0 0 1.534 4.18
716000 0 0 1.508 4.182
717000 0 0 1.566 4.18
718000 0 0 1.4 4.182
719000 0 0 1.47 4.186
720000 0 0 1.502 4.182
721000 0 0 1.406 4.176
722000 0 0 1.488 4.182
723000 0 0 1.452 4.176
724000 0 0 1.508 4.182
725000 0 0 1.522 4.174
726000 0 0 1.51 4.172
727000 0 0 1.47 4.174
728000 0 0 1.494 4.182
729000 0 0 1.514 4.186
730000 0 0 1.506 4.184
731000 0 0 1.506 4.18
732000 0 0 1.5 4.182
733000 0 0 1.426 4.176
734000 0 0 1.508 4.168
735000 0 0 1.474 4.176
736000 0 0 1.416 4.178
737000 0 0 1.526 4.176
738000 0 0 1.45 4.17
739000 0 0 1.516 4.172
740000 0 0 1.48 4.176
741000 0 0 1.43 4.168
742000 0 0 1.486 4.17
743000 0 0 1.562 4.16
744000 0 0 1.494 4.16
745000 0 0 1.494 4.168
746000 0 0 1.47 4.18
747000 0 0 1.464 4.18
748000 0 0 1.54 4.172
749000 0 0 1.482 4.17
750000 0 0 1.506 4.166
751000 0 0 1.426 4.162
752000 0 0 1.462 4.166
753000 0 0 1.42 4.17
754000 0 0 1.468 4.178
755000 0 0 1.408 4.174
756000 0 0 1.456 4.172
757000 0 0 1.542 4.166
758000 0 0 1.462 4.172
759000 0 0 1.43 4.154
760000 0 0 1.51 4.152
761000 0 0 1.424 4.158
762000 0 0 1.494 4.162
763000 0 0 1.476 4.16
764000 0 0 1.49 4.162
765000 0 0 1.496 4.168
766000 0 0 1.454 4.184
767000 0 0 1.556 4.184
768000 0 0 1.47 4.176
769000 0 0 1.45 4.176
770000 0 0 1.512 4.18
771000 0 0 1.444 4.182
772000 0 0 1.48 4.184
773000 0 0 1.438 4.184
774000 0 0 1.558 4.182
775000 0 0 1.488 4.176
776000 0 0 1.534 4.186
777000 0 0 1.522 4.184
778000 0 0 1.442 4.168
779000 0 0 1.544 4.178
780000 0 0 1.488 4.186
781000 0 0 1.382 4.182
782000 0 0 1.448 4.178
783000 0 0 1.506 4.182
784000 0 0 1.402 4.178
785000 0 0 1.58 4.174
786000 0 0 1.462 4.168
787000 0 0 1.456 4.162
788000 0 0 1.46 4.162
789000 0 0 1.538 4.172
790000 0 0 1.512 4.164
791000 0 0 1.364 4.172
792000 0 0 1.532 4.182
793000 0 0 1.458 4.18
794000 0 0 1.552 4.184
795000 0 0 1.552 4.174
796000 0 0 1.426 4.182
797000 0 0 1.516 4.17
798000 0 0 1.524 4.18
799000 0 0 1.424 4.176
800000 0 0 1.52 4.176
801000 0 0 1.464 4.17
802000 0 0 1.48 4.176
803000 0 0 1.464 4.176
804000 0 0 1.492 4.172
805000 0 0 1.468 4.178
806000 0 0 1.45 4.17
807000 0 0 1.498 4.168
808000 0 0 1.466 4.176
809000 0 0 1.436 4.17
810000 0 0 1.438 4.174
811000 0 0 1.482 4.18
812000 0 0 1.494 4.182
813000 0 0 1.39 4.184
814000 0 0 1.464 4.194
815000 0 0 1.452 4.186
816000 0 0 1.498 4.184
817000 0 0 1.466 4.192
818000 0 0 1.554 4.196
819000 0 0 1.434 4.19
820000 0 0 1.454 4.198
821000 0 0 1.512 4.194
822000 0 0 1.514 4.192
823000 0 0 1.476 4.19
824000 0 0 1.496 4.2
825000 0 0 1.462 4.196
826000 0 0 1.544 4.192
827000 0 0 1.466 4.196
828000 0 0 1.446 4.184
829000 0 0 1.51 4.186
830000 0 0 1.456 4.188
831000 0 0 1.394 4.198
832000 0 0 1.556 4.196
833000 0 0 1.544 4.198
834000 0 0 1.468 4.194
835000 0 0 1.416 4.196
836000 0 0 1.548 4.202
837000 0 0 1.542 4.196
838000 0 0 1.512 4.2
839000 0 0 1.42 4.196
840000 0 0 1.47 4.194
841000 0 0 1.49 4.2
842000 0 0 1.476 4.206
843000 0 0 1.426 4.198
844000 0 0 1.464 4.192
845000 0 0 1.53 4.188
846000 0 0 1.514 4.188
847000 0 0 1.47 4.198
848000 0 0 1.508 4.186
849000 0 0 1.52 4.198
850000 0 0 1.504 4.194
851000 0 0 1.458 4.194
852000 0 0 1.49 4.2
853000 0 0 1.476 4.192
854000 0 0 1.51 4.188
855000 0 0 1.468 4.184
856000 0 0 1.532 4.186
857000 0 0 1.474 4.182
858000 0 0 1.566 4.182
859000 0 0 1.59 4.192
860000 0 0 1.556 4.188
861000 0 0 1.462 4.186
862000 0 0 1.446 4.188
863000 0 0 1.394 4.194
864000 0 0 1.518 4.194
865000 0 0 1.444 4.192
866000 0 0 1.442 4.188
867000 0 0 1.504 4.182
868000 0 0 1.602 4.186
869000 0 0 1.512 4.188
870000 0 0 1.478 4.18
871000 0 0 1.576 4.188
872000 0 0 1.468 4.18
873000 0 0 1.48 4.182
874000 0 0 1.534 4.186
875000 0 0 1.454 4.178
876000 0 0 1.454 4.182
877000 0 0 1.552 4.184
878000 0 0 1.502 4.19
879000 0 0 1.408 4.178
880000 0 0 1.51 4.182
881000 0 0 1.43 4.174
882000 0 0 1.448 4.182
883000 0 0 1.462 4.17
884000 0 0 1.504 4.18
885000 0 0 1.432 4.18
886000 0 0 1.462 4.174
887000 0 0 1.518 4.176
888000 0 0 1.442 4.182
889000 0 0 1.49 4.182
890000 0 0 1.49 4.188
891000 0 0 1.456 4.18
892000 0 0 1.56 4.182
893000 0 0 1.53 4.18
894000 0 0 1.562 4.19
895000 0 0 1.564 4.19
896000 0 0 1.434 4.18
897000 0 0 1.5 4.184
898000 0 0 1.51 4.178
899000 0 0 1.476 4.184
900000 0 0 1.556 4.186
901000 0 0 1.466 4.18
902000 0 0 1.46 4.18
903000 0 0 1.386 4.182
904000 0 0 1.498 4.182
905000 0 0 1.504 4.178
906000 0 0 1.488 4.172
907000 0 0 1.438 4.174
908000 0 0 1.558 4.172
909000 0 0 1.528 4.182
910000 0 0 1.446 4.184
911000 0 0 1.488 4.184
912000 0 0 1.478 4.176
913000 0 0 1.448 4.18
914000 0 0 1.54 4.182
915000 0 0 1.504 4.182
916000 0 0 1.512 4.184
917000 0 0 1.47 4.176
918000 0 0 1.512 4.178
919000 0 0 1.51 4.176
920000 0 0 1.508 4.188
921000 0 0 1.458 4.182
922000 0 0 1.522 4.182
923000 0 0 1.444 4.186
924000 0 0 1.472 4.18
925000 0 0 1.502 4.184
926000 0 0 1.468 4.174
927000 0 0 1.458 4.178
928000 0 0 1.462 4.178
929000 0 0 1.59 4.178
930000 0 0 1.494 4.18
931000 0 0 1.538 4.182
932000 0 0 1.482 4.19
933000 0 0 1.47 4.182
934000 0 0 1.496 4.192
935000 0 0 1.47 4.188
936000 0 0 1.516 4.188
937000 0 0 1.454 4.186
938000 0 0 1.522 4.186
939000 0 0 1.506 4.18
940000 0 0 1.476 4.174
941000 0 0 1.472 4.178
942000 0 0 1.452 4.176
943000 0 0 1.45 4.172
944000 0 0 1.514 4.184
945000 0 0 1.454 4.184
946000 0 0 1.486 4.188
947000 0 0 1.54 4.194
948000 0 0 1.432 4.19
949000 0 0 1.544 4.19
950000 0 0 1.484 4.192
951000 0 0 1.422 4.186
952000 0 0 1.44 4.19
953000 0 0 1.508 4.192
954000 0 0 1.498 4.19
955000 0 0 1.538 4.18
956000 0 0 1.554 4.186
957000 0 0 1.522 4.186
958000 0 0 1.444 4.19
959000 0 0 1.568 4.188
960000 0 0 1.548 4.188
961000 0 0 1.446 4.176
962000 0 0 1.49 4.176
963000 0 0 1.552 4.178
964000 0 0 1.39 4.184
965000 0 0 1.578 4.184
966000 0 0 1.482 4.184
967000 0 0 1.534 4.174
968000 0 0 1.536 4.182
969000 0 0 1.504 4.182
970000 0 0 1.588 4.178
971000 0 0 1.488 4.182
972000 0 0 1.564 4.174
973000 0 0 1.498 4.174
974000 0 0 1.492 4.188
975000 0 0 1.518 4.184
976000 0 0 1.442 4.174
977000 0 0 1.564 4.168
978000 0 0 1.394 4.18
979000 0 0 1.4 4.172
980000 0 0 1.458 4.18
981000 0 0 1.466 4.178
982000 0 0 1.404 4.176
983000 0 0 1.54 4.176
984000 0 0 1.408 4.174
985000 0 0 1.478 4.172
986000 0 0 1.446 4.174
987000 0 0 1.526 4.176
988000 0 0 1.496 4.168
989000 0 0 1.486 4.176
990000 0 0 1.49 4.174
991000 0 0 1.36 4.172
992000 0 0 1.566 4.174
993000 0 0 1.464 4.168
994000 0 0 1.502 4.17
995000 0 0 1.438 4.176
996000 0 0 1.552 4.176
997000 0 0 1.53 4.184
998000 0 0 1.444 4.184
999000 0 0 1.442 4.186
1000000 0 0 1.51 4.18
