# Time-averaged data for fix avgcoord
# TimeStep c_ac50 c_ac75 c_ac100 c_ac125
10000 0 0.08 2.6 6.88
20000 0 0.12 3.2 7
30000 0 0.44 3.08 6.36
40000 0 0.16 2.24 6.52
50000 0 0.12 2.72 6.32
60000 0 0.24 2.68 6.68
70000 0 0.36 2.88 7.2
80000 0 0.12 2.72 6.56
90000 0 0.12 2.44 6.28
100000 0 0.16 2.64 6.36
110000 0 0.12 2.52 6.8
120000 0 0.08 2.6 6.84
130000 0 0.28 2.76 6.48
140000 0 0.08 2.64 6.6
150000 0 0.12 3.08 6.6
160000 0 0.16 2.4 6.8
170000 0 0.2 2.28 6.4
180000 0 0.12 2.6 6.64
190000 0 0.2 2.72 6.36
200000 0 0.16 2.6 6.72
210000 0 0.24 2.56 6.68
220000 0 0.28 2.72 6.52
230000 0 0.4 2.52 6.84
240000 0 0.08 2.36 6.4
250000 0 0.2 2.52 6.48
260000 0 0.2 2.72 6.84
270000 0 0.28 2.24 6.24
280000 0 0.12 2.6 6.16
290000 0 0.12 2.6 6.4
300000 0 0.16 2.64 6.64
310000 0 0.12 2.68 6.72
320000 0 0.04 2.4 6.44
330000 0 0.04 2.36 6.56
340000 0 0.08 2.52 6.32
350000 0 0.04 2.16 6.36
360000 0 0.2 2.88 6.64
370000 0 0.12 2.4 6.6
380000 0 0.04 2.48 6.64
390000 0 0.16 1.96 6.24
400000 0 0.12 2.64 6.68
410000 0 0.16 2.6 6.04
420000 0 0.08 2.76 6.36
430000 0 0.2 2.44 6.32
440000 0 0.16 2.48 6.56
450000 0 0 3.16 6.68
460000 0 0.08 2.52 6.36
470000 0 0.2 2.72 6.36
480000 0 0.2 2.36 6.24
490000 0 0.04 2.28 6.64
500000 0 0.04 2.72 6.64
510000 0 0.08 2.8 6.52
520000 0 0.08 2.56 6.52
530000 0 0.2 2.6 6.16
540000 0 0 3 6.92
550000 0 0.24 2.88 6.76
560000 0 0.2 2.68 6.24
570000 0 0.28 2.64 6.48
580000 0 0.32 2.48 6.56
590000 0 0.12 3.24 6.88
600000 0 0.12 2.6 6.36
610000 0 0.08 2.6 6.4
620000 0 0.24 2.6 6.64
630000 0 0.24 2.48 6.04
640000 0 0.08 2.64 5.96
650000 0 0.12 2.6 6.64
660000 0 0.04 2.52 6.4
670000 0 0.16 2.64 6.64
680000 0 0.04 2.28 6.44
690000 0 0.2 2 6.52
700000 0 0.04 3.08 6.68
710000 0 0.16 3.04 6.96
720000 0 0.08 2.36 6.48
730000 0 0.08 2.56 6.4
740000 0 0.08 2.36 6.12
750000 0 0.32 2.56 6.6
760000 0 0.16 2.56 6.96
770000 0 0.16 2.48 6.04
780000 0 0.08 2.4 6.12
790000 0 0.04 2.48 7.04
800000 0 0.12 2.64 6.88
810000 0 0.24 2.72 6.36
820000 0 0.24 2.6 6.28
830000 0 0.12 2.4 6.64
840000 0 0.12 2.72 6.12
850000 0 0.08 2.56 6.44
860000 0 0.08 2.72 6.8
870000 0 0.12 2.68 6.4
880000 0 0.12 2.64 6.28
890000 0 0.12 2.56 6.04
900000 0 0.2 2.76 6.2
910000 0 0.04 2.84 6.36
920000 0 0.08 2.16 6.28
930000 0 0.12 2.52 6.4
940000 0 0.2 2.8 6.28
950000 0 0.2 2.96 6.76
960000 0 0.24 2.32 6.4
970000 0 0.12 2.64 6.72
980000 0 0.08 2.64 6.32
990000 0 0.16 2.44 6.56
1000000 0 0.08 2.44 6.12
1010000 0 0.08 2.56 6
1020000 0 0.12 2.72 6.52
1030000 0 0.12 2.16 6.52
1040000 0 0.32 2.96 6.56
1050000 0 0.16 2.84 6.68
1060000 0 0.16 2.28 6.08
1070000 0 0.08 2.92 7
1080000 0 0.12 2.64 6.92
1090000 0 0.16 2.48 6.68
1100000 0 0.08 2.6 6.36
1110000 0 0.2 2.48 6.12
1120000 0 0.16 2.88 6.44
1130000 0 0.12 2.68 6.56
1140000 0 0.16 2.4 6.4
1150000 0 0.2 2.32 6.2
1160000 0 0.2 2.68 6.36
1170000 0 0.2 2.84 6.28
1180000 0 0.04 2.72 6.52
1190000 0 0.08 2.44 6.08
1200000 0 0.08 2.88 6.76
1210000 0 0.2 2.08 6.12
1220000 0 0.08 2.32 6.52
1230000 0 0.2 2.32 6.32
1240000 0 0.08 2.96 6.52
1250000 0 0.28 2.72 6.84
1260000 0 0.16 2.16 6.36
1270000 0 0.28 2.76 6.16
1280000 0 0.12 2.64 7.36
1290000 0 0.2 2.8 6.16
1300000 0 0.08 2.48 6.48
1310000 0 0.32 2.92 6.12
1320000 0 0.2 2.56 7
1330000 0 0.08 2.56 6.44
1340000 0 0.12 2.88 6.52
1350000 0 0.28 2.84 6.48
1360000 0 0.24 2.76 6.56
1370000 0 0.12 2.52 6.16
1380000 0 0.2 2.44 6.32
1390000 0 0.24 2.6 6.96
1400000 0 0.08 2.56 6.8
1410000 0 0.2 2.48 6.28
1420000 0 0.08 2.56 6.64
1430000 0 0.08 2.72 6.84
1440000 0 0.12 2.56 6.24
1450000 0 0.16 2.52 6.16
1460000 0 0.16 2.68 6.44
1470000 0 0.2 2.68 6.24
1480000 0 0.2 2.44 6.4
1490000 0 0.2 2.96 6.44
1500000 0 0.2 2.48 6.24
1510000 0 0.12 2.72 5.84
1520000 0 0.24 2.52 6.24
1530000 0 0.12 2.64 6.64
1540000 0 0.12 2.84 6.52
1550000 0 0.16 2.52 6.16
1560000 0 0.08 2.6 6.44
1570000 0 0.12 2.48 6.48
1580000 0 0.12 2.72 6.48
1590000 0 0.04 2.44 6.64
1600000 0 0.2 2.52 6.32
1610000 0 0.2 2.56 6.72
1620000 0 0.16 2.76 6.44
1630000 0 0 2.52 6.4
1640000 0 0.16 2.36 6.52
1650000 0 0.2 2.4 6.36
1660000 0 0.2 2.68 6.52
1670000 0 0.08 2.68 6.68
1680000 0 0.08 2.64 6.52
1690000 0 0.04 2.56 6.08
1700000 0 0.16 2.44 6.56
1710000 0 0.08 2.6 6.68
1720000 0 0.04 2.4 6.28
1730000 0 0.2 2.32 6.44
1740000 0 0.12 2.76 6.48
1750000 0 0.04 2.84 6.32
1760000 0 0.04 2.52 6.52
1770000 0 0.32 2.64 6.24
1780000 0 0.12 2.28 6.08
1790000 0 0.16 2.72 6.44
1800000 0 0.16 2.6 6.4
1810000 0 0.04 2.8 6.76
1820000 0 0.08 2.48 6.48
1830000 0 0.12 2.48 6.36
1840000 0 0.2 3.04 6.48
1850000 0 0.16 2.6 6.76
1860000 0 0.12 2.6 6.28
1870000 0 0.08 3.08 6.32
1880000 0 0.04 2.48 6.48
1890000 0 0.16 2.52 6.56
1900000 0 0.2 2.52 6.76
1910000 0 0.24 2.44 6.24
1920000 0 0.04 2.8 6.8
1930000 0 0.16 2.64 6.8
1940000 0 0.08 2.52 6.76
1950000 0 0.16 2.56 6
1960000 0 0.08 2.92 7.2
1970000 0 0.24 2.72 6.24
1980000 0 0.2 2.48 6.84
1990000 0 0.08 2.76 6.36
2000000 0 0.12 2.64 6.36
2010000 0 0.12 2.52 6.36
2020000 0 0.24 2.44 6.76
2030000 0 0.28 2.28 6.6
2040000 0 0.12 2.44 6.8
2050000 0 0.24 2.16 6.32
2060000 0 0.32 2.72 6.24
2070000 0 0.04 2.52 6.4
2080000 0 0.16 2.64 6.72
2090000 0 0.12 2 6.52
2100000 0 0.12 2.6 6.48
2110000 0 0.16 2.64 6.8
2120000 0 0.2 2.4 6.48
2130000 0 0.2 2.56 6.08
2140000 0 0.12 1.96 6.08
2150000 0 0.12 2.8 6.56
2160000 0 0.2 2.4 6.64
2170000 0 0.04 2.16 6.44
2180000 0 0.12 2.64 6.52
2190000 0 0.24 2.76 6.72
2200000 0.04 0.24 2.64 6.76
2210000 0 0.16 2.8 6.36
2220000 0 0.16 2.28 6.12
2230000 0 0.12 2.76 6.72
2240000 0 0.12 2.08 6.56
2250000 0 0.2 2.6 6.72
2260000 0 0.16 2.36 6.32
2270000 0 0.36 2.64 6.24
2280000 0 0.12 2.4 6.32
2290000 0 0.08 2.6 6.48
2300000 0 0.12 2.28 6.12
2310000 0 0.08 3.12 6.68
2320000 0 0.16 2.56 6.08
2330000 0 0.08 2.56 7
2340000 0 0.2 2.4 6.48
2350000 0 0.2 2.72 6.72
2360000 0 0.12 2.76 6.72
2370000 0 0.08 2.8 6.28
2380000 0 0.16 2.64 6.6
2390000 0 0.16 2.56 6.28
2400000 0 0.24 3.4 6.88
2410000 0 0.12 2.6 6.72
2420000 0 0.12 2.84 6.6
2430000 0 0.12 2.64 6.68
2440000 0 0.16 2.8 7.04
2450000 0 0.16 2.64 6.52
2460000 0 0.12 2.92 6.76
2470000 0 0.28 2.44 6.68
2480000 0 0.12 2.16 6.28
2490000 0 0.04 2.96 6.72
2500000 0 0.04 3 6.36
2510000 0 0.12 2.8 6.28
2520000 0 0.08 2.48 6.36
2530000 0 0.16 2.48 6.56
2540000 0 0.04 2.2 6.8
2550000 0 0.12 2.72 6.64
2560000 0 0.04 2.8 6.12
2570000 0 0.2 2.76 6.44
2580000 0 0.04 2.2 6.4
2590000 0 0.08 2.36 6.56
2600000 0 0.16 2.56 6.36
2610000 0 0.16 2.56 6.48
2620000 0 0.28 2.8 6.6
2630000 0 0.08 2.76 6.04
2640000 0 0.08 2.48 6.48
2650000 0 0.12 3 7.32
2660000 0 0.2 2.48 6.08
2670000 0 0.16 2.68 6.28
2680000 0 0.24 2.52 6.24
2690000 0 0.08 3 6.32
2700000 0 0.08 2.56 6.28
2710000 0 0.2 2.48 6.44
2720000 0 0.12 2.44 6.32
2730000 0 0.2 2.72 6.2
2740000 0 0.04 2.64 6.72
2750000 0 0.04 2.56 6.28
2760000 0 0.16 2.72 6.44
2770000 0 0.12 2.6 6.36
2780000 0 0.28 2.6 6
2790000 0 0.16 2.68 6.68
2800000 0 0.12 2.24 6.48
2810000 0 0.16 2.88 6.32
2820000 0 0.04 2.4 6.88
2830000 0 0.08 2.84 6.52
2840000 0 0.2 2.36 6.72
2850000 0 0.08 2.6 6.68
2860000 0 0.28 2.6 7
2870000 0 0.16 2.72 6.4
2880000 0 0.16 2.68 6.84
2890000 0 0.2 2.92 6.32
2900000 0 0.16 2.72 6.2
2910000 0 0.12 2.72 5.92
2920000 0 0.08 2.4 6.2
2930000 0 0.2 2.64 6.28
2940000 0 0.08 2.56 6.4
2950000 0 0.12 3.04 6.56
2960000 0 0.08 2.6 6.32
2970000 0 0.12 2.92 6.44
2980000 0 0.16 2.4 6.44
2990000 0 0.08 2.64 6.52
3000000 0 0.12 2.16 6.28
3010000 0 0.12 2.56 6.68
3020000 0 0.24 2.84 6.8
3030000 0 0.12 3.2 6.84
3040000 0 0.28 2.4 6.2
3050000 0 0.2 3.4 7.28
3060000 0 0.08 3 6.6
3070000 0 0.12 2.48 6.12
3080000 0 0.16 2.28 6.44
3090000 0 0.2 2.56 6.44
3100000 0 0 3 6.36
3110000 0 0.08 2.68 6.6
3120000 0 0.2 2.52 6.92
3130000 0 0.04 3.04 6.08
3140000 0 0.08 2.28 6.28
3150000 0 0.2 2.8 6.4
3160000 0 0.12 2.44 6.12
3170000 0 0.2 2.44 6.16
3180000 0 0.2 2.48 6.12
3190000 0 0.24 2.44 6.36
3200000 0 0.12 2.32 6.2
3210000 0 0.24 2.72 6.72
3220000 0 0.24 2.2 5.76
3230000 0 0.12 2.64 6.32
3240000 0 0.12 2.04 6.68
3250000 0 0.08 2.6 6.28
3260000 0 0.24 2.48 6.6
3270000 0 0.28 2.44 6.28
3280000 0 0.2 2.48 6.44
3290000 0 0.16 2.88 6.16
3300000 0 0.12 2.6 6.16
3310000 0 0.08 2.6 6.32
3320000 0 0.2 2.12 6.48
3330000 0 0.24 2.4 6.56
3340000 0 0.08 2.4 6.4
3350000 0 0.16 2.48 6.24
3360000 0 0.12 2.72 6.64
3370000 0 0.16 2.64 6.48
3380000 0 0.08 2.36 6.28
3390000 0 0.24 2.72 6.2
3400000 0 0.12 2.76 6.52
3410000 0 0 2.56 6.52
3420000 0 0.12 2.24 6.32
3430000 0 0.12 2.8 6.4
3440000 0 0.24 2.68 6.64
3450000 0 0.2 3.24 7.2
3460000 0 0.2 3.2 6.48
3470000 0 0.2 3.16 6.6
3480000 0 0.12 2.64 7.08
3490000 0 0.36 2.68 6.28
3500000 0 0.16 2.6 6.64
3510000 0 0.12 2.12 6.36
3520000 0 0.12 3 6.2
3530000 0 0.16 2.6 6.44
3540000 0 0.24 2.92 6.4
3550000 0 0 2.28 6.52
3560000 0 0.2 2.64 6.4
3570000 0 0.24 2.68 6.64
3580000 0 0.08 2.68 6.52
3590000 0 0.24 2.64 7.08
3600000 0 0.32 2.36 6.36
3610000 0 0.12 2.4 5.96
3620000 0 0.12 2.28 6.72
3630000 0 0.08 2.56 6.6
3640000 0 0.04 3.12 6.64
3650000 0 0.2 2.36 6.44
3660000 0 0.12 2.24 6.2
3670000 0 0.2 2.6 6.56
3680000 0 0.2 2.84 6.44
3690000 0 0.12 2.68 6.56
3700000 0 0.24 2.36 6.4
3710000 0 0.2 2.56 6.28
3720000 0 0.16 2.76 6.2
3730000 0 0.08 2.84 6.36
3740000 0 0.2 2.68 6.44
3750000 0 0.12 2.52 6.52
3760000 0 0.2 2.76 6.28
3770000 0 0.16 2.4 6.6
3780000 0 0.12 2.56 6.52
3790000 0 0.32 2.92 6.08
3800000 0 0.24 2.56 6.72
3810000 0 0.08 2.4 6.4
3820000 0 0.28 2.92 6.48
3830000 0 0.08 2.64 6.2
3840000 0 0.04 2.52 6.36
3850000 0 0.16 2.52 6
3860000 0 0.16 3 6.6
3870000 0 0 2.96 6.2
3880000 0 0.12 2.84 6.28
3890000 0 0.08 2.52 6.2
3900000 0 0.08 2.56 6.08
3910000 0 0.16 2.48 6.12
3920000 0 0.24 2.96 6.8
3930000 0 0.2 2.48 6.72
3940000 0 0.12 2.48 6.44
3950000 0 0.12 2.52 6.88
3960000 0 0.2 2.88 6.56
3970000 0 0.08 2.6 6.6
3980000 0 0 2.56 6.52
3990000 0 0.2 2.6 6.52
4000000 0 0.12 2.88 6.52
4010000 0 0.08 2.32 6.2
4020000 0 0.24 2.64 6.84
4030000 0 0.12 2.68 6.52
4040000 0 0.12 2.36 6.68
4050000 0 0.24 2.92 6.88
4060000 0 0.16 2.72 6.72
4070000 0 0.12 2.64 6.48
4080000 0 0.04 2.4 6.48
4090000 0 0.16 3 6.2
4100000 0 0.08 2.64 6.68
4110000 0 0.12 2.8 5.88
4120000 0 0.32 3.32 6.52
4130000 0 0.2 2.6 6.32
4140000 0 0.24 2.4 6.44
4150000 0 0.16 2.64 6.16
4160000 0 0.12 2.72 6.88
4170000 0 0.2 3.16 6.56
4180000 0 0.28 2.6 6.44
4190000 0 0.28 2.6 6.6
4200000 0 0.2 2.76 6.24
4210000 0 0.08 2.56 6.32
4220000 0 0.16 2.32 6
4230000 0 0.08 2.56 6.24
4240000 0 0.28 2.92 6.8
4250000 0 0.16 2.68 6.52
4260000 0 0.2 3.28 6.52
4270000 0 0.08 2.52 6.6
4280000 0 0.24 2.56 6.6
4290000 0 0.2 2.76 6.84
4300000 0 0.16 3.12 6.84
4310000 0 0.12 2.6 6.6
4320000 0 0.24 2.8 6.88
4330000 0 0.08 3.12 7.24
4340000 0 0.08 2.36 6.28
4350000 0 0.32 3.08 6.96
4360000 0 0 2.04 6.36
4370000 0 0.16 2.04 6.32
4380000 0 0.32 2.76 6.12
4390000 0 0.24 2.36 7.04
4400000 0 0.04 2.6 6.04
4410000 0 0.2 2.72 6.24
4420000 0 0.24 2.48 6.68
4430000 0 0.04 2.28 6.16
4440000 0 0.16 2.84 7.08
4450000 0 0.04 2.68 6.36
4460000 0 0 2.64 6.36
4470000 0 0.12 2.52 6.32
4480000 0 0.12 2.68 6.48
4490000 0 0.04 2.6 6.44
4500000 0 0.08 2.6 6.28
4510000 0 0.2 2.44 6.28
4520000 0 0.08 2.72 6.12
4530000 0 0.04 2.6 6.6
4540000 0 0.2 2.36 6.32
4550000 0 0.24 2.72 6.4
4560000 0 0.08 2.6 6.36
4570000 0 0.24 3 6.84
4580000 0 0.12 2.52 6.72
4590000 0 0.28 2.96 6.64
4600000 0 0.16 2.44 6.76
4610000 0 0.12 2.36 6.12
4620000 0 0.16 2.8 6.32
4630000 0 0.12 2.56 6.24
4640000 0 0.12 2.48 6.84
4650000 0 0.24 2.64 6.04
4660000 0 0.16 2.4 6.12
4670000 0 0.08 2.48 6.56
4680000 0 0.2 2.4 6.12
4690000 0 0.08 2.76 6.8
4700000 0 0.36 2.76 6.16
4710000 0 0.16 2.68 6.4
4720000 0 0.04 2.56 6.84
4730000 0 0.16 2.48 6.2
4740000 0 0.12 2.68 6.2
4750000 0 0.12 2.2 6.76
4760000 0 0.04 2.48 6.28
4770000 0 0.16 2.64 6.52
4780000 0 0.04 2.48 6.28
4790000 0 0.12 2.2 6.64
4800000 0 0.16 2.84 6.76
4810000 0 0.12 2.52 6.28
4820000 0 0.2 2.64 6.36
4830000 0 0.2 2.56 6.88
4840000 0 0.28 2.88 6.2
4850000 0 0.32 2.52 6.36
4860000 0 0.12 2.12 6.36
4870000 0 0.16 2.6 6.56
4880000 0 0.16 2.48 7
4890000 0 0.08 3.04 6.96
4900000 0 0.16 2.72 6.28
4910000 0 0 2.28 6.4
4920000 0 0.16 2.84 6.76
4930000 0 0.2 2.32 6.36
4940000 0 0.12 2.4 6.68
4950000 0 0.2 2.72 6.72
4960000 0 0.12 2.84 6.4
4970000 0 0.24 3.24 6.64
4980000 0 0.16 2.48 6.12
4990000 0 0.12 2.72 6.4
5000000 0 0.04 2.6 6.8
5010000 0 0.24 2.44 6.2
5020000 0 0.12 2.64 6.04
5030000 0 0.08 2.72 6.8
5040000 0 0.12 2.84 6.68
5050000 0 0.24 2.76 6.2
5060000 0 0.32 2.32 6.56
5070000 0 0.2 2.88 6.56
5080000 0 0.16 2.52 6.52
5090000 0 0.16 2.28 6.16
5100000 0 0.2 2.44 6.44
5110000 0 0.28 2.76 6.44
5120000 0 0.16 2.68 5.8
5130000 0 0.2 2.64 6.52
5140000 0 0.12 2.52 6.56
5150000 0 0.28 2.4 6.28
5160000 0 0.28 2.4 6.4
5170000 0 0.2 2.64 6.44
5180000 0 0.16 2.4 6.08
5190000 0 0.16 2.84 6.72
5200000 0 0.12 2.64 6.44
5210000 0 0.04 2.4 6.56
5220000 0 0.08 2.64 6.92
5230000 0 0.24 2.76 6.4
5240000 0 0.12 2.48 6.04
5250000 0 0.12 2.8 6.28
5260000 0 0.2 2.72 6.08
5270000 0 0.2 2.64 6.92
5280000 0 0.2 2.8 6.52
5290000 0 0.16 2.68 6.28
5300000 0 0.08 2.48 6.36
5310000 0 0 2.08 6.28
5320000 0 0.2 2.68 6.48
5330000 0 0.08 2.56 6.4
5340000 0 0.12 2.52 6.56
5350000 0 0.16 2.36 6.64
5360000 0 0.16 2.96 6.52
5370000 0 0.16 2.64 6.68
5380000 0 0.04 2.4 6.68
5390000 0 0.12 2.6 6.52
5400000 0 0.04 2.48 6.32
5410000 0 0.16 2.76 6.6
5420000 0 0.12 2.68 6.76
5430000 0 0.36 2.68 6.64
5440000 0 0.2 2.68 6.6
5450000 0 0.08 2.72 6.36
5460000 0 0.24 2.28 6.12
5470000 0 0.08 2.12 6.6
5480000 0 0.16 2.44 6.4
5490000 0 0.12 2.44 6.72
5500000 0 0.32 2.64 6.32
5510000 0 0.2 2.88 6.76
5520000 0 0.12 2.44 6.56
5530000 0 0.16 2.68 6.44
5540000 0 0.08 3.04 6.8
5550000 0 0.16 2.92 6.16
5560000 0 0.16 2.68 6.44
5570000 0 0.2 2.56 6.48
5580000 0 0.12 3 6.52
5590000 0 0.2 2.96 6.76
5600000 0 0.28 2.88 6.44
5610000 0 0.2 2.88 6.64
5620000 0 0.04 2.64 6.48
5630000 0 0.08 2.52 6.24
5640000 0 0.24 2.72 6.84
5650000 0 0.2 2.52 6.56
5660000 0 0.16 2.72 7
5670000 0 0.2 2.76 6.36
5680000 0 0.04 2.76 6.24
5690000 0 0.2 2.88 6.2
5700000 0 0.04 2.56 6.28
5710000 0 0.2 2.44 6.56
5720000 0 0.16 2.56 6.48
5730000 0 0.16 2.68 6.24
5740000 0 0 2.68 6.44
5750000 0 0.24 3 6.92
5760000 0 0.16 2.76 6.88
5770000 0 0.12 2.16 6.52
5780000 0 0.16 3 6.72
5790000 0 0.16 2.44 6.24
5800000 0 0.2 2.48 6.28
5810000 0 0.12 2.4 5.96
5820000 0 0.24 2.72 6.68
5830000 0 0.16 2.64 6.44
5840000 0 0.2 2.8 6.64
5850000 0 0.12 3 6.12
5860000 0 0.12 2.32 6.64
5870000 0 0.2 2.52 6.6
5880000 0 0.2 3.2 6.96
5890000 0 0.16 2.32 6.4
5900000 0 0.08 2.44 6.68
5910000 0 0.16 2.8 6.44
5920000 0 0.2 2.2 6.48
5930000 0 0.12 2.64 6.56
5940000 0 0.24 2.2 6.32
5950000 0 0.36 2.68 7
5960000 0 0.08 2.72 6.52
5970000 0 0 2.8 6.64
5980000 0 0.2 2.64 6.32
5990000 0 0.2 2.76 6.6
6000000 0 0.04 2.64 6.48
6010000 0 0.2 2.92 6.64
6020000 0 0.12 2.56 6.24
6030000 0 0.12 2.72 6.32
6040000 0 0.2 2.6 6.76
6050000 0 0.12 2.44 6.72
6060000 0 0.32 2.68 6.08
6070000 0 0.16 3.08 6.28
6080000 0 0.12 2.56 6.68
6090000 0 0.16 2.6 7.04
6100000 0 0.12 2.24 6.36
6110000 0 0.16 2.84 6.48
6120000 0 0.12 2.48 6.24
6130000 0 0.24 2.64 6.48
6140000 0 0.24 2.8 6.16
6150000 0 0.2 2.72 6.6
6160000 0 0.16 2.64 6
6170000 0 0.2 2.76 6.36
6180000 0 0.2 2.44 6.2
6190000 0 0.28 2.32 6.12
6200000 0 0.16 2.72 6.32
6210000 0 0.08 2.84 6.28
6220000 0 0.08 2.4 6.68
6230000 0 0.24 3 7.28
6240000 0 0.2 2.64 6.52
6250000 0 0.12 2.32 6.24
6260000 0 0.16 2.44 5.76
6270000 0 0.16 2.72 6.12
6280000 0 0.16 2.72 6.88
6290000 0 0.04 2.72 6.32
6300000 0 0.04 2.56 6.16
6310000 0 0.08 2.36 6.16
6320000 0 0.08 2.68 6.72
6330000 0 0.04 2.4 6.2
6340000 0 0.32 2.8 6.24
6350000 0 0.12 2.56 6.52
6360000 0 0.12 2.8 6.52
6370000 0 0.12 2.72 6.64
6380000 0 0.2 2.44 6.52
6390000 0 0.16 2.44 6.4
6400000 0 0.2 2.6 7
6410000 0 0 2.68 6.6
6420000 0 0.16 2.72 6.84
6430000 0 0.08 2.28 6.96
6440000 0 0.12 2.68 6.48
6450000 0 0.08 2.56 6.28
6460000 0 0.12 2.64 6.64
6470000 0 0.08 2.44 6.56
6480000 0 0.04 2.52 6.44
6490000 0 0.08 2.8 6.36
6500000 0 0.16 2.32 6.16
6510000 0 0.08 2.92 6.88
6520000 0 0.08 2.52 6.56
6530000 0 0.12 2.52 5.92
6540000 0 0.24 2.4 6.32
6550000 0 0.12 2.6 6.4
6560000 0 0.04 2.36 6.08
6570000 0 0.08 2.84 6.64
6580000 0 0.16 2.44 6.36
6590000 0 0.12 2.64 6.48
6600000 0 0.08 2.4 6.16
6610000 0 0.12 2.6 6.24
6620000 0 0 2.36 6.92
6630000 0 0.16 2.68 6.16
6640000 0 0.2 2.4 6.72
6650000 0 0.08 2.96 6.6
6660000 0 0.12 3.16 6.56
6670000 0 0.2 2.8 6.32
6680000 0 0.24 2.64 6.48
6690000 0 0.12 3.32 6.52
6700000 0 0.24 2.84 6.2
6710000 0 0.16 2.68 6.72
6720000 0 0.12 2.12 6.24
6730000 0 0.2 2.52 7.24
6740000 0 0.16 2.96 6.6
6750000 0 0.28 2.76 6.12
6760000 0 0.08 2.36 6.24
6770000 0 0.32 2.68 6.44
6780000 0 0.08 2.4 6.28
6790000 0 0.04 2.76 6.84
6800000 0 0.04 2.36 6.68
6810000 0 0.12 2.6 6.48
6820000 0 0.12 2.72 7
6830000 0 0.28 2.76 6.32
6840000 0 0.2 2.64 6.52
6850000 0 0.12 2.16 6.24
6860000 0 0.2 2.32 6.72
6870000 0 0.08 3 6.88
6880000 0 0.08 2.64 6.44
6890000 0 0.16 2.68 6.44
6900000 0 0.2 2.72 6.28
6910000 0 0.08 2.68 6.92
6920000 0 0 2.76 6.2
6930000 0 0.04 2.52 6.44
6940000 0 0.2 2.4 6.36
6950000 0 0.12 2.24 6.56
6960000 0 0.12 2.56 6.48
6970000 0 0.16 2.4 6.44
6980000 0 0.16 2.44 6.04
6990000 0 0.16 2.12 6.36
7000000 0 0.04 2.92 6.52
7010000 0 0.2 2.88 6.6
7020000 0 0.04 2.6 6.2
7030000 0 0.24 2.32 6.28
7040000 0 0.08 2.92 6.88
7050000 0 0.04 2.84 6.32
7060000 0 0.12 2.68 6.52
7070000 0 0.16 2.64 6.36
7080000 0 0.24 2.52 6.2
7090000 0 0.16 2.76 6.56
7100000 0 0 2.8 6.48
7110000 0 0.24 2.56 6.44
7120000 0 0.16 2.32 6.72
7130000 0 0.12 2.44 6.12
7140000 0 0.12 2.52 6.24
7150000 0 0.12 2.44 6.36
7160000 0 0.12 2.8 6.6
7170000 0 0.24 2.68 7.16
7180000 0 0.2 2.84 6.56
7190000 0 0.04 2.4 6.32
7200000 0 0.2 3.04 7.16
7210000 0 0.24 2.8 6.24
7220000 0 0.16 2.56 6.2
7230000 0 0.12 3 6.36
7240000 0 0.04 2.8 6.52
7250000 0 0.08 2.8 6.68
7260000 0 0.12 2.08 5.84
7270000 0 0.2 2.8 6.76
7280000 0 0.16 2.44 7
7290000 0 0.16 2.48 6.32
7300000 0 0.12 2.92 6.92
7310000 0 0.08 2.92 6.48
7320000 0 0.08 2.44 6.6
7330000 0 0.08 2.56 6.56
7340000 0 0.16 2.76 6.36
7350000 0 0.16 2.8 6.72
7360000 0 0.32 2.2 6.2
7370000 0 0.32 2.6 6.52
7380000 0 0.16 2.64 6.4
7390000 0 0.32 2.24 6.28
7400000 0 0.12 2.4 6.64
7410000 0 0.12 2.52 6.52
7420000 0 0.12 2.32 6.64
7430000 0 0.2 2.88 6.68
7440000 0 0.2 2.76 6.48
7450000 0 0.2 2.8 6.48
7460000 0 0.08 2.56 6.52
7470000 0 0.04 2.64 6.48
7480000 0 0.08 3.2 6.48
7490000 0 0.08 2.28 6.4
7500000 0 0.04 2.8 6.4
7510000 0 0.2 2.56 6.04
7520000 0 0.12 2.44 6.4
7530000 0 0.16 2.88 7.04
7540000 0 0.08 2.56 6.2
7550000 0 0.12 2.96 6.28
7560000 0 0.24 2.6 6.12
7570000 0 0.04 2.84 6.96
7580000 0 0.24 2.52 5.88
7590000 0 0 2.68 6.24
7600000 0 0.04 2.8 6.12
7610000 0 0.08 2.56 6.52
7620000 0 0.12 2.68 6.48
7630000 0 0.2 2.92 6.68
7640000 0 0.12 2.44 6.36
7650000 0 0.16 3 5.88
7660000 0 0.12 2.64 6.2
7670000 0 0.08 2.32 6.32
7680000 0 0.16 2.76 6.88
7690000 0 0.16 2.8 6.44
7700000 0 0.16 2.28 6.44
7710000 0 0.12 2.68 6.6
7720000 0 0.24 3.12 6.64
7730000 0 0.28 2.68 6.76
7740000 0 0.12 2.56 6.08
7750000 0 0.16 2.56 6.2
7760000 0 0.04 2.48 6.56
7770000 0 0 2.96 6.28
7780000 0 0.04 2.44 6.28
7790000 0 0.08 2.32 6.36
7800000 0 0.12 3.12 6.48
7810000 0 0.2 2.64 6.36
7820000 0 0.12 2.72 6.36
7830000 0 0.24 2.72 6.76
7840000 0 0.2 2.8 6.08
7850000 0 0.2 2.92 7.16
7860000 0 0.08 2.28 6.6
7870000 0 0.16 2.68 6.56
7880000 0 0.12 2.56 6.6
7890000 0 0.12 2.36 6.36
7900000 0 0.24 2.32 6.24
7910000 0 0.28 2.96 6.4
7920000 0 0.16 2.56 6.36
7930000 0 0.16 2.36 5.96
7940000 0 0.08 2.6 6.92
7950000 0 0.16 2.8 6.96
7960000 0 0.04 2.72 6.44
7970000 0 0.08 2.64 6.36
7980000 0 0.16 2.48 6.36
7990000 0 0.2 2.64 6.6
8000000 0 0.08 2.72 6.48
8010000 0 0.16 2.92 6.32
8020000 0 0.2 2.76 6.24
8030000 0 0.2 2.72 6.16
8040000 0 0.16 2.48 6.68
8050000 0 0.12 2.56 6.44
8060000 0 0.12 2.72 6.32
8070000 0 0.12 2.76 6.16
8080000 0 0.16 2.8 6.4
8090000 0 0.08 2.72 6.56
8100000 0 0.12 2.4 6.64
8110000 0 0.2 2.84 6.92
8120000 0 0.04 2.48 6
8130000 0 0.08 2.72 6.36
8140000 0 0 2.8 6.44
8150000 0 0.2 2.52 6.64
8160000 0 0.16 2.52 6.2
8170000 0 0.2 2.8 6.88
8180000 0 0.16 2.72 6.6
8190000 0 0.08 2.52 6.68
8200000 0 0.24 2.96 6.32
8210000 0 0.04 2.68 6.76
8220000 0 0.2 2.6 6.88
8230000 0 0.12 2.44 6.36
8240000 0 0.24 2.44 6.84
8250000 0 0.12 2.6 6.88
8260000 0 0.08 2.56 6.28
8270000 0 0.04 2.88 6.68
8280000 0 0.08 2.92 6.56
8290000 0 0.24 3.04 6.56
8300000 0 0.04 2.76 6.08
8310000 0 0.2 2.52 6.2
8320000 0 0.12 2.52 6.84
8330000 0 0.12 2.6 6.4
8340000 0 0.2 2.6 6.96
8350000 0 0.12 2.2 6.4
8360000 0 0.24 2.4 6.68
8370000 0 0.16 2.12 6.24
8380000 0 0.12 2.64 6.56
8390000 0 0.08 2.68 6.32
8400000 0 0.16 2.6 6.8
8410000 0 0.08 2.48 6.32
8420000 0 0.16 2.64 6.88
8430000 0 0.28 2.4 6.88
8440000 0 0.16 2.48 6.64
8450000 0 0.2 2.64 6.28
8460000 0 0.08 2.52 6.72
8470000 0 0.2 2.44 6.36
8480000 0 0.12 2.6 6.2
8490000 0 0.12 2.68 6
8500000 0 0.12 2 6.28
8510000 0 0.12 2.68 6.44
8520000 0 0.04 2.6 6.76
8530000 0 0.04 2.52 6.96
8540000 0 0.16 3.04 5.84
8550000 0 0.16 2.28 6.4
8560000 0 0.28 2.72 6.96
8570000 0 0.16 2.84 6.6
8580000 0 0.08 3.12 6.64
8590000 0 0.08 2.4 6.4
8600000 0 0.2 3.16 6.24
8610000 0 0.12 2.56 6.4
8620000 0 0 2.56 6.16
8630000 0 0.2 2.8 6.92
8640000 0 0.08 2.4 6.04
8650000 0 0.24 2.88 6.52
8660000 0 0.12 2.64 6.32
8670000 0 0.32 2.44 6.6
8680000 0 0.12 2.44 6.6
8690000 0 0.12 2.32 6.2
8700000 0 0.08 2.88 6.36
8710000 0 0.24 2.56 6.72
8720000 0 0.12 2.76 6.68
8730000 0 0.16 2.56 6.4
8740000 0 0.16 2.56 6.56
8750000 0 0.08 2.6 6.04
8760000 0 0.2 2.4 6.4
8770000 0 0.16 2.72 6.28
8780000 0 0.12 2.4 6.48
8790000 0 0.24 2.6 6.84
8800000 0 0.04 2.36 6.04
8810000 0 0.2 2.72 6.44
8820000 0 0.08 2.4 6.6
8830000 0 0.36 2.68 6.88
8840000 0 0.08 2.88 6.6
8850000 0 0.12 2.36 6.16
8860000 0 0.12 3 6.32
8870000 0 0.2 2.52 6.52
8880000 0 0.2 2.6 6.92
8890000 0 0.2 2.28 6.04
8900000 0 0.2 2.52 6.48
8910000 0 0.16 2.76 6.6
8920000 0 0.08 2.68 6.44
8930000 0 0.08 2.64 6.32
8940000 0 0.32 2.52 5.84
8950000 0 0.24 2.76 6.48
8960000 0 0.08 2.48 6.72
8970000 0 0 2.52 6.28
8980000 0 0.24 2.84 6.72
8990000 0 0.2 2.4 6.16
9000000 0 0.16 2.76 6.44
9010000 0 0.24 2.92 6.52
9020000 0 0.08 2.48 6.32
9030000 0 0.12 2.64 6.48
9040000 0 0.16 2.16 6.04
9050000 0 0.44 2.52 6.6
9060000 0 0.12 2.68 6.64
9070000 0 0.04 2.6 6.76
9080000 0 0.24 2.72 6.52
9090000 0 0.28 2.4 6.16
9100000 0 0.12 2.36 6.52
9110000 0 0.28 2.8 6.4
9120000 0 0.08 2.8 6.8
9130000 0 0.24 2.2 6.84
9140000 0 0.08 2.76 6.64
9150000 0 0.2 2.48 6.48
9160000 0 0.16 2.52 6.32
9170000 0 0.2 2.84 6.24
9180000 0 0.16 2.64 6.32
9190000 0 0.2 2.44 6.88
9200000 0 0.08 3.04 6.08
9210000 0 0.16 2.88 6.84
9220000 0 0.28 2.48 6.4
9230000 0 0.16 2.76 6.12
9240000 0 0.12 3.08 6.24
9250000 0 0.24 2.84 6.64
9260000 0 0.12 2.84 6.76
9270000 0 0.08 2.68 6.6
9280000 0 0.04 3.28 6.28
9290000 0 0.28 2.56 6.44
9300000 0 0.12 3.12 6.16
9310000 0 0.04 2.52 6.52
9320000 0 0.12 2.76 6.68
9330000 0 0.16 3.04 6.32
9340000 0 0.24 2.72 6.84
9350000 0 0.12 2.76 6.52
9360000 0 0.24 2.48 6.52
9370000 0 0.16 2.48 6.44
9380000 0 0.24 2.52 6.24
9390000 0 0.16 2.84 6.6
9400000 0 0.08 3.04 6.4
9410000 0 0.24 3.32 7.44
9420000 0 0.2 2.8 6.8
9430000 0 0.24 2.4 6.84
9440000 0 0.16 2.44 6.4
9450000 0 0.12 2.44 6.44
9460000 0 0.12 2.64 6.72
9470000 0 0.08 2.72 7.2
9480000 0 0.16 2.48 6.52
9490000 0 0.04 2.92 6.36
9500000 0 0.08 2.56 6.68
9510000 0 0.16 3.08 6.56
9520000 0 0.04 2.32 6.44
9530000 0 0.08 2.76 6.6
9540000 0 0.28 2.84 6.72
9550000 0 0.16 2.68 6.56
9560000 0 0.16 2.24 6.36
9570000 0 0.24 3.04 6.88
9580000 0 0.12 2.24 6.88
9590000 0 0.04 2.6 6.28
9600000 0 0.24 2.84 5.96
9610000 0 0.12 2.32 6.76
9620000 0 0.12 2.6 6.36
9630000 0 0.24 2.6 6.08
9640000 0 0.12 2.68 6.64
9650000 0 0.12 2.64 6.88
9660000 0 0.16 2.48 6.32
9670000 0 0.24 2.8 7.04
9680000 0 0.04 2.44 6.6
9690000 0 0.12 2.4 6.08
9700000 0 0.32 2.48 6.56
9710000 0 0.28 2.76 6.52
9720000 0 0.08 2.72 6.4
9730000 0 0.16 2.6 6.68
9740000 0 0.2 3.04 6.84
9750000 0 0.08 2.56 6.28
9760000 0 0.08 2.88 6.8
9770000 0 0.24 2.72 6.48
9780000 0 0.12 2.6 6.16
9790000 0 0.04 2.4 6.08
9800000 0 0.16 2.84 6.08
9810000 0 0.16 2.76 6.16
9820000 0 0.08 2.56 6.8
9830000 0 0.24 2.44 6.36
9840000 0 0.24 3.08 6.52
9850000 0 0.08 3.04 6.8
9860000 0 0.2 2.56 6.48
9870000 0 0.24 2.8 6.24
9880000 0 0.08 2.72 6.44
9890000 0 0.12 2.32 6.04
9900000 0 0.16 2.64 6.04
9910000 0 0.16 2.72 5.92
9920000 0 0.12 2.48 6.16
9930000 0 0.2 2.76 6.52
9940000 0 0.12 2.4 6.6
9950000 0 0.16 2.72 6.8
9960000 0 0.12 2.28 6.52
9970000 0 0.12 2.28 6.44
9980000 0 0.2 2.52 6.28
9990000 0 0.24 2.68 6.48
10000000 0 0.24 3.2 7.2
