# Time-averaged data for fix com
# TimeStep c_com[1] c_com[2] c_com[3]
1000 5.36959 5.42097 5.40401
2000 5.36959 5.42097 5.40401
3000 5.36959 5.42097 5.40401
4000 5.36959 5.42097 5.40401
5000 5.36959 5.42097 5.40401
6000 5.36959 5.42097 5.40401
7000 5.36959 5.42097 5.40401
8000 5.36959 5.42097 5.40401
9000 5.36959 5.42097 5.40401
10000 5.36959 5.42097 5.40401
11000 5.36959 5.42097 5.40401
12000 5.36959 5.42097 5.40401
13000 5.36959 5.42097 5.40401
14000 5.36959 5.42097 5.40401
15000 5.36959 5.42097 5.40401
16000 5.36959 5.42097 5.40401
17000 5.36959 5.42097 5.40401
18000 5.36959 5.42097 5.40401
19000 5.36959 5.42097 5.40401
20000 5.36959 5.42097 5.40401
21000 5.36959 5.42097 5.40401
22000 5.36959 5.42097 5.40401
23000 5.36959 5.42097 5.40401
24000 5.36959 5.42097 5.40401
25000 5.36959 5.42097 5.40401
26000 5.36959 5.42097 5.40401
27000 5.36959 5.42097 5.40401
28000 5.36959 5.42097 5.40401
29000 5.36959 5.42097 5.40401
30000 5.36959 5.42097 5.40401
31000 5.36959 5.42097 5.40401
32000 5.36959 5.42097 5.40401
33000 5.36959 5.42097 5.40401
34000 5.36959 5.42097 5.40401
35000 5.36959 5.42097 5.40401
36000 5.36959 5.42097 5.40401
37000 5.36959 5.42097 5.40401
38000 5.36959 5.42097 5.40401
39000 5.36959 5.42097 5.40401
40000 5.36959 5.42097 5.40401
41000 5.36959 5.42097 5.40401
42000 5.36959 5.42097 5.40401
43000 5.36959 5.42097 5.40401
44000 5.36959 5.42097 5.40401
45000 5.36959 5.42097 5.40401
46000 5.36959 5.42097 5.40401
47000 5.36959 5.42097 5.40401
48000 5.36959 5.42097 5.40401
49000 5.36959 5.42097 5.40401
50000 5.36959 5.42097 5.40401
51000 5.36959 5.42097 5.40401
52000 5.36959 5.42097 5.40401
53000 5.36959 5.42097 5.40401
54000 5.36959 5.42097 5.40401
55000 5.36959 5.42097 5.40401
56000 5.36959 5.42097 5.40401
57000 5.36959 5.42097 5.40401
58000 5.36959 5.42097 5.40401
59000 5.36959 5.42097 5.40401
60000 5.36959 5.42097 5.40401
61000 5.36959 5.42097 5.40401
62000 5.36959 5.42097 5.40401
63000 5.36959 5.42097 5.40401
64000 5.36959 5.42097 5.40401
65000 5.36959 5.42097 5.40401
66000 5.36959 5.42097 5.40401
67000 5.36959 5.42097 5.40401
68000 5.36959 5.42097 5.40401
69000 5.36959 5.42097 5.40401
70000 5.36959 5.42097 5.40401
71000 5.36959 5.42097 5.40401
72000 5.36959 5.42097 5.40401
73000 5.36959 5.42097 5.40401
74000 5.36959 5.42097 5.40401
75000 5.36959 5.42097 5.40401
76000 5.36959 5.42097 5.40401
77000 5.36959 5.42097 5.40401
78000 5.36959 5.42097 5.40401
79000 5.36959 5.42097 5.40401
80000 5.36959 5.42097 5.40401
81000 5.36959 5.42097 5.40401
82000 5.36959 5.42097 5.40401
83000 5.36959 5.42097 5.40401
84000 5.36959 5.42097 5.40401
85000 5.36959 5.42097 5.40401
86000 5.36959 5.42097 5.40401
87000 5.36959 5.42097 5.40401
88000 5.36959 5.42097 5.40401
89000 5.36959 5.42097 5.40401
90000 5.36959 5.42097 5.40401
91000 5.36959 5.42097 5.40401
92000 5.36959 5.42097 5.40401
93000 5.36959 5.42097 5.40401
94000 5.36959 5.42097 5.40401
95000 5.36959 5.42097 5.40401
96000 5.36959 5.42097 5.40401
97000 5.36959 5.42097 5.40401
98000 5.36959 5.42097 5.40401
99000 5.36959 5.42097 5.40401
100000 5.36959 5.42097 5.40401
101000 5.36959 5.42097 5.40401
102000 5.36959 5.42097 5.40401
103000 5.36959 5.42097 5.40401
104000 5.36959 5.42097 5.40401
105000 5.36959 5.42097 5.40401
106000 5.36959 5.42097 5.40401
107000 5.36959 5.42097 5.40401
108000 5.36959 5.42097 5.40401
109000 5.36959 5.42097 5.40401
110000 5.36959 5.42097 5.40401
111000 5.36959 5.42097 5.40401
112000 5.36959 5.42097 5.40401
113000 5.36959 5.42097 5.40401
114000 5.36959 5.42097 5.40401
115000 5.36959 5.42097 5.40401
116000 5.36959 5.42097 5.40401
117000 5.36959 5.42097 5.40401
118000 5.36959 5.42097 5.40401
119000 5.36959 5.42097 5.40401
120000 5.36959 5.42097 5.40401
121000 5.36959 5.42097 5.40401
122000 5.36959 5.42097 5.40401
123000 5.36959 5.42097 5.40401
124000 5.36959 5.42097 5.40401
125000 5.36959 5.42097 5.40401
126000 5.36959 5.42097 5.40401
127000 5.36959 5.42097 5.40401
128000 5.36959 5.42097 5.40401
129000 5.36959 5.42097 5.40401
130000 5.36959 5.42097 5.40401
131000 5.36959 5.42097 5.40401
132000 5.36959 5.42097 5.40401
133000 5.36959 5.42097 5.40401
134000 5.36959 5.42097 5.40401
135000 5.36959 5.42097 5.40401
136000 5.36959 5.42097 5.40401
137000 5.36959 5.42097 5.40401
138000 5.36959 5.42097 5.40401
139000 5.36959 5.42097 5.40401
140000 5.36959 5.42097 5.40401
141000 5.36959 5.42097 5.40401
142000 5.36959 5.42097 5.40401
143000 5.36959 5.42097 5.40401
144000 5.36959 5.42097 5.40401
145000 5.36959 5.42097 5.40401
146000 5.36959 5.42097 5.40401
147000 5.36959 5.42097 5.40401
148000 5.36959 5.42097 5.40401
149000 5.36959 5.42097 5.40401
150000 5.36959 5.42097 5.40401
151000 5.36959 5.42097 5.40401
152000 5.36959 5.42097 5.40401
153000 5.36959 5.42097 5.40401
154000 5.36959 5.42097 5.40401
155000 5.36959 5.42097 5.40401
156000 5.36959 5.42097 5.40401
157000 5.36959 5.42097 5.40401
158000 5.36959 5.42097 5.40401
159000 5.36959 5.42097 5.40401
160000 5.36959 5.42097 5.40401
161000 5.36959 5.42097 5.40401
162000 5.36959 5.42097 5.40401
163000 5.36959 5.42097 5.40401
164000 5.36959 5.42097 5.40401
165000 5.36959 5.42097 5.40401
166000 5.36959 5.42097 5.40401
167000 5.36959 5.42097 5.40401
168000 5.36959 5.42097 5.40401
169000 5.36959 5.42097 5.40401
170000 5.36959 5.42097 5.40401
171000 5.36959 5.42097 5.40401
172000 5.36959 5.42097 5.40401
173000 5.36959 5.42097 5.40401
174000 5.36959 5.42097 5.40401
175000 5.36959 5.42097 5.40401
176000 5.36959 5.42097 5.40401
177000 5.36959 5.42097 5.40401
178000 5.36959 5.42097 5.40401
179000 5.36959 5.42097 5.40401
180000 5.36959 5.42097 5.40401
181000 5.36959 5.42097 5.40401
182000 5.36959 5.42097 5.40401
183000 5.36959 5.42097 5.40401
184000 5.36959 5.42097 5.40401
185000 5.36959 5.42097 5.40401
186000 5.36959 5.42097 5.40401
187000 5.36959 5.42097 5.40401
188000 5.36959 5.42097 5.40401
189000 5.36959 5.42097 5.40401
190000 5.36959 5.42097 5.40401
191000 5.36959 5.42097 5.40401
192000 5.36959 5.42097 5.40401
193000 5.36959 5.42097 5.40401
194000 5.36959 5.42097 5.40401
195000 5.36959 5.42097 5.40401
196000 5.36959 5.42097 5.40401
197000 5.36959 5.42097 5.40401
198000 5.36959 5.42097 5.40401
199000 5.36959 5.42097 5.40401
200000 5.36959 5.42097 5.40401
201000 5.36959 5.42097 5.40401
202000 5.36959 5.42097 5.40401
203000 5.36959 5.42097 5.40401
204000 5.36959 5.42097 5.40401
205000 5.36959 5.42097 5.40401
206000 5.36959 5.42097 5.40401
207000 5.36959 5.42097 5.40401
208000 5.36959 5.42097 5.40401
209000 5.36959 5.42097 5.40401
210000 5.36959 5.42097 5.40401
211000 5.36959 5.42097 5.40401
212000 5.36959 5.42097 5.40401
213000 5.36959 5.42097 5.40401
214000 5.36959 5.42097 5.40401
215000 5.36959 5.42097 5.40401
216000 5.36959 5.42097 5.40401
217000 5.36959 5.42097 5.40401
218000 5.36959 5.42097 5.40401
219000 5.36959 5.42097 5.40401
220000 5.36959 5.42097 5.40401
221000 5.36959 5.42097 5.40401
222000 5.36959 5.42097 5.40401
223000 5.36959 5.42097 5.40401
224000 5.36959 5.42097 5.40401
225000 5.36959 5.42097 5.40401
226000 5.36959 5.42097 5.40401
227000 5.36959 5.42097 5.40401
228000 5.36959 5.42097 5.40401
229000 5.36959 5.42097 5.40401
230000 5.36959 5.42097 5.40401
231000 5.36959 5.42097 5.40401
232000 5.36959 5.42097 5.40401
233000 5.36959 5.42097 5.40401
234000 5.36959 5.42097 5.40401
235000 5.36959 5.42097 5.40401
236000 5.36959 5.42097 5.40401
237000 5.36959 5.42097 5.40401
238000 5.36959 5.42097 5.40401
239000 5.36959 5.42097 5.40401
240000 5.36959 5.42097 5.40401
241000 5.36959 5.42097 5.40401
242000 5.36959 5.42097 5.40401
243000 5.36959 5.42097 5.40401
244000 5.36959 5.42097 5.40401
245000 5.36959 5.42097 5.40401
246000 5.36959 5.42097 5.40401
247000 5.36959 5.42097 5.40401
248000 5.36959 5.42097 5.40401
249000 5.36959 5.42097 5.40401
250000 5.36959 5.42097 5.40401
251000 5.36959 5.42097 5.40401
252000 5.36959 5.42097 5.40401
253000 5.36959 5.42097 5.40401
254000 5.36959 5.42097 5.40401
255000 5.36959 5.42097 5.40401
256000 5.36959 5.42097 5.40401
257000 5.36959 5.42097 5.40401
258000 5.36959 5.42097 5.40401
259000 5.36959 5.42097 5.40401
260000 5.36959 5.42097 5.40401
261000 5.36959 5.42097 5.40401
262000 5.36959 5.42097 5.40401
263000 5.36959 5.42097 5.40401
264000 5.36959 5.42097 5.40401
265000 5.36959 5.42097 5.40401
266000 5.36959 5.42097 5.40401
267000 5.36959 5.42097 5.40401
268000 5.36959 5.42097 5.40401
269000 5.36959 5.42097 5.40401
270000 5.36959 5.42097 5.40401
271000 5.36959 5.42097 5.40401
272000 5.36959 5.42097 5.40401
273000 5.36959 5.42097 5.40401
274000 5.36959 5.42097 5.40401
275000 5.36959 5.42097 5.40401
276000 5.36959 5.42097 5.40401
277000 5.36959 5.42097 5.40401
278000 5.36959 5.42097 5.40401
279000 5.36959 5.42097 5.40401
280000 5.36959 5.42097 5.40401
281000 5.36959 5.42097 5.40401
282000 5.36959 5.42097 5.40401
283000 5.36959 5.42097 5.40401
284000 5.36959 5.42097 5.40401
285000 5.36959 5.42097 5.40401
286000 5.36959 5.42097 5.40401
287000 5.36959 5.42097 5.40401
288000 5.36959 5.42097 5.40401
289000 5.36959 5.42097 5.40401
290000 5.36959 5.42097 5.40401
291000 5.36959 5.42097 5.40401
292000 5.36959 5.42097 5.40401
293000 5.36959 5.42097 5.40401
294000 5.36959 5.42097 5.40401
295000 5.36959 5.42097 5.40401
296000 5.36959 5.42097 5.40401
297000 5.36959 5.42097 5.40401
298000 5.36959 5.42097 5.40401
299000 5.36959 5.42097 5.40401
300000 5.36959 5.42097 5.40401
301000 5.36959 5.42097 5.40401
302000 5.36959 5.42097 5.40401
303000 5.36959 5.42097 5.40401
304000 5.36959 5.42097 5.40401
305000 5.36959 5.42097 5.40401
306000 5.36959 5.42097 5.40401
307000 5.36959 5.42097 5.40401
308000 5.36959 5.42097 5.40401
309000 5.36959 5.42097 5.40401
310000 5.36959 5.42097 5.40401
311000 5.36959 5.42097 5.40401
312000 5.36959 5.42097 5.40401
313000 5.36959 5.42097 5.40401
314000 5.36959 5.42097 5.40401
315000 5.36959 5.42097 5.40401
316000 5.36959 5.42097 5.40401
317000 5.36959 5.42097 5.40401
318000 5.36959 5.42097 5.40401
319000 5.36959 5.42097 5.40401
320000 5.36959 5.42097 5.40401
321000 5.36959 5.42097 5.40401
322000 5.36959 5.42097 5.40401
323000 5.36959 5.42097 5.40401
324000 5.36959 5.42097 5.40401
325000 5.36959 5.42097 5.40401
326000 5.36959 5.42097 5.40401
327000 5.36959 5.42097 5.40401
328000 5.36959 5.42097 5.40401
329000 5.36959 5.42097 5.40401
330000 5.36959 5.42097 5.40401
331000 5.36959 5.42097 5.40401
332000 5.36959 5.42097 5.40401
333000 5.36959 5.42097 5.40401
334000 5.36959 5.42097 5.40401
335000 5.36959 5.42097 5.40401
336000 5.36959 5.42097 5.40401
337000 5.36959 5.42097 5.40401
338000 5.36959 5.42097 5.40401
339000 5.36959 5.42097 5.40401
340000 5.36959 5.42097 5.40401
341000 5.36959 5.42097 5.40401
342000 5.36959 5.42097 5.40401
343000 5.36959 5.42097 5.40401
344000 5.36959 5.42097 5.40401
345000 5.36959 5.42097 5.40401
346000 5.36959 5.42097 5.40401
347000 5.36959 5.42097 5.40401
348000 5.36959 5.42097 5.40401
349000 5.36959 5.42097 5.40401
350000 5.36959 5.42097 5.40401
351000 5.36959 5.42097 5.40401
352000 5.36959 5.42097 5.40401
353000 5.36959 5.42097 5.40401
354000 5.36959 5.42097 5.40401
355000 5.36959 5.42097 5.40401
356000 5.36959 5.42097 5.40401
357000 5.36959 5.42097 5.40401
358000 5.36959 5.42097 5.40401
359000 5.36959 5.42097 5.40401
360000 5.36959 5.42097 5.40401
361000 5.36959 5.42097 5.40401
362000 5.36959 5.42097 5.40401
363000 5.36959 5.42097 5.40401
364000 5.36959 5.42097 5.40401
365000 5.36959 5.42097 5.40401
366000 5.36959 5.42097 5.40401
367000 5.36959 5.42097 5.40401
368000 5.36959 5.42097 5.40401
369000 5.36959 5.42097 5.40401
370000 5.36959 5.42097 5.40401
371000 5.36959 5.42097 5.40401
372000 5.36959 5.42097 5.40401
373000 5.36959 5.42097 5.40401
374000 5.36959 5.42097 5.40401
375000 5.36959 5.42097 5.40401
376000 5.36959 5.42097 5.40401
377000 5.36959 5.42097 5.40401
378000 5.36959 5.42097 5.40401
379000 5.36959 5.42097 5.40401
380000 5.36959 5.42097 5.40401
381000 5.36959 5.42097 5.40401
382000 5.36959 5.42097 5.40401
383000 5.36959 5.42097 5.40401
384000 5.36959 5.42097 5.40401
385000 5.36959 5.42097 5.40401
386000 5.36959 5.42097 5.40401
387000 5.36959 5.42097 5.40401
388000 5.36959 5.42097 5.40401
389000 5.36959 5.42097 5.40401
390000 5.36959 5.42097 5.40401
391000 5.36959 5.42097 5.40401
392000 5.36959 5.42097 5.40401
393000 5.36959 5.42097 5.40401
394000 5.36959 5.42097 5.40401
395000 5.36959 5.42097 5.40401
396000 5.36959 5.42097 5.40401
397000 5.36959 5.42097 5.40401
398000 5.36959 5.42097 5.40401
399000 5.36959 5.42097 5.40401
400000 5.36959 5.42097 5.40401
401000 5.36959 5.42097 5.40401
402000 5.36959 5.42097 5.40401
403000 5.36959 5.42097 5.40401
404000 5.36959 5.42097 5.40401
405000 5.36959 5.42097 5.40401
406000 5.36959 5.42097 5.40401
407000 5.36959 5.42097 5.40401
408000 5.36959 5.42097 5.40401
409000 5.36959 5.42097 5.40401
410000 5.36959 5.42097 5.40401
411000 5.36959 5.42097 5.40401
412000 5.36959 5.42097 5.40401
413000 5.36959 5.42097 5.40401
414000 5.36959 5.42097 5.40401
415000 5.36959 5.42097 5.40401
416000 5.36959 5.42097 5.40401
417000 5.36959 5.42097 5.40401
418000 5.36959 5.42097 5.40401
419000 5.36959 5.42097 5.40401
420000 5.36959 5.42097 5.40401
421000 5.36959 5.42097 5.40401
422000 5.36959 5.42097 5.40401
423000 5.36959 5.42097 5.40401
424000 5.36959 5.42097 5.40401
425000 5.36959 5.42097 5.40401
426000 5.36959 5.42097 5.40401
427000 5.36959 5.42097 5.40401
428000 5.36959 5.42097 5.40401
429000 5.36959 5.42097 5.40401
430000 5.36959 5.42097 5.40401
431000 5.36959 5.42097 5.40401
432000 5.36959 5.42097 5.40401
433000 5.36959 5.42097 5.40401
434000 5.36959 5.42097 5.40401
435000 5.36959 5.42097 5.40401
436000 5.36959 5.42097 5.40401
437000 5.36959 5.42097 5.40401
438000 5.36959 5.42097 5.40401
439000 5.36959 5.42097 5.40401
440000 5.36959 5.42097 5.40401
441000 5.36959 5.42097 5.40401
442000 5.36959 5.42097 5.40401
443000 5.36959 5.42097 5.40401
444000 5.36959 5.42097 5.40401
445000 5.36959 5.42097 5.40401
446000 5.36959 5.42097 5.40401
447000 5.36959 5.42097 5.40401
448000 5.36959 5.42097 5.40401
449000 5.36959 5.42097 5.40401
450000 5.36959 5.42097 5.40401
451000 5.36959 5.42097 5.40401
452000 5.36959 5.42097 5.40401
453000 5.36959 5.42097 5.40401
454000 5.36959 5.42097 5.40401
455000 5.36959 5.42097 5.40401
456000 5.36959 5.42097 5.40401
457000 5.36959 5.42097 5.40401
458000 5.36959 5.42097 5.40401
459000 5.36959 5.42097 5.40401
460000 5.36959 5.42097 5.40401
461000 5.36959 5.42097 5.40401
462000 5.36959 5.42097 5.40401
463000 5.36959 5.42097 5.40401
464000 5.36959 5.42097 5.40401
465000 5.36959 5.42097 5.40401
466000 5.36959 5.42097 5.40401
467000 5.36959 5.42097 5.40401
468000 5.36959 5.42097 5.40401
469000 5.36959 5.42097 5.40401
470000 5.36959 5.42097 5.40401
471000 5.36959 5.42097 5.40401
472000 5.36959 5.42097 5.40401
473000 5.36959 5.42097 5.40401
474000 5.36959 5.42097 5.40401
475000 5.36959 5.42097 5.40401
476000 5.36959 5.42097 5.40401
477000 5.36959 5.42097 5.40401
478000 5.36959 5.42097 5.40401
479000 5.36959 5.42097 5.40401
480000 5.36959 5.42097 5.40401
481000 5.36959 5.42097 5.40401
482000 5.36959 5.42097 5.40401
483000 5.36959 5.42097 5.40401
484000 5.36959 5.42097 5.40401
485000 5.36959 5.42097 5.40401
486000 5.36959 5.42097 5.40401
487000 5.36959 5.42097 5.40401
488000 5.36959 5.42097 5.40401
489000 5.36959 5.42097 5.40401
490000 5.36959 5.42097 5.40401
491000 5.36959 5.42097 5.40401
492000 5.36959 5.42097 5.40401
493000 5.36959 5.42097 5.40401
494000 5.36959 5.42097 5.40401
495000 5.36959 5.42097 5.40401
496000 5.36959 5.42097 5.40401
497000 5.36959 5.42097 5.40401
498000 5.36959 5.42097 5.40401
499000 5.36959 5.42097 5.40401
500000 5.36959 5.42097 5.40401
501000 5.36959 5.42097 5.40401
502000 5.36959 5.42097 5.40401
503000 5.36959 5.42097 5.40401
504000 5.36959 5.42097 5.40401
505000 5.36959 5.42097 5.40401
506000 5.36959 5.42097 5.40401
507000 5.36959 5.42097 5.40401
508000 5.36959 5.42097 5.40401
509000 5.36959 5.42097 5.40401
510000 5.36959 5.42097 5.40401
511000 5.36959 5.42097 5.40401
512000 5.36959 5.42097 5.40401
513000 5.36959 5.42097 5.40401
514000 5.36959 5.42097 5.40401
515000 5.36959 5.42097 5.40401
516000 5.36959 5.42097 5.40401
517000 5.36959 5.42097 5.40401
518000 5.36959 5.42097 5.40401
519000 5.36959 5.42097 5.40401
520000 5.36959 5.42097 5.40401
521000 5.36959 5.42097 5.40401
522000 5.36959 5.42097 5.40401
523000 5.36959 5.42097 5.40401
524000 5.36959 5.42097 5.40401
525000 5.36959 5.42097 5.40401
526000 5.36959 5.42097 5.40401
527000 5.36959 5.42097 5.40401
528000 5.36959 5.42097 5.40401
529000 5.36959 5.42097 5.40401
530000 5.36959 5.42097 5.40401
531000 5.36959 5.42097 5.40401
532000 5.36959 5.42097 5.40401
533000 5.36959 5.42097 5.40401
534000 5.36959 5.42097 5.40401
535000 5.36959 5.42097 5.40401
536000 5.36959 5.42097 5.40401
537000 5.36959 5.42097 5.40401
538000 5.36959 5.42097 5.40401
539000 5.36959 5.42097 5.40401
540000 5.36959 5.42097 5.40401
541000 5.36959 5.42097 5.40401
542000 5.36959 5.42097 5.40401
543000 5.36959 5.42097 5.40401
544000 5.36959 5.42097 5.40401
545000 5.36959 5.42097 5.40401
546000 5.36959 5.42097 5.40401
547000 5.36959 5.42097 5.40401
548000 5.36959 5.42097 5.40401
549000 5.36959 5.42097 5.40401
550000 5.36959 5.42097 5.40401
551000 5.36959 5.42097 5.40401
552000 5.36959 5.42097 5.40401
553000 5.36959 5.42097 5.40401
554000 5.36959 5.42097 5.40401
555000 5.36959 5.42097 5.40401
556000 5.36959 5.42097 5.40401
557000 5.36959 5.42097 5.40401
558000 5.36959 5.42097 5.40401
559000 5.36959 5.42097 5.40401
560000 5.36959 5.42097 5.40401
561000 5.36959 5.42097 5.40401
562000 5.36959 5.42097 5.40401
563000 5.36959 5.42097 5.40401
564000 5.36959 5.42097 5.40401
565000 5.36959 5.42097 5.40401
566000 5.36959 5.42097 5.40401
567000 5.36959 5.42097 5.40401
568000 5.36959 5.42097 5.40401
569000 5.36959 5.42097 5.40401
570000 5.36959 5.42097 5.40401
571000 5.36959 5.42097 5.40401
572000 5.36959 5.42097 5.40401
573000 5.36959 5.42097 5.40401
574000 5.36959 5.42097 5.40401
575000 5.36959 5.42097 5.40401
576000 5.36959 5.42097 5.40401
577000 5.36959 5.42097 5.40401
578000 5.36959 5.42097 5.40401
579000 5.36959 5.42097 5.40401
580000 5.36959 5.42097 5.40401
581000 5.36959 5.42097 5.40401
582000 5.36959 5.42097 5.40401
583000 5.36959 5.42097 5.40401
584000 5.36959 5.42097 5.40401
585000 5.36959 5.42097 5.40401
586000 5.36959 5.42097 5.40401
587000 5.36959 5.42097 5.40401
588000 5.36959 5.42097 5.40401
589000 5.36959 5.42097 5.40401
590000 5.36959 5.42097 5.40401
591000 5.36959 5.42097 5.40401
592000 5.36959 5.42097 5.40401
593000 5.36959 5.42097 5.40401
594000 5.36959 5.42097 5.40401
595000 5.36959 5.42097 5.40401
596000 5.36959 5.42097 5.40401
597000 5.36959 5.42097 5.40401
598000 5.36959 5.42097 5.40401
599000 5.36959 5.42097 5.40401
600000 5.36959 5.42097 5.40401
601000 5.36959 5.42097 5.40401
602000 5.36959 5.42097 5.40401
603000 5.36959 5.42097 5.40401
604000 5.36959 5.42097 5.40401
605000 5.36959 5.42097 5.40401
606000 5.36959 5.42097 5.40401
607000 5.36959 5.42097 5.40401
608000 5.36959 5.42097 5.40401
609000 5.36959 5.42097 5.40401
610000 5.36959 5.42097 5.40401
611000 5.36959 5.42097 5.40401
612000 5.36959 5.42097 5.40401
613000 5.36959 5.42097 5.40401
614000 5.36959 5.42097 5.40401
615000 5.36959 5.42097 5.40401
616000 5.36959 5.42097 5.40401
617000 5.36959 5.42097 5.40401
618000 5.36959 5.42097 5.40401
619000 5.36959 5.42097 5.40401
620000 5.36959 5.42097 5.40401
621000 5.36959 5.42097 5.40401
622000 5.36959 5.42097 5.40401
623000 5.36959 5.42097 5.40401
624000 5.36959 5.42097 5.40401
625000 5.36959 5.42097 5.40401
626000 5.36959 5.42097 5.40401
627000 5.36959 5.42097 5.40401
628000 5.36959 5.42097 5.40401
629000 5.36959 5.42097 5.40401
630000 5.36959 5.42097 5.40401
631000 5.36959 5.42097 5.40401
632000 5.36959 5.42097 5.40401
633000 5.36959 5.42097 5.40401
634000 5.36959 5.42097 5.40401
635000 5.36959 5.42097 5.40401
636000 5.36959 5.42097 5.40401
637000 5.36959 5.42097 5.40401
638000 5.36959 5.42097 5.40401
639000 5.36959 5.42097 5.40401
640000 5.36959 5.42097 5.40401
641000 5.36959 5.42097 5.40401
642000 5.36959 5.42097 5.40401
643000 5.36959 5.42097 5.40401
644000 5.36959 5.42097 5.40401
645000 5.36959 5.42097 5.40401
646000 5.36959 5.42097 5.40401
647000 5.36959 5.42097 5.40401
648000 5.36959 5.42097 5.40401
649000 5.36959 5.42097 5.40401
650000 5.36959 5.42097 5.40401
651000 5.36959 5.42097 5.40401
652000 5.36959 5.42097 5.40401
653000 5.36959 5.42097 5.40401
654000 5.36959 5.42097 5.40401
655000 5.36959 5.42097 5.40401
656000 5.36959 5.42097 5.40401
657000 5.36959 5.42097 5.40401
658000 5.36959 5.42097 5.40401
659000 5.36959 5.42097 5.40401
660000 5.36959 5.42097 5.40401
661000 5.36959 5.42097 5.40401
662000 5.36959 5.42097 5.40401
663000 5.36959 5.42097 5.40401
664000 5.36959 5.42097 5.40401
665000 5.36959 5.42097 5.40401
666000 5.36959 5.42097 5.40401
667000 5.36959 5.42097 5.40401
668000 5.36959 5.42097 5.40401
669000 5.36959 5.42097 5.40401
670000 5.36959 5.42097 5.40401
671000 5.36959 5.42097 5.40401
672000 5.36959 5.42097 5.40401
673000 5.36959 5.42097 5.40401
674000 5.36959 5.42097 5.40401
675000 5.36959 5.42097 5.40401
676000 5.36959 5.42097 5.40401
677000 5.36959 5.42097 5.40401
678000 5.36959 5.42097 5.40401
679000 5.36959 5.42097 5.40401
680000 5.36959 5.42097 5.40401
681000 5.36959 5.42097 5.40401
682000 5.36959 5.42097 5.40401
683000 5.36959 5.42097 5.40401
684000 5.36959 5.42097 5.40401
685000 5.36959 5.42097 5.40401
686000 5.36959 5.42097 5.40401
687000 5.36959 5.42097 5.40401
688000 5.36959 5.42097 5.40401
689000 5.36959 5.42097 5.40401
690000 5.36959 5.42097 5.40401
691000 5.36959 5.42097 5.40401
692000 5.36959 5.42097 5.40401
693000 5.36959 5.42097 5.40401
694000 5.36959 5.42097 5.40401
695000 5.36959 5.42097 5.40401
696000 5.36959 5.42097 5.40401
697000 5.36959 5.42097 5.40401
698000 5.36959 5.42097 5.40401
699000 5.36959 5.42097 5.40401
700000 5.36959 5.42097 5.40401
701000 5.36959 5.42097 5.40401
702000 5.36959 5.42097 5.40401
703000 5.36959 5.42097 5.40401
704000 5.36959 5.42097 5.40401
705000 5.36959 5.42097 5.40401
706000 5.36959 5.42097 5.40401
707000 5.36959 5.42097 5.40401
708000 5.36959 5.42097 5.40401
709000 5.36959 5.42097 5.40401
710000 5.36959 5.42097 5.40401
711000 5.36959 5.42097 5.40401
712000 5.36959 5.42097 5.40401
713000 5.36959 5.42097 5.40401
714000 5.36959 5.42097 5.40401
715000 5.36959 5.42097 5.40401
716000 5.36959 5.42097 5.40401
717000 5.36959 5.42097 5.40401
718000 5.36959 5.42097 5.40401
719000 5.36959 5.42097 5.40401
720000 5.36959 5.42097 5.40401
721000 5.36959 5.42097 5.40401
722000 5.36959 5.42097 5.40401
723000 5.36959 5.42097 5.40401
724000 5.36959 5.42097 5.40401
725000 5.36959 5.42097 5.40401
726000 5.36959 5.42097 5.40401
727000 5.36959 5.42097 5.40401
728000 5.36959 5.42097 5.40401
729000 5.36959 5.42097 5.40401
730000 5.36959 5.42097 5.40401
731000 5.36959 5.42097 5.40401
732000 5.36959 5.42097 5.40401
733000 5.36959 5.42097 5.40401
734000 5.36959 5.42097 5.40401
735000 5.36959 5.42097 5.40401
736000 5.36959 5.42097 5.40401
737000 5.36959 5.42097 5.40401
738000 5.36959 5.42097 5.40401
739000 5.36959 5.42097 5.40401
740000 5.36959 5.42097 5.40401
741000 5.36959 5.42097 5.40401
742000 5.36959 5.42097 5.40401
743000 5.36959 5.42097 5.40401
744000 5.36959 5.42097 5.40401
745000 5.36959 5.42097 5.40401
746000 5.36959 5.42097 5.40401
747000 5.36959 5.42097 5.40401
748000 5.36959 5.42097 5.40401
749000 5.36959 5.42097 5.40401
750000 5.36959 5.42097 5.40401
751000 5.36959 5.42097 5.40401
752000 5.36959 5.42097 5.40401
753000 5.36959 5.42097 5.40401
754000 5.36959 5.42097 5.40401
755000 5.36959 5.42097 5.40401
756000 5.36959 5.42097 5.40401
757000 5.36959 5.42097 5.40401
758000 5.36959 5.42097 5.40401
759000 5.36959 5.42097 5.40401
760000 5.36959 5.42097 5.40401
761000 5.36959 5.42097 5.40401
762000 5.36959 5.42097 5.40401
763000 5.36959 5.42097 5.40401
764000 5.36959 5.42097 5.40401
765000 5.36959 5.42097 5.40401
766000 5.36959 5.42097 5.40401
767000 5.36959 5.42097 5.40401
768000 5.36959 5.42097 5.40401
769000 5.36959 5.42097 5.40401
770000 5.36959 5.42097 5.40401
771000 5.36959 5.42097 5.40401
772000 5.36959 5.42097 5.40401
773000 5.36959 5.42097 5.40401
774000 5.36959 5.42097 5.40401
775000 5.36959 5.42097 5.40401
776000 5.36959 5.42097 5.40401
777000 5.36959 5.42097 5.40401
778000 5.36959 5.42097 5.40401
779000 5.36959 5.42097 5.40401
780000 5.36959 5.42097 5.40401
781000 5.36959 5.42097 5.40401
782000 5.36959 5.42097 5.40401
783000 5.36959 5.42097 5.40401
784000 5.36959 5.42097 5.40401
785000 5.36959 5.42097 5.40401
786000 5.36959 5.42097 5.40401
787000 5.36959 5.42097 5.40401
788000 5.36959 5.42097 5.40401
789000 5.36959 5.42097 5.40401
790000 5.36959 5.42097 5.40401
791000 5.36959 5.42097 5.40401
792000 5.36959 5.42097 5.40401
793000 5.36959 5.42097 5.40401
794000 5.36959 5.42097 5.40401
795000 5.36959 5.42097 5.40401
796000 5.36959 5.42097 5.40401
797000 5.36959 5.42097 5.40401
798000 5.36959 5.42097 5.40401
799000 5.36959 5.42097 5.40401
800000 5.36959 5.42097 5.40401
801000 5.36959 5.42097 5.40401
802000 5.36959 5.42097 5.40401
803000 5.36959 5.42097 5.40401
804000 5.36959 5.42097 5.40401
805000 5.36959 5.42097 5.40401
806000 5.36959 5.42097 5.40401
807000 5.36959 5.42097 5.40401
808000 5.36959 5.42097 5.40401
809000 5.36959 5.42097 5.40401
810000 5.36959 5.42097 5.40401
811000 5.36959 5.42097 5.40401
812000 5.36959 5.42097 5.40401
813000 5.36959 5.42097 5.40401
814000 5.36959 5.42097 5.40401
815000 5.36959 5.42097 5.40401
816000 5.36959 5.42097 5.40401
817000 5.36959 5.42097 5.40401
818000 5.36959 5.42097 5.40401
819000 5.36959 5.42097 5.40401
820000 5.36959 5.42097 5.40401
821000 5.36959 5.42097 5.40401
822000 5.36959 5.42097 5.40401
823000 5.36959 5.42097 5.40401
824000 5.36959 5.42097 5.40401
825000 5.36959 5.42097 5.40401
826000 5.36959 5.42097 5.40401
827000 5.36959 5.42097 5.40401
828000 5.36959 5.42097 5.40401
829000 5.36959 5.42097 5.40401
830000 5.36959 5.42097 5.40401
831000 5.36959 5.42097 5.40401
832000 5.36959 5.42097 5.40401
833000 5.36959 5.42097 5.40401
834000 5.36959 5.42097 5.40401
835000 5.36959 5.42097 5.40401
836000 5.36959 5.42097 5.40401
837000 5.36959 5.42097 5.40401
838000 5.36959 5.42097 5.40401
839000 5.36959 5.42097 5.40401
840000 5.36959 5.42097 5.40401
841000 5.36959 5.42097 5.40401
842000 5.36959 5.42097 5.40401
843000 5.36959 5.42097 5.40401
844000 5.36959 5.42097 5.40401
845000 5.36959 5.42097 5.40401
846000 5.36959 5.42097 5.40401
847000 5.36959 5.42097 5.40401
848000 5.36959 5.42097 5.40401
849000 5.36959 5.42097 5.40401
850000 5.36959 5.42097 5.40401
851000 5.36959 5.42097 5.40401
852000 5.36959 5.42097 5.40401
853000 5.36959 5.42097 5.40401
854000 5.36959 5.42097 5.40401
855000 5.36959 5.42097 5.40401
856000 5.36959 5.42097 5.40401
857000 5.36959 5.42097 5.40401
858000 5.36959 5.42097 5.40401
859000 5.36959 5.42097 5.40401
860000 5.36959 5.42097 5.40401
861000 5.36959 5.42097 5.40401
862000 5.36959 5.42097 5.40401
863000 5.36959 5.42097 5.40401
864000 5.36959 5.42097 5.40401
865000 5.36959 5.42097 5.40401
866000 5.36959 5.42097 5.40401
867000 5.36959 5.42097 5.40401
868000 5.36959 5.42097 5.40401
869000 5.36959 5.42097 5.40401
870000 5.36959 5.42097 5.40401
871000 5.36959 5.42097 5.40401
872000 5.36959 5.42097 5.40401
873000 5.36959 5.42097 5.40401
874000 5.36959 5.42097 5.40401
875000 5.36959 5.42097 5.40401
876000 5.36959 5.42097 5.40401
877000 5.36959 5.42097 5.40401
878000 5.36959 5.42097 5.40401
879000 5.36959 5.42097 5.40401
880000 5.36959 5.42097 5.40401
881000 5.36959 5.42097 5.40401
882000 5.36959 5.42097 5.40401
883000 5.36959 5.42097 5.40401
884000 5.36959 5.42097 5.40401
885000 5.36959 5.42097 5.40401
886000 5.36959 5.42097 5.40401
887000 5.36959 5.42097 5.40401
888000 5.36959 5.42097 5.40401
889000 5.36959 5.42097 5.40401
890000 5.36959 5.42097 5.40401
891000 5.36959 5.42097 5.40401
892000 5.36959 5.42097 5.40401
893000 5.36959 5.42097 5.40401
894000 5.36959 5.42097 5.40401
895000 5.36959 5.42097 5.40401
896000 5.36959 5.42097 5.40401
897000 5.36959 5.42097 5.40401
898000 5.36959 5.42097 5.40401
899000 5.36959 5.42097 5.40401
900000 5.36959 5.42097 5.40401
901000 5.36959 5.42097 5.40401
902000 5.36959 5.42097 5.40401
903000 5.36959 5.42097 5.40401
904000 5.36959 5.42097 5.40401
905000 5.36959 5.42097 5.40401
906000 5.36959 5.42097 5.40401
907000 5.36959 5.42097 5.40401
908000 5.36959 5.42097 5.40401
909000 5.36959 5.42097 5.40401
910000 5.36959 5.42097 5.40401
911000 5.36959 5.42097 5.40401
912000 5.36959 5.42097 5.40401
913000 5.36959 5.42097 5.40401
914000 5.36959 5.42097 5.40401
915000 5.36959 5.42097 5.40401
916000 5.36959 5.42097 5.40401
917000 5.36959 5.42097 5.40401
918000 5.36959 5.42097 5.40401
919000 5.36959 5.42097 5.40401
920000 5.36959 5.42097 5.40401
921000 5.36959 5.42097 5.40401
922000 5.36959 5.42097 5.40401
923000 5.36959 5.42097 5.40401
924000 5.36959 5.42097 5.40401
925000 5.36959 5.42097 5.40401
926000 5.36959 5.42097 5.40401
927000 5.36959 5.42097 5.40401
928000 5.36959 5.42097 5.40401
929000 5.36959 5.42097 5.40401
930000 5.36959 5.42097 5.40401
931000 5.36959 5.42097 5.40401
932000 5.36959 5.42097 5.40401
933000 5.36959 5.42097 5.40401
934000 5.36959 5.42097 5.40401
935000 5.36959 5.42097 5.40401
936000 5.36959 5.42097 5.40401
937000 5.36959 5.42097 5.40401
938000 5.36959 5.42097 5.40401
939000 5.36959 5.42097 5.40401
940000 5.36959 5.42097 5.40401
941000 5.36959 5.42097 5.40401
942000 5.36959 5.42097 5.40401
943000 5.36959 5.42097 5.40401
944000 5.36959 5.42097 5.40401
945000 5.36959 5.42097 5.40401
946000 5.36959 5.42097 5.40401
947000 5.36959 5.42097 5.40401
948000 5.36959 5.42097 5.40401
949000 5.36959 5.42097 5.40401
950000 5.36959 5.42097 5.40401
951000 5.36959 5.42097 5.40401
952000 5.36959 5.42097 5.40401
953000 5.36959 5.42097 5.40401
954000 5.36959 5.42097 5.40401
955000 5.36959 5.42097 5.40401
956000 5.36959 5.42097 5.40401
957000 5.36959 5.42097 5.40401
958000 5.36959 5.42097 5.40401
959000 5.36959 5.42097 5.40401
960000 5.36959 5.42097 5.40401
961000 5.36959 5.42097 5.40401
962000 5.36959 5.42097 5.40401
963000 5.36959 5.42097 5.40401
964000 5.36959 5.42097 5.40401
965000 5.36959 5.42097 5.40401
966000 5.36959 5.42097 5.40401
967000 5.36959 5.42097 5.40401
968000 5.36959 5.42097 5.40401
969000 5.36959 5.42097 5.40401
970000 5.36959 5.42097 5.40401
971000 5.36959 5.42097 5.40401
972000 5.36959 5.42097 5.40401
973000 5.36959 5.42097 5.40401
974000 5.36959 5.42097 5.40401
975000 5.36959 5.42097 5.40401
976000 5.36959 5.42097 5.40401
977000 5.36959 5.42097 5.40401
978000 5.36959 5.42097 5.40401
979000 5.36959 5.42097 5.40401
980000 5.36959 5.42097 5.40401
981000 5.36959 5.42097 5.40401
982000 5.36959 5.42097 5.40401
983000 5.36959 5.42097 5.40401
984000 5.36959 5.42097 5.40401
985000 5.36959 5.42097 5.40401
986000 5.36959 5.42097 5.40401
987000 5.36959 5.42097 5.40401
988000 5.36959 5.42097 5.40401
989000 5.36959 5.42097 5.40401
990000 5.36959 5.42097 5.40401
991000 5.36959 5.42097 5.40401
992000 5.36959 5.42097 5.40401
993000 5.36959 5.42097 5.40401
994000 5.36959 5.42097 5.40401
995000 5.36959 5.42097 5.40401
996000 5.36959 5.42097 5.40401
997000 5.36959 5.42097 5.40401
998000 5.36959 5.42097 5.40401
999000 5.36959 5.42097 5.40401
1000000 5.36959 5.42097 5.40401
