# Time-averaged data for fix com
# TimeStep c_com[1] c_com[2] c_com[3]
1000 4.35624 4.24296 4.23102
2000 4.35624 4.24296 4.23102
3000 4.35624 4.24296 4.23102
4000 4.35624 4.24296 4.23102
5000 4.35624 4.24296 4.23102
6000 4.35624 4.24296 4.23102
7000 4.35624 4.24296 4.23102
8000 4.35624 4.24296 4.23102
9000 4.35624 4.24296 4.23102
10000 4.35624 4.24296 4.23102
11000 4.35624 4.24296 4.23102
12000 4.35624 4.24296 4.23102
13000 4.35624 4.24296 4.23102
14000 4.35624 4.24296 4.23102
15000 4.35624 4.24296 4.23102
16000 4.35624 4.24296 4.23102
17000 4.35624 4.24296 4.23102
18000 4.35624 4.24296 4.23102
19000 4.35624 4.24296 4.23102
20000 4.35624 4.24296 4.23102
21000 4.35624 4.24296 4.23102
22000 4.35624 4.24296 4.23102
23000 4.35624 4.24296 4.23102
24000 4.35624 4.24296 4.23102
25000 4.35624 4.24296 4.23102
26000 4.35624 4.24296 4.23102
27000 4.35624 4.24296 4.23102
28000 4.35624 4.24296 4.23102
29000 4.35624 4.24296 4.23102
30000 4.35624 4.24296 4.23102
31000 4.35624 4.24296 4.23102
32000 4.35624 4.24296 4.23102
33000 4.35624 4.24296 4.23102
34000 4.35624 4.24296 4.23102
35000 4.35624 4.24296 4.23102
36000 4.35624 4.24296 4.23102
37000 4.35624 4.24296 4.23102
38000 4.35624 4.24296 4.23102
39000 4.35624 4.24296 4.23102
40000 4.35624 4.24296 4.23102
41000 4.35624 4.24296 4.23102
42000 4.35624 4.24296 4.23102
43000 4.35624 4.24296 4.23102
44000 4.35624 4.24296 4.23102
45000 4.35624 4.24296 4.23102
46000 4.35624 4.24296 4.23102
47000 4.35624 4.24296 4.23102
48000 4.35624 4.24296 4.23102
49000 4.35624 4.24296 4.23102
50000 4.35624 4.24296 4.23102
51000 4.35624 4.24296 4.23102
52000 4.35624 4.24296 4.23102
53000 4.35624 4.24296 4.23102
54000 4.35624 4.24296 4.23102
55000 4.35624 4.24296 4.23102
56000 4.35624 4.24296 4.23102
57000 4.35624 4.24296 4.23102
58000 4.35624 4.24296 4.23102
59000 4.35624 4.24296 4.23102
60000 4.35624 4.24296 4.23102
61000 4.35624 4.24296 4.23102
62000 4.35624 4.24296 4.23102
63000 4.35624 4.24296 4.23102
64000 4.35624 4.24296 4.23102
65000 4.35624 4.24296 4.23102
66000 4.35624 4.24296 4.23102
67000 4.35624 4.24296 4.23102
68000 4.35624 4.24296 4.23102
69000 4.35624 4.24296 4.23102
70000 4.35624 4.24296 4.23102
71000 4.35624 4.24296 4.23102
72000 4.35624 4.24296 4.23102
73000 4.35624 4.24296 4.23102
74000 4.35624 4.24296 4.23102
75000 4.35624 4.24296 4.23102
76000 4.35624 4.24296 4.23102
77000 4.35624 4.24296 4.23102
78000 4.35624 4.24296 4.23102
79000 4.35624 4.24296 4.23102
80000 4.35624 4.24296 4.23102
81000 4.35624 4.24296 4.23102
82000 4.35624 4.24296 4.23102
83000 4.35624 4.24296 4.23102
84000 4.35624 4.24296 4.23102
85000 4.35624 4.24296 4.23102
86000 4.35624 4.24296 4.23102
87000 4.35624 4.24296 4.23102
88000 4.35624 4.24296 4.23102
89000 4.35624 4.24296 4.23102
90000 4.35624 4.24296 4.23102
91000 4.35624 4.24296 4.23102
92000 4.35624 4.24296 4.23102
93000 4.35624 4.24296 4.23102
94000 4.35624 4.24296 4.23102
95000 4.35624 4.24296 4.23102
96000 4.35624 4.24296 4.23102
97000 4.35624 4.24296 4.23102
98000 4.35624 4.24296 4.23102
99000 4.35624 4.24296 4.23102
100000 4.35624 4.24296 4.23102
101000 4.35624 4.24296 4.23102
102000 4.35624 4.24296 4.23102
103000 4.35624 4.24296 4.23102
104000 4.35624 4.24296 4.23102
105000 4.35624 4.24296 4.23102
106000 4.35624 4.24296 4.23102
107000 4.35624 4.24296 4.23102
108000 4.35624 4.24296 4.23102
109000 4.35624 4.24296 4.23102
110000 4.35624 4.24296 4.23102
111000 4.35624 4.24296 4.23102
112000 4.35624 4.24296 4.23102
113000 4.35624 4.24296 4.23102
114000 4.35624 4.24296 4.23102
115000 4.35624 4.24296 4.23102
116000 4.35624 4.24296 4.23102
117000 4.35624 4.24296 4.23102
118000 4.35624 4.24296 4.23102
119000 4.35624 4.24296 4.23102
120000 4.35624 4.24296 4.23102
121000 4.35624 4.24296 4.23102
122000 4.35624 4.24296 4.23102
123000 4.35624 4.24296 4.23102
124000 4.35624 4.24296 4.23102
125000 4.35624 4.24296 4.23102
126000 4.35624 4.24296 4.23102
127000 4.35624 4.24296 4.23102
128000 4.35624 4.24296 4.23102
129000 4.35624 4.24296 4.23102
130000 4.35624 4.24296 4.23102
131000 4.35624 4.24296 4.23102
132000 4.35624 4.24296 4.23102
133000 4.35624 4.24296 4.23102
134000 4.35624 4.24296 4.23102
135000 4.35624 4.24296 4.23102
136000 4.35624 4.24296 4.23102
137000 4.35624 4.24296 4.23102
138000 4.35624 4.24296 4.23102
139000 4.35624 4.24296 4.23102
140000 4.35624 4.24296 4.23102
141000 4.35624 4.24296 4.23102
142000 4.35624 4.24296 4.23102
143000 4.35624 4.24296 4.23102
144000 4.35624 4.24296 4.23102
145000 4.35624 4.24296 4.23102
146000 4.35624 4.24296 4.23102
147000 4.35624 4.24296 4.23102
148000 4.35624 4.24296 4.23102
149000 4.35624 4.24296 4.23102
150000 4.35624 4.24296 4.23102
151000 4.35624 4.24296 4.23102
152000 4.35624 4.24296 4.23102
153000 4.35624 4.24296 4.23102
154000 4.35624 4.24296 4.23102
155000 4.35624 4.24296 4.23102
156000 4.35624 4.24296 4.23102
157000 4.35624 4.24296 4.23102
158000 4.35624 4.24296 4.23102
159000 4.35624 4.24296 4.23102
160000 4.35624 4.24296 4.23102
161000 4.35624 4.24296 4.23102
162000 4.35624 4.24296 4.23102
163000 4.35624 4.24296 4.23102
164000 4.35624 4.24296 4.23102
165000 4.35624 4.24296 4.23102
166000 4.35624 4.24296 4.23102
167000 4.35624 4.24296 4.23102
168000 4.35624 4.24296 4.23102
169000 4.35624 4.24296 4.23102
170000 4.35624 4.24296 4.23102
171000 4.35624 4.24296 4.23102
172000 4.35624 4.24296 4.23102
173000 4.35624 4.24296 4.23102
174000 4.35624 4.24296 4.23102
175000 4.35624 4.24296 4.23102
176000 4.35624 4.24296 4.23102
177000 4.35624 4.24296 4.23102
178000 4.35624 4.24296 4.23102
179000 4.35624 4.24296 4.23102
180000 4.35624 4.24296 4.23102
181000 4.35624 4.24296 4.23102
182000 4.35624 4.24296 4.23102
183000 4.35624 4.24296 4.23102
184000 4.35624 4.24296 4.23102
185000 4.35624 4.24296 4.23102
186000 4.35624 4.24296 4.23102
187000 4.35624 4.24296 4.23102
188000 4.35624 4.24296 4.23102
189000 4.35624 4.24296 4.23102
190000 4.35624 4.24296 4.23102
191000 4.35624 4.24296 4.23102
192000 4.35624 4.24296 4.23102
193000 4.35624 4.24296 4.23102
194000 4.35624 4.24296 4.23102
195000 4.35624 4.24296 4.23102
196000 4.35624 4.24296 4.23102
197000 4.35624 4.24296 4.23102
198000 4.35624 4.24296 4.23102
199000 4.35624 4.24296 4.23102
200000 4.35624 4.24296 4.23102
201000 4.35624 4.24296 4.23102
202000 4.35624 4.24296 4.23102
203000 4.35624 4.24296 4.23102
204000 4.35624 4.24296 4.23102
205000 4.35624 4.24296 4.23102
206000 4.35624 4.24296 4.23102
207000 4.35624 4.24296 4.23102
208000 4.35624 4.24296 4.23102
209000 4.35624 4.24296 4.23102
210000 4.35624 4.24296 4.23102
211000 4.35624 4.24296 4.23102
212000 4.35624 4.24296 4.23102
213000 4.35624 4.24296 4.23102
214000 4.35624 4.24296 4.23102
215000 4.35624 4.24296 4.23102
216000 4.35624 4.24296 4.23102
217000 4.35624 4.24296 4.23102
218000 4.35624 4.24296 4.23102
219000 4.35624 4.24296 4.23102
220000 4.35624 4.24296 4.23102
221000 4.35624 4.24296 4.23102
222000 4.35624 4.24296 4.23102
223000 4.35624 4.24296 4.23102
224000 4.35624 4.24296 4.23102
225000 4.35624 4.24296 4.23102
226000 4.35624 4.24296 4.23102
227000 4.35624 4.24296 4.23102
228000 4.35624 4.24296 4.23102
229000 4.35624 4.24296 4.23102
230000 4.35624 4.24296 4.23102
231000 4.35624 4.24296 4.23102
232000 4.35624 4.24296 4.23102
233000 4.35624 4.24296 4.23102
234000 4.35624 4.24296 4.23102
235000 4.35624 4.24296 4.23102
236000 4.35624 4.24296 4.23102
237000 4.35624 4.24296 4.23102
238000 4.35624 4.24296 4.23102
239000 4.35624 4.24296 4.23102
240000 4.35624 4.24296 4.23102
241000 4.35624 4.24296 4.23102
242000 4.35624 4.24296 4.23102
243000 4.35624 4.24296 4.23102
244000 4.35624 4.24296 4.23102
245000 4.35624 4.24296 4.23102
246000 4.35624 4.24296 4.23102
247000 4.35624 4.24296 4.23102
248000 4.35624 4.24296 4.23102
249000 4.35624 4.24296 4.23102
250000 4.35624 4.24296 4.23102
251000 4.35624 4.24296 4.23102
252000 4.35624 4.24296 4.23102
253000 4.35624 4.24296 4.23102
254000 4.35624 4.24296 4.23102
255000 4.35624 4.24296 4.23102
256000 4.35624 4.24296 4.23102
257000 4.35624 4.24296 4.23102
258000 4.35624 4.24296 4.23102
259000 4.35624 4.24296 4.23102
260000 4.35624 4.24296 4.23102
261000 4.35624 4.24296 4.23102
262000 4.35624 4.24296 4.23102
263000 4.35624 4.24296 4.23102
264000 4.35624 4.24296 4.23102
265000 4.35624 4.24296 4.23102
266000 4.35624 4.24296 4.23102
267000 4.35624 4.24296 4.23102
268000 4.35624 4.24296 4.23102
269000 4.35624 4.24296 4.23102
270000 4.35624 4.24296 4.23102
271000 4.35624 4.24296 4.23102
272000 4.35624 4.24296 4.23102
273000 4.35624 4.24296 4.23102
274000 4.35624 4.24296 4.23102
275000 4.35624 4.24296 4.23102
276000 4.35624 4.24296 4.23102
277000 4.35624 4.24296 4.23102
278000 4.35624 4.24296 4.23102
279000 4.35624 4.24296 4.23102
280000 4.35624 4.24296 4.23102
281000 4.35624 4.24296 4.23102
282000 4.35624 4.24296 4.23102
283000 4.35624 4.24296 4.23102
284000 4.35624 4.24296 4.23102
285000 4.35624 4.24296 4.23102
286000 4.35624 4.24296 4.23102
287000 4.35624 4.24296 4.23102
288000 4.35624 4.24296 4.23102
289000 4.35624 4.24296 4.23102
290000 4.35624 4.24296 4.23102
291000 4.35624 4.24296 4.23102
292000 4.35624 4.24296 4.23102
293000 4.35624 4.24296 4.23102
294000 4.35624 4.24296 4.23102
295000 4.35624 4.24296 4.23102
296000 4.35624 4.24296 4.23102
297000 4.35624 4.24296 4.23102
298000 4.35624 4.24296 4.23102
299000 4.35624 4.24296 4.23102
300000 4.35624 4.24296 4.23102
301000 4.35624 4.24296 4.23102
302000 4.35624 4.24296 4.23102
303000 4.35624 4.24296 4.23102
304000 4.35624 4.24296 4.23102
305000 4.35624 4.24296 4.23102
306000 4.35624 4.24296 4.23102
307000 4.35624 4.24296 4.23102
308000 4.35624 4.24296 4.23102
309000 4.35624 4.24296 4.23102
310000 4.35624 4.24296 4.23102
311000 4.35624 4.24296 4.23102
312000 4.35624 4.24296 4.23102
313000 4.35624 4.24296 4.23102
314000 4.35624 4.24296 4.23102
315000 4.35624 4.24296 4.23102
316000 4.35624 4.24296 4.23102
317000 4.35624 4.24296 4.23102
318000 4.35624 4.24296 4.23102
319000 4.35624 4.24296 4.23102
320000 4.35624 4.24296 4.23102
321000 4.35624 4.24296 4.23102
322000 4.35624 4.24296 4.23102
323000 4.35624 4.24296 4.23102
324000 4.35624 4.24296 4.23102
325000 4.35624 4.24296 4.23102
326000 4.35624 4.24296 4.23102
327000 4.35624 4.24296 4.23102
328000 4.35624 4.24296 4.23102
329000 4.35624 4.24296 4.23102
330000 4.35624 4.24296 4.23102
331000 4.35624 4.24296 4.23102
332000 4.35624 4.24296 4.23102
333000 4.35624 4.24296 4.23102
334000 4.35624 4.24296 4.23102
335000 4.35624 4.24296 4.23102
336000 4.35624 4.24296 4.23102
337000 4.35624 4.24296 4.23102
338000 4.35624 4.24296 4.23102
339000 4.35624 4.24296 4.23102
340000 4.35624 4.24296 4.23102
341000 4.35624 4.24296 4.23102
342000 4.35624 4.24296 4.23102
343000 4.35624 4.24296 4.23102
344000 4.35624 4.24296 4.23102
345000 4.35624 4.24296 4.23102
346000 4.35624 4.24296 4.23102
347000 4.35624 4.24296 4.23102
348000 4.35624 4.24296 4.23102
349000 4.35624 4.24296 4.23102
350000 4.35624 4.24296 4.23102
351000 4.35624 4.24296 4.23102
352000 4.35624 4.24296 4.23102
353000 4.35624 4.24296 4.23102
354000 4.35624 4.24296 4.23102
355000 4.35624 4.24296 4.23102
356000 4.35624 4.24296 4.23102
357000 4.35624 4.24296 4.23102
358000 4.35624 4.24296 4.23102
359000 4.35624 4.24296 4.23102
360000 4.35624 4.24296 4.23102
361000 4.35624 4.24296 4.23102
362000 4.35624 4.24296 4.23102
363000 4.35624 4.24296 4.23102
364000 4.35624 4.24296 4.23102
365000 4.35624 4.24296 4.23102
366000 4.35624 4.24296 4.23102
367000 4.35624 4.24296 4.23102
368000 4.35624 4.24296 4.23102
369000 4.35624 4.24296 4.23102
370000 4.35624 4.24296 4.23102
371000 4.35624 4.24296 4.23102
372000 4.35624 4.24296 4.23102
373000 4.35624 4.24296 4.23102
374000 4.35624 4.24296 4.23102
375000 4.35624 4.24296 4.23102
376000 4.35624 4.24296 4.23102
377000 4.35624 4.24296 4.23102
378000 4.35624 4.24296 4.23102
379000 4.35624 4.24296 4.23102
380000 4.35624 4.24296 4.23102
381000 4.35624 4.24296 4.23102
382000 4.35624 4.24296 4.23102
383000 4.35624 4.24296 4.23102
384000 4.35624 4.24296 4.23102
385000 4.35624 4.24296 4.23102
386000 4.35624 4.24296 4.23102
387000 4.35624 4.24296 4.23102
388000 4.35624 4.24296 4.23102
389000 4.35624 4.24296 4.23102
390000 4.35624 4.24296 4.23102
391000 4.35624 4.24296 4.23102
392000 4.35624 4.24296 4.23102
393000 4.35624 4.24296 4.23102
394000 4.35624 4.24296 4.23102
395000 4.35624 4.24296 4.23102
396000 4.35624 4.24296 4.23102
397000 4.35624 4.24296 4.23102
398000 4.35624 4.24296 4.23102
399000 4.35624 4.24296 4.23102
400000 4.35624 4.24296 4.23102
401000 4.35624 4.24296 4.23102
402000 4.35624 4.24296 4.23102
403000 4.35624 4.24296 4.23102
404000 4.35624 4.24296 4.23102
405000 4.35624 4.24296 4.23102
406000 4.35624 4.24296 4.23102
407000 4.35624 4.24296 4.23102
408000 4.35624 4.24296 4.23102
409000 4.35624 4.24296 4.23102
410000 4.35624 4.24296 4.23102
411000 4.35624 4.24296 4.23102
412000 4.35624 4.24296 4.23102
413000 4.35624 4.24296 4.23102
414000 4.35624 4.24296 4.23102
415000 4.35624 4.24296 4.23102
416000 4.35624 4.24296 4.23102
417000 4.35624 4.24296 4.23102
418000 4.35624 4.24296 4.23102
419000 4.35624 4.24296 4.23102
420000 4.35624 4.24296 4.23102
421000 4.35624 4.24296 4.23102
422000 4.35624 4.24296 4.23102
423000 4.35624 4.24296 4.23102
424000 4.35624 4.24296 4.23102
425000 4.35624 4.24296 4.23102
426000 4.35624 4.24296 4.23102
427000 4.35624 4.24296 4.23102
428000 4.35624 4.24296 4.23102
429000 4.35624 4.24296 4.23102
430000 4.35624 4.24296 4.23102
431000 4.35624 4.24296 4.23102
432000 4.35624 4.24296 4.23102
433000 4.35624 4.24296 4.23102
434000 4.35624 4.24296 4.23102
435000 4.35624 4.24296 4.23102
436000 4.35624 4.24296 4.23102
437000 4.35624 4.24296 4.23102
438000 4.35624 4.24296 4.23102
439000 4.35624 4.24296 4.23102
440000 4.35624 4.24296 4.23102
441000 4.35624 4.24296 4.23102
442000 4.35624 4.24296 4.23102
443000 4.35624 4.24296 4.23102
444000 4.35624 4.24296 4.23102
445000 4.35624 4.24296 4.23102
446000 4.35624 4.24296 4.23102
447000 4.35624 4.24296 4.23102
448000 4.35624 4.24296 4.23102
449000 4.35624 4.24296 4.23102
450000 4.35624 4.24296 4.23102
451000 4.35624 4.24296 4.23102
452000 4.35624 4.24296 4.23102
453000 4.35624 4.24296 4.23102
454000 4.35624 4.24296 4.23102
455000 4.35624 4.24296 4.23102
456000 4.35624 4.24296 4.23102
457000 4.35624 4.24296 4.23102
458000 4.35624 4.24296 4.23102
459000 4.35624 4.24296 4.23102
460000 4.35624 4.24296 4.23102
461000 4.35624 4.24296 4.23102
462000 4.35624 4.24296 4.23102
463000 4.35624 4.24296 4.23102
464000 4.35624 4.24296 4.23102
465000 4.35624 4.24296 4.23102
466000 4.35624 4.24296 4.23102
467000 4.35624 4.24296 4.23102
468000 4.35624 4.24296 4.23102
469000 4.35624 4.24296 4.23102
470000 4.35624 4.24296 4.23102
471000 4.35624 4.24296 4.23102
472000 4.35624 4.24296 4.23102
473000 4.35624 4.24296 4.23102
474000 4.35624 4.24296 4.23102
475000 4.35624 4.24296 4.23102
476000 4.35624 4.24296 4.23102
477000 4.35624 4.24296 4.23102
478000 4.35624 4.24296 4.23102
479000 4.35624 4.24296 4.23102
480000 4.35624 4.24296 4.23102
481000 4.35624 4.24296 4.23102
482000 4.35624 4.24296 4.23102
483000 4.35624 4.24296 4.23102
484000 4.35624 4.24296 4.23102
485000 4.35624 4.24296 4.23102
486000 4.35624 4.24296 4.23102
487000 4.35624 4.24296 4.23102
488000 4.35624 4.24296 4.23102
489000 4.35624 4.24296 4.23102
490000 4.35624 4.24296 4.23102
491000 4.35624 4.24296 4.23102
492000 4.35624 4.24296 4.23102
493000 4.35624 4.24296 4.23102
494000 4.35624 4.24296 4.23102
495000 4.35624 4.24296 4.23102
496000 4.35624 4.24296 4.23102
497000 4.35624 4.24296 4.23102
498000 4.35624 4.24296 4.23102
499000 4.35624 4.24296 4.23102
500000 4.35624 4.24296 4.23102
501000 4.35624 4.24296 4.23102
502000 4.35624 4.24296 4.23102
503000 4.35624 4.24296 4.23102
504000 4.35624 4.24296 4.23102
505000 4.35624 4.24296 4.23102
506000 4.35624 4.24296 4.23102
507000 4.35624 4.24296 4.23102
508000 4.35624 4.24296 4.23102
509000 4.35624 4.24296 4.23102
510000 4.35624 4.24296 4.23102
511000 4.35624 4.24296 4.23102
512000 4.35624 4.24296 4.23102
513000 4.35624 4.24296 4.23102
514000 4.35624 4.24296 4.23102
515000 4.35624 4.24296 4.23102
516000 4.35624 4.24296 4.23102
517000 4.35624 4.24296 4.23102
518000 4.35624 4.24296 4.23102
519000 4.35624 4.24296 4.23102
520000 4.35624 4.24296 4.23102
521000 4.35624 4.24296 4.23102
522000 4.35624 4.24296 4.23102
523000 4.35624 4.24296 4.23102
524000 4.35624 4.24296 4.23102
525000 4.35624 4.24296 4.23102
526000 4.35624 4.24296 4.23102
527000 4.35624 4.24296 4.23102
528000 4.35624 4.24296 4.23102
529000 4.35624 4.24296 4.23102
530000 4.35624 4.24296 4.23102
531000 4.35624 4.24296 4.23102
532000 4.35624 4.24296 4.23102
533000 4.35624 4.24296 4.23102
534000 4.35624 4.24296 4.23102
535000 4.35624 4.24296 4.23102
536000 4.35624 4.24296 4.23102
537000 4.35624 4.24296 4.23102
538000 4.35624 4.24296 4.23102
539000 4.35624 4.24296 4.23102
540000 4.35624 4.24296 4.23102
541000 4.35624 4.24296 4.23102
542000 4.35624 4.24296 4.23102
543000 4.35624 4.24296 4.23102
544000 4.35624 4.24296 4.23102
545000 4.35624 4.24296 4.23102
546000 4.35624 4.24296 4.23102
547000 4.35624 4.24296 4.23102
548000 4.35624 4.24296 4.23102
549000 4.35624 4.24296 4.23102
550000 4.35624 4.24296 4.23102
551000 4.35624 4.24296 4.23102
552000 4.35624 4.24296 4.23102
553000 4.35624 4.24296 4.23102
554000 4.35624 4.24296 4.23102
555000 4.35624 4.24296 4.23102
556000 4.35624 4.24296 4.23102
557000 4.35624 4.24296 4.23102
558000 4.35624 4.24296 4.23102
559000 4.35624 4.24296 4.23102
560000 4.35624 4.24296 4.23102
561000 4.35624 4.24296 4.23102
562000 4.35624 4.24296 4.23102
563000 4.35624 4.24296 4.23102
564000 4.35624 4.24296 4.23102
565000 4.35624 4.24296 4.23102
566000 4.35624 4.24296 4.23102
567000 4.35624 4.24296 4.23102
568000 4.35624 4.24296 4.23102
569000 4.35624 4.24296 4.23102
570000 4.35624 4.24296 4.23102
571000 4.35624 4.24296 4.23102
572000 4.35624 4.24296 4.23102
573000 4.35624 4.24296 4.23102
574000 4.35624 4.24296 4.23102
575000 4.35624 4.24296 4.23102
576000 4.35624 4.24296 4.23102
577000 4.35624 4.24296 4.23102
578000 4.35624 4.24296 4.23102
579000 4.35624 4.24296 4.23102
580000 4.35624 4.24296 4.23102
581000 4.35624 4.24296 4.23102
582000 4.35624 4.24296 4.23102
583000 4.35624 4.24296 4.23102
584000 4.35624 4.24296 4.23102
585000 4.35624 4.24296 4.23102
586000 4.35624 4.24296 4.23102
587000 4.35624 4.24296 4.23102
588000 4.35624 4.24296 4.23102
589000 4.35624 4.24296 4.23102
590000 4.35624 4.24296 4.23102
591000 4.35624 4.24296 4.23102
592000 4.35624 4.24296 4.23102
593000 4.35624 4.24296 4.23102
594000 4.35624 4.24296 4.23102
595000 4.35624 4.24296 4.23102
596000 4.35624 4.24296 4.23102
597000 4.35624 4.24296 4.23102
598000 4.35624 4.24296 4.23102
599000 4.35624 4.24296 4.23102
600000 4.35624 4.24296 4.23102
601000 4.35624 4.24296 4.23102
602000 4.35624 4.24296 4.23102
603000 4.35624 4.24296 4.23102
604000 4.35624 4.24296 4.23102
605000 4.35624 4.24296 4.23102
606000 4.35624 4.24296 4.23102
607000 4.35624 4.24296 4.23102
608000 4.35624 4.24296 4.23102
609000 4.35624 4.24296 4.23102
610000 4.35624 4.24296 4.23102
611000 4.35624 4.24296 4.23102
612000 4.35624 4.24296 4.23102
613000 4.35624 4.24296 4.23102
614000 4.35624 4.24296 4.23102
615000 4.35624 4.24296 4.23102
616000 4.35624 4.24296 4.23102
617000 4.35624 4.24296 4.23102
618000 4.35624 4.24296 4.23102
619000 4.35624 4.24296 4.23102
620000 4.35624 4.24296 4.23102
621000 4.35624 4.24296 4.23102
622000 4.35624 4.24296 4.23102
623000 4.35624 4.24296 4.23102
624000 4.35624 4.24296 4.23102
625000 4.35624 4.24296 4.23102
626000 4.35624 4.24296 4.23102
627000 4.35624 4.24296 4.23102
628000 4.35624 4.24296 4.23102
629000 4.35624 4.24296 4.23102
630000 4.35624 4.24296 4.23102
631000 4.35624 4.24296 4.23102
632000 4.35624 4.24296 4.23102
633000 4.35624 4.24296 4.23102
634000 4.35624 4.24296 4.23102
635000 4.35624 4.24296 4.23102
636000 4.35624 4.24296 4.23102
637000 4.35624 4.24296 4.23102
638000 4.35624 4.24296 4.23102
639000 4.35624 4.24296 4.23102
640000 4.35624 4.24296 4.23102
641000 4.35624 4.24296 4.23102
642000 4.35624 4.24296 4.23102
643000 4.35624 4.24296 4.23102
644000 4.35624 4.24296 4.23102
645000 4.35624 4.24296 4.23102
646000 4.35624 4.24296 4.23102
647000 4.35624 4.24296 4.23102
648000 4.35624 4.24296 4.23102
649000 4.35624 4.24296 4.23102
650000 4.35624 4.24296 4.23102
651000 4.35624 4.24296 4.23102
652000 4.35624 4.24296 4.23102
653000 4.35624 4.24296 4.23102
654000 4.35624 4.24296 4.23102
655000 4.35624 4.24296 4.23102
656000 4.35624 4.24296 4.23102
657000 4.35624 4.24296 4.23102
658000 4.35624 4.24296 4.23102
659000 4.35624 4.24296 4.23102
660000 4.35624 4.24296 4.23102
661000 4.35624 4.24296 4.23102
662000 4.35624 4.24296 4.23102
663000 4.35624 4.24296 4.23102
664000 4.35624 4.24296 4.23102
665000 4.35624 4.24296 4.23102
666000 4.35624 4.24296 4.23102
667000 4.35624 4.24296 4.23102
668000 4.35624 4.24296 4.23102
669000 4.35624 4.24296 4.23102
670000 4.35624 4.24296 4.23102
671000 4.35624 4.24296 4.23102
672000 4.35624 4.24296 4.23102
673000 4.35624 4.24296 4.23102
674000 4.35624 4.24296 4.23102
675000 4.35624 4.24296 4.23102
676000 4.35624 4.24296 4.23102
677000 4.35624 4.24296 4.23102
678000 4.35624 4.24296 4.23102
679000 4.35624 4.24296 4.23102
680000 4.35624 4.24296 4.23102
681000 4.35624 4.24296 4.23102
682000 4.35624 4.24296 4.23102
683000 4.35624 4.24296 4.23102
684000 4.35624 4.24296 4.23102
685000 4.35624 4.24296 4.23102
686000 4.35624 4.24296 4.23102
687000 4.35624 4.24296 4.23102
688000 4.35624 4.24296 4.23102
689000 4.35624 4.24296 4.23102
690000 4.35624 4.24296 4.23102
691000 4.35624 4.24296 4.23102
692000 4.35624 4.24296 4.23102
693000 4.35624 4.24296 4.23102
694000 4.35624 4.24296 4.23102
695000 4.35624 4.24296 4.23102
696000 4.35624 4.24296 4.23102
697000 4.35624 4.24296 4.23102
698000 4.35624 4.24296 4.23102
699000 4.35624 4.24296 4.23102
700000 4.35624 4.24296 4.23102
701000 4.35624 4.24296 4.23102
702000 4.35624 4.24296 4.23102
703000 4.35624 4.24296 4.23102
704000 4.35624 4.24296 4.23102
705000 4.35624 4.24296 4.23102
706000 4.35624 4.24296 4.23102
707000 4.35624 4.24296 4.23102
708000 4.35624 4.24296 4.23102
709000 4.35624 4.24296 4.23102
710000 4.35624 4.24296 4.23102
711000 4.35624 4.24296 4.23102
712000 4.35624 4.24296 4.23102
713000 4.35624 4.24296 4.23102
714000 4.35624 4.24296 4.23102
715000 4.35624 4.24296 4.23102
716000 4.35624 4.24296 4.23102
717000 4.35624 4.24296 4.23102
718000 4.35624 4.24296 4.23102
719000 4.35624 4.24296 4.23102
720000 4.35624 4.24296 4.23102
721000 4.35624 4.24296 4.23102
722000 4.35624 4.24296 4.23102
723000 4.35624 4.24296 4.23102
724000 4.35624 4.24296 4.23102
725000 4.35624 4.24296 4.23102
726000 4.35624 4.24296 4.23102
727000 4.35624 4.24296 4.23102
728000 4.35624 4.24296 4.23102
729000 4.35624 4.24296 4.23102
730000 4.35624 4.24296 4.23102
731000 4.35624 4.24296 4.23102
732000 4.35624 4.24296 4.23102
733000 4.35624 4.24296 4.23102
734000 4.35624 4.24296 4.23102
735000 4.35624 4.24296 4.23102
736000 4.35624 4.24296 4.23102
737000 4.35624 4.24296 4.23102
738000 4.35624 4.24296 4.23102
739000 4.35624 4.24296 4.23102
740000 4.35624 4.24296 4.23102
741000 4.35624 4.24296 4.23102
742000 4.35624 4.24296 4.23102
743000 4.35624 4.24296 4.23102
744000 4.35624 4.24296 4.23102
745000 4.35624 4.24296 4.23102
746000 4.35624 4.24296 4.23102
747000 4.35624 4.24296 4.23102
748000 4.35624 4.24296 4.23102
749000 4.35624 4.24296 4.23102
750000 4.35624 4.24296 4.23102
751000 4.35624 4.24296 4.23102
752000 4.35624 4.24296 4.23102
753000 4.35624 4.24296 4.23102
754000 4.35624 4.24296 4.23102
755000 4.35624 4.24296 4.23102
756000 4.35624 4.24296 4.23102
757000 4.35624 4.24296 4.23102
758000 4.35624 4.24296 4.23102
759000 4.35624 4.24296 4.23102
760000 4.35624 4.24296 4.23102
761000 4.35624 4.24296 4.23102
762000 4.35624 4.24296 4.23102
763000 4.35624 4.24296 4.23102
764000 4.35624 4.24296 4.23102
765000 4.35624 4.24296 4.23102
766000 4.35624 4.24296 4.23102
767000 4.35624 4.24296 4.23102
768000 4.35624 4.24296 4.23102
769000 4.35624 4.24296 4.23102
770000 4.35624 4.24296 4.23102
771000 4.35624 4.24296 4.23102
772000 4.35624 4.24296 4.23102
773000 4.35624 4.24296 4.23102
774000 4.35624 4.24296 4.23102
775000 4.35624 4.24296 4.23102
776000 4.35624 4.24296 4.23102
777000 4.35624 4.24296 4.23102
778000 4.35624 4.24296 4.23102
779000 4.35624 4.24296 4.23102
780000 4.35624 4.24296 4.23102
781000 4.35624 4.24296 4.23102
782000 4.35624 4.24296 4.23102
783000 4.35624 4.24296 4.23102
784000 4.35624 4.24296 4.23102
785000 4.35624 4.24296 4.23102
786000 4.35624 4.24296 4.23102
787000 4.35624 4.24296 4.23102
788000 4.35624 4.24296 4.23102
789000 4.35624 4.24296 4.23102
790000 4.35624 4.24296 4.23102
791000 4.35624 4.24296 4.23102
792000 4.35624 4.24296 4.23102
793000 4.35624 4.24296 4.23102
794000 4.35624 4.24296 4.23102
795000 4.35624 4.24296 4.23102
796000 4.35624 4.24296 4.23102
797000 4.35624 4.24296 4.23102
798000 4.35624 4.24296 4.23102
799000 4.35624 4.24296 4.23102
800000 4.35624 4.24296 4.23102
801000 4.35624 4.24296 4.23102
802000 4.35624 4.24296 4.23102
803000 4.35624 4.24296 4.23102
804000 4.35624 4.24296 4.23102
805000 4.35624 4.24296 4.23102
806000 4.35624 4.24296 4.23102
807000 4.35624 4.24296 4.23102
808000 4.35624 4.24296 4.23102
809000 4.35624 4.24296 4.23102
810000 4.35624 4.24296 4.23102
811000 4.35624 4.24296 4.23102
812000 4.35624 4.24296 4.23102
813000 4.35624 4.24296 4.23102
814000 4.35624 4.24296 4.23102
815000 4.35624 4.24296 4.23102
816000 4.35624 4.24296 4.23102
817000 4.35624 4.24296 4.23102
818000 4.35624 4.24296 4.23102
819000 4.35624 4.24296 4.23102
820000 4.35624 4.24296 4.23102
821000 4.35624 4.24296 4.23102
822000 4.35624 4.24296 4.23102
823000 4.35624 4.24296 4.23102
824000 4.35624 4.24296 4.23102
825000 4.35624 4.24296 4.23102
826000 4.35624 4.24296 4.23102
827000 4.35624 4.24296 4.23102
828000 4.35624 4.24296 4.23102
829000 4.35624 4.24296 4.23102
830000 4.35624 4.24296 4.23102
831000 4.35624 4.24296 4.23102
832000 4.35624 4.24296 4.23102
833000 4.35624 4.24296 4.23102
834000 4.35624 4.24296 4.23102
835000 4.35624 4.24296 4.23102
836000 4.35624 4.24296 4.23102
837000 4.35624 4.24296 4.23102
838000 4.35624 4.24296 4.23102
839000 4.35624 4.24296 4.23102
840000 4.35624 4.24296 4.23102
841000 4.35624 4.24296 4.23102
842000 4.35624 4.24296 4.23102
843000 4.35624 4.24296 4.23102
844000 4.35624 4.24296 4.23102
845000 4.35624 4.24296 4.23102
846000 4.35624 4.24296 4.23102
847000 4.35624 4.24296 4.23102
848000 4.35624 4.24296 4.23102
849000 4.35624 4.24296 4.23102
850000 4.35624 4.24296 4.23102
851000 4.35624 4.24296 4.23102
852000 4.35624 4.24296 4.23102
853000 4.35624 4.24296 4.23102
854000 4.35624 4.24296 4.23102
855000 4.35624 4.24296 4.23102
856000 4.35624 4.24296 4.23102
857000 4.35624 4.24296 4.23102
858000 4.35624 4.24296 4.23102
859000 4.35624 4.24296 4.23102
860000 4.35624 4.24296 4.23102
861000 4.35624 4.24296 4.23102
862000 4.35624 4.24296 4.23102
863000 4.35624 4.24296 4.23102
864000 4.35624 4.24296 4.23102
865000 4.35624 4.24296 4.23102
866000 4.35624 4.24296 4.23102
867000 4.35624 4.24296 4.23102
868000 4.35624 4.24296 4.23102
869000 4.35624 4.24296 4.23102
870000 4.35624 4.24296 4.23102
871000 4.35624 4.24296 4.23102
872000 4.35624 4.24296 4.23102
873000 4.35624 4.24296 4.23102
874000 4.35624 4.24296 4.23102
875000 4.35624 4.24296 4.23102
876000 4.35624 4.24296 4.23102
877000 4.35624 4.24296 4.23102
878000 4.35624 4.24296 4.23102
879000 4.35624 4.24296 4.23102
880000 4.35624 4.24296 4.23102
881000 4.35624 4.24296 4.23102
882000 4.35624 4.24296 4.23102
883000 4.35624 4.24296 4.23102
884000 4.35624 4.24296 4.23102
885000 4.35624 4.24296 4.23102
886000 4.35624 4.24296 4.23102
887000 4.35624 4.24296 4.23102
888000 4.35624 4.24296 4.23102
889000 4.35624 4.24296 4.23102
890000 4.35624 4.24296 4.23102
891000 4.35624 4.24296 4.23102
892000 4.35624 4.24296 4.23102
893000 4.35624 4.24296 4.23102
894000 4.35624 4.24296 4.23102
895000 4.35624 4.24296 4.23102
896000 4.35624 4.24296 4.23102
897000 4.35624 4.24296 4.23102
898000 4.35624 4.24296 4.23102
899000 4.35624 4.24296 4.23102
900000 4.35624 4.24296 4.23102
901000 4.35624 4.24296 4.23102
902000 4.35624 4.24296 4.23102
903000 4.35624 4.24296 4.23102
904000 4.35624 4.24296 4.23102
905000 4.35624 4.24296 4.23102
906000 4.35624 4.24296 4.23102
907000 4.35624 4.24296 4.23102
908000 4.35624 4.24296 4.23102
909000 4.35624 4.24296 4.23102
910000 4.35624 4.24296 4.23102
911000 4.35624 4.24296 4.23102
912000 4.35624 4.24296 4.23102
913000 4.35624 4.24296 4.23102
914000 4.35624 4.24296 4.23102
915000 4.35624 4.24296 4.23102
916000 4.35624 4.24296 4.23102
917000 4.35624 4.24296 4.23102
918000 4.35624 4.24296 4.23102
919000 4.35624 4.24296 4.23102
920000 4.35624 4.24296 4.23102
921000 4.35624 4.24296 4.23102
922000 4.35624 4.24296 4.23102
923000 4.35624 4.24296 4.23102
924000 4.35624 4.24296 4.23102
925000 4.35624 4.24296 4.23102
926000 4.35624 4.24296 4.23102
927000 4.35624 4.24296 4.23102
928000 4.35624 4.24296 4.23102
929000 4.35624 4.24296 4.23102
930000 4.35624 4.24296 4.23102
931000 4.35624 4.24296 4.23102
932000 4.35624 4.24296 4.23102
933000 4.35624 4.24296 4.23102
934000 4.35624 4.24296 4.23102
935000 4.35624 4.24296 4.23102
936000 4.35624 4.24296 4.23102
937000 4.35624 4.24296 4.23102
938000 4.35624 4.24296 4.23102
939000 4.35624 4.24296 4.23102
940000 4.35624 4.24296 4.23102
941000 4.35624 4.24296 4.23102
942000 4.35624 4.24296 4.23102
943000 4.35624 4.24296 4.23102
944000 4.35624 4.24296 4.23102
945000 4.35624 4.24296 4.23102
946000 4.35624 4.24296 4.23102
947000 4.35624 4.24296 4.23102
948000 4.35624 4.24296 4.23102
949000 4.35624 4.24296 4.23102
950000 4.35624 4.24296 4.23102
951000 4.35624 4.24296 4.23102
952000 4.35624 4.24296 4.23102
953000 4.35624 4.24296 4.23102
954000 4.35624 4.24296 4.23102
955000 4.35624 4.24296 4.23102
956000 4.35624 4.24296 4.23102
957000 4.35624 4.24296 4.23102
958000 4.35624 4.24296 4.23102
959000 4.35624 4.24296 4.23102
960000 4.35624 4.24296 4.23102
961000 4.35624 4.24296 4.23102
962000 4.35624 4.24296 4.23102
963000 4.35624 4.24296 4.23102
964000 4.35624 4.24296 4.23102
965000 4.35624 4.24296 4.23102
966000 4.35624 4.24296 4.23102
967000 4.35624 4.24296 4.23102
968000 4.35624 4.24296 4.23102
969000 4.35624 4.24296 4.23102
970000 4.35624 4.24296 4.23102
971000 4.35624 4.24296 4.23102
972000 4.35624 4.24296 4.23102
973000 4.35624 4.24296 4.23102
974000 4.35624 4.24296 4.23102
975000 4.35624 4.24296 4.23102
976000 4.35624 4.24296 4.23102
977000 4.35624 4.24296 4.23102
978000 4.35624 4.24296 4.23102
979000 4.35624 4.24296 4.23102
980000 4.35624 4.24296 4.23102
981000 4.35624 4.24296 4.23102
982000 4.35624 4.24296 4.23102
983000 4.35624 4.24296 4.23102
984000 4.35624 4.24296 4.23102
985000 4.35624 4.24296 4.23102
986000 4.35624 4.24296 4.23102
987000 4.35624 4.24296 4.23102
988000 4.35624 4.24296 4.23102
989000 4.35624 4.24296 4.23102
990000 4.35624 4.24296 4.23102
991000 4.35624 4.24296 4.23102
992000 4.35624 4.24296 4.23102
993000 4.35624 4.24296 4.23102
994000 4.35624 4.24296 4.23102
995000 4.35624 4.24296 4.23102
996000 4.35624 4.24296 4.23102
997000 4.35624 4.24296 4.23102
998000 4.35624 4.24296 4.23102
999000 4.35624 4.24296 4.23102
1000000 4.35624 4.24296 4.23102
