# Time-averaged data for fix msd
# TimeStep c_msd[4]
1000 0.601196
2000 1.25733
3000 1.94379
4000 2.56769
5000 3.24095
6000 3.89448
7000 4.5827
8000 5.16079
9000 5.77225
10000 6.43603
11000 6.90049
12000 7.66384
13000 8.13945
14000 8.90166
15000 9.73561
16000 10.4385
17000 11.0569
18000 11.7339
19000 12.3419
20000 12.9692
21000 13.563
22000 14.301
23000 14.803
24000 15.4379
25000 16.1966
26000 17.0374
27000 17.6028
28000 18.3549
29000 19.0293
30000 19.7
31000 20.3276
32000 20.9925
33000 21.5833
34000 22.326
35000 22.9602
36000 23.3846
37000 24.0179
38000 24.7445
39000 25.3008
40000 25.9989
41000 26.6299
42000 27.3711
43000 27.9782
44000 28.341
45000 29.0422
46000 29.7218
47000 30.2325
48000 30.826
49000 31.6063
50000 32.3669
51000 33.0556
52000 33.6845
53000 34.4054
54000 34.8337
55000 35.4197
56000 36.2166
57000 36.6836
58000 37.1019
59000 37.8956
60000 38.0406
61000 38.8118
62000 39.5899
63000 40.0374
64000 40.9745
65000 41.614
66000 42.2947
67000 43.0534
68000 43.3381
69000 44.0026
70000 44.8395
71000 45.6453
72000 45.8848
73000 46.3749
74000 46.8505
75000 47.554
76000 48.2452
77000 48.701
78000 49.4225
79000 50.2677
80000 51.0198
81000 51.6546
82000 52.4856
83000 53.1185
84000 54.074
85000 54.4195
86000 55.1764
87000 55.7484
88000 56.4849
89000 57.4789
90000 58.4402
91000 58.8046
92000 59.3342
93000 59.7259
94000 60.7026
95000 61.2619
96000 61.7272
97000 62.1403
98000 62.3645
99000 62.9623
100000 63.7202
101000 64.1871
102000 64.8817
103000 65.1914
104000 65.9994
105000 66.7316
106000 67.2788
107000 67.8083
108000 68.5329
109000 69.2723
110000 70.0056
111000 71.2428
112000 72.3262
113000 73.1227
114000 74.0872
115000 74.3017
116000 74.7174
117000 75.5347
118000 75.9828
119000 76.6226
120000 77.8731
121000 78.908
122000 79.1038
123000 79.472
124000 80.5293
125000 81.5103
126000 81.8517
127000 82.8548
128000 83.2874
129000 83.6864
130000 84.4742
131000 84.7596
132000 85.2139
133000 85.7435
134000 86.3049
135000 86.8855
136000 87.0803
137000 88.1594
138000 88.628
139000 89.3663
140000 89.8972
141000 90.8164
142000 91.3868
143000 92.1018
144000 92.8106
145000 93.5924
146000 94.3755
147000 95.3085
148000 95.8492
149000 96.7039
150000 96.895
151000 97.7018
152000 98.4405
153000 99.1516
154000 99.5162
155000 100.035
156000 100.443
157000 101.374
158000 102.036
159000 102.349
160000 103.08
161000 103.663
162000 104.186
163000 104.65
164000 105.263
165000 105.992
166000 106.915
167000 107.71
168000 108.317
169000 109.035
170000 110.188
171000 110.648
172000 111.518
173000 112.015
174000 112.405
175000 113.009
176000 113.657
177000 114.398
178000 114.605
179000 115.489
180000 116.272
181000 116.793
182000 117.308
183000 117.94
184000 119.082
185000 119.706
186000 120.295
187000 120.978
188000 121.6
189000 121.902
190000 122.755
191000 123.232
192000 123.634
193000 124.537
194000 125.109
195000 126.05
196000 126.531
197000 127.104
198000 127.798
199000 128.241
200000 128.208
201000 128.814
202000 129.536
203000 129.635
204000 129.613
205000 130.254
206000 131.102
207000 131.266
208000 132.075
209000 133.204
210000 134.007
211000 134.747
212000 135.194
213000 135.484
214000 135.993
215000 136.552
216000 137.198
217000 137.764
218000 138.402
219000 138.598
220000 139.752
221000 141.029
222000 141.995
223000 143.029
224000 143.163
225000 143.668
226000 144.348
227000 145.336
228000 146.122
229000 146.547
230000 146.516
231000 146.918
232000 147.641
233000 148.092
234000 148.44
235000 149.547
236000 150.807
237000 151.453
238000 151.666
239000 151.779
240000 153.145
241000 153.316
242000 153.795
243000 154.476
244000 155.178
245000 155.693
246000 156.45
247000 157.731
248000 158.73
249000 158.878
250000 159.219
251000 160.004
252000 159.976
253000 160.899
254000 161.738
255000 162.318
256000 162.966
257000 163.564
258000 163.736
259000 164.764
260000 164.978
261000 165.662
262000 167.083
263000 167.301
264000 167.741
265000 167.653
266000 168.421
267000 169.186
268000 170.03
269000 170.599
270000 171.206
271000 172.081
272000 172.996
273000 173.836
274000 175.357
275000 175.772
276000 177.254
277000 177.629
278000 178.297
279000 178.646
280000 179.438
281000 179.809
282000 179.889
283000 180.521
284000 181.164
285000 182.026
286000 183.582
287000 184.456
288000 185.362
289000 185.824
290000 186.642
291000 187.439
292000 188.142
293000 188.744
294000 189.534
295000 190.71
296000 190.967
297000 190.872
298000 191.266
299000 191.521
300000 192.167
301000 192.564
302000 193.24
303000 192.779
304000 193.4
305000 193.82
306000 194.538
307000 195.182
308000 195.862
309000 196.376
310000 197.073
311000 197.569
312000 197.612
313000 198.561
314000 199.509
315000 200.39
316000 202.05
317000 202.364
318000 202.768
319000 203.207
320000 203.265
321000 203.691
322000 205.024
323000 205.516
324000 207.023
325000 207.173
326000 207.434
327000 208.042
328000 208.539
329000 209.311
330000 209.423
331000 210.212
332000 210.149
333000 210.896
334000 211.917
335000 211.724
336000 211.86
337000 212.302
338000 213.075
339000 213.47
340000 214.358
341000 214.55
342000 215.567
343000 215.507
344000 215.665
345000 216.059
346000 217.086
347000 217.812
348000 218.98
349000 220.064
350000 220.511
351000 220.824
352000 221.086
353000 221.391
354000 222.176
355000 222.101
356000 222.264
357000 222.938
358000 222.982
359000 223.927
360000 224.641
361000 225.348
362000 226.423
363000 227.926
364000 228.824
365000 228.839
366000 229.636
367000 230.357
368000 231.018
369000 231.85
370000 232.103
371000 232.233
372000 232.708
373000 233.132
374000 233.272
375000 233.281
376000 234.238
377000 234.537
378000 234.873
379000 235.415
380000 236.553
381000 237.167
382000 238.069
383000 239.057
384000 240.374
385000 241.864
386000 242.704
387000 243.054
388000 244.431
389000 244.684
390000 245.254
391000 245.323
392000 246.652
393000 246.525
394000 246.861
395000 247.972
396000 248.302
397000 248.896
398000 249.809
399000 250.809
400000 251.37
401000 252.953
402000 253.489
403000 254.599
404000 254.819
405000 255.322
406000 255.918
407000 257.469
408000 258.908
409000 259.972
410000 261.134
411000 261.15
412000 260.856
413000 261.286
414000 261.152
415000 262.472
416000 263.162
417000 263.986
418000 264.881
419000 265.86
420000 265.922
421000 267.099
422000 268.109
423000 269.449
424000 270.015
425000 270.666
426000 271.786
427000 272.431
428000 273.265
429000 274.007
430000 274.884
431000 275.162
432000 275.322
433000 276.441
434000 277.355
435000 277.303
436000 277.447
437000 278.532
438000 279.409
439000 279.751
440000 280.311
441000 279.736
442000 280.831
443000 281.793
444000 282.534
445000 282.477
446000 283.871
447000 284.161
448000 284.485
449000 284.928
450000 286.475
451000 287.088
452000 287.125
453000 287.443
454000 287.591
455000 288.169
456000 288.247
457000 288.926
458000 289.715
459000 290.076
460000 291.124
461000 291.784
462000 292.351
463000 293.825
464000 294.428
465000 295.02
466000 295.071
467000 295.94
468000 296.321
469000 296.916
470000 298.036
471000 298.394
472000 298.511
473000 298.866
474000 298.801
475000 299.606
476000 300.834
477000 301.117
478000 300.768
479000 300.103
480000 300.345
481000 301.155
482000 301.796
483000 302.073
484000 302.717
485000 303.738
486000 304.076
487000 304.204
488000 304.761
489000 305.807
490000 306.865
491000 307.04
492000 308.125
493000 309.262
494000 309.39
495000 309.868
496000 310.232
497000 311.351
498000 311.867
499000 313.263
500000 313.748
501000 313.953
502000 314.623
503000 315.16
504000 316.177
505000 317.263
506000 317.944
507000 318.432
508000 318.691
509000 319.383
510000 320.236
511000 320.868
512000 320.838
513000 321.591
514000 321.966
515000 322.942
516000 324.437
517000 324.732
518000 325.101
519000 325.632
520000 326.214
521000 326.865
522000 327.815
523000 329.415
524000 331.101
525000 331.353
526000 331.274
527000 332.561
528000 332.244
529000 333.141
530000 333.844
531000 333.863
532000 335.148
533000 335.563
534000 335.778
535000 337.08
536000 337.928
537000 338.778
538000 340.229
539000 341.082
540000 341.458
541000 341.697
542000 341.847
543000 342.586
544000 343.063
545000 343.767
546000 344.017
547000 343.768
548000 344.143
549000 344.31
550000 344.635
551000 345.088
552000 346.198
553000 346.977
554000 347.494
555000 347.455
556000 347.816
557000 348.565
558000 349.633
559000 350.715
560000 351.05
561000 350.935
562000 352.571
563000 353.738
564000 355.161
565000 355.2
566000 356.017
567000 356.185
568000 356.31
569000 357.079
570000 358.285
571000 358.909
572000 359.396
573000 360.49
574000 361.458
575000 362.415
576000 362.688
577000 362.137
578000 363.344
579000 364.35
580000 365.196
581000 364.946
582000 365.764
583000 366.009
584000 366.263
585000 366.36
586000 367.198
587000 367.8
588000 368.226
589000 368.647
590000 369.619
591000 369.58
592000 370.124
593000 371.505
594000 371.902
595000 372.169
596000 372.098
597000 372.668
598000 374.389
599000 374.403
600000 375.505
601000 376.271
602000 377.016
603000 378.181
604000 380.036
605000 380.841
606000 380.865
607000 381.584
608000 382.033
609000 383.153
610000 383.507
611000 384.826
612000 386.668
613000 387.222
614000 388.24
615000 388.287
616000 388.87
617000 388.944
618000 389.413
619000 390.391
620000 390.617
621000 391.116
622000 392.243
623000 392.93
624000 393.523
625000 394.681
626000 394.219
627000 394.944
628000 396.5
629000 397.132
630000 397.446
631000 398.02
632000 398.778
633000 400.194
634000 401.07
635000 402.014
636000 403.725
637000 404.515
638000 404.997
639000 405.466
640000 405.6
641000 406.54
642000 406.786
643000 407.684
644000 408.612
645000 409.182
646000 410.544
647000 411.779
648000 412.627
649000 412.985
650000 413.883
651000 413.913
652000 414.758
653000 414.503
654000 415.048
655000 415.524
656000 416.049
657000 416.322
658000 417.509
659000 418.178
660000 419.076
661000 420.353
662000 420.53
663000 421.353
664000 422.908
665000 424.246
666000 425.711
667000 424.966
668000 425.512
669000 427.031
670000 427.398
671000 428.301
672000 429.613
673000 430.599
674000 430.975
675000 431.359
676000 431.776
677000 432.197
678000 433.569
679000 433.757
680000 434.357
681000 434.545
682000 434.718
683000 435.132
684000 436.637
685000 436.772
686000 437.339
687000 437.998
688000 439.041
689000 441.17
690000 443.081
691000 443.554
692000 444.333
693000 444.59
694000 444.849
695000 445.33
696000 445.964
697000 446.739
698000 446.964
699000 446.408
700000 447.802
701000 447.292
702000 448.049
703000 448.699
704000 450.279
705000 451.551
706000 453.233
707000 454.494
708000 454.588
709000 455.743
710000 456.507
711000 456.672
712000 456.904
713000 457.426
714000 457.291
715000 456.934
716000 457.943
717000 459.163
718000 459.821
719000 461.638
720000 462.767
721000 463.356
722000 464.785
723000 465.471
724000 466.315
725000 467.361
726000 469.082
727000 469.934
728000 470.21
729000 470.505
730000 469.831
731000 470.883
732000 472.412
733000 472.035
734000 473.307
735000 473.792
736000 473.887
737000 475.521
738000 477.101
739000 478.015
740000 478.131
741000 478.437
742000 480.682
743000 481.178
744000 480.457
745000 480.965
746000 481.606
747000 481.631
748000 483.001
749000 482.392
750000 483.5
751000 484.996
752000 485.868
753000 486.85
754000 487.946
755000 488.563
756000 488.792
757000 489.457
758000 488.821
759000 488.847
760000 489.795
761000 490.307
762000 491.263
763000 492.389
764000 492.661
765000 493.108
766000 493.695
767000 494.259
768000 493.365
769000 493.55
770000 494.23
771000 494.34
772000 494.49
773000 494.175
774000 494.404
775000 495.282
776000 495.824
777000 496
778000 497.032
779000 497.486
780000 498.2
781000 499.42
782000 501.052
783000 501.64
784000 501.702
785000 502.872
786000 503.455
787000 504.493
788000 505.859
789000 506.793
790000 508.086
791000 509.352
792000 510.232
793000 510.622
794000 510.956
795000 511.176
796000 512.552
797000 513.41
798000 515.41
799000 516.272
800000 517.965
801000 518.452
802000 519.069
803000 519.605
804000 520.401
805000 521.255
806000 521.826
807000 522.802
808000 523.814
809000 523.477
810000 524.295
811000 524.691
812000 526.007
813000 527.423
814000 528.518
815000 529.939
816000 530.169
817000 531.219
818000 532.913
819000 533.982
820000 534.287
821000 535.325
822000 537.359
823000 537.504
824000 538.775
825000 539.369
826000 540.188
827000 539.928
828000 540.512
829000 541.652
830000 541.537
831000 542.102
832000 542.427
833000 541.685
834000 542.972
835000 544.527
836000 544.782
837000 544.305
838000 545.734
839000 546.289
840000 546.213
841000 546.937
842000 547.75
843000 548.835
844000 549.347
845000 549.905
846000 550.367
847000 549.892
848000 551.31
849000 551.764
850000 552.837
851000 553.592
852000 553.888
853000 553.5
854000 553.547
855000 553.765
856000 554.371
857000 554.916
858000 555.274
859000 555.712
860000 555.754
861000 556.294
862000 556.897
863000 557.502
864000 558.658
865000 559.202
866000 560.551
867000 562.236
868000 562.602
869000 564.095
870000 565.287
871000 566.833
872000 567.565
873000 568.166
874000 567.558
875000 568.775
876000 569.644
877000 569.711
878000 570.658
879000 571.351
880000 571.469
881000 570.28
882000 571.741
883000 572.452
884000 574.071
885000 574.6
886000 574.826
887000 575.443
888000 576.087
889000 576.466
890000 576.519
891000 576.137
892000 576.504
893000 578.3
894000 578.957
895000 579.342
896000 579.996
897000 581.06
898000 581.403
899000 581.549
900000 582.485
901000 582.345
902000 584.323
903000 584.683
904000 585.104
905000 585.671
906000 586.72
907000 586.997
908000 587.368
909000 587.873
910000 588.435
911000 588.67
912000 590.344
913000 592.28
914000 592.762
915000 594.176
916000 596.134
917000 596.285
918000 596.509
919000 597.465
920000 597.907
921000 597.813
922000 598.394
923000 599.998
924000 599.92
925000 600.639
926000 602.601
927000 603.427
928000 604.665
929000 605.091
930000 606.911
931000 607.874
932000 608.963
933000 609.063
934000 610.57
935000 610.2
936000 610.668
937000 610.313
938000 611.003
939000 612.635
940000 614.521
941000 615.224
942000 616.006
943000 616.832
944000 617.67
945000 617.985
946000 619.79
947000 620.179
948000 621.048
949000 620.52
950000 621.499
951000 621.857
952000 622.759
953000 622.547
954000 623.466
955000 622.695
956000 622.996
957000 622.667
958000 623.248
959000 623.682
960000 624.401
961000 623.564
962000 624.173
963000 625.162
964000 626.104
965000 627.226
966000 627.901
967000 628.354
968000 628.758
969000 629.003
970000 628.474
971000 629.437
972000 629.574
973000 629.687
974000 630.656
975000 630.255
976000 630.267
977000 630.606
978000 631.887
979000 632.508
980000 631.863
981000 633.136
982000 635.339
983000 635.399
984000 635.915
985000 635.323
986000 635.922
987000 638.481
988000 640.481
989000 641.985
990000 642.951
991000 643.5
992000 644.219
993000 645.308
994000 645.144
995000 645.59
996000 644.767
997000 644.596
998000 645.166
999000 645.807
1000000 647.09
