# Time-averaged data for fix com
# TimeStep c_com[1] c_com[2] c_com[3]
1000 2.25182 1.76441 1.96855
2000 2.25182 1.76441 1.96855
3000 2.25182 1.76441 1.96855
4000 2.25182 1.76441 1.96855
5000 2.25182 1.76441 1.96855
6000 2.25182 1.76441 1.96855
7000 2.25182 1.76441 1.96855
8000 2.25182 1.76441 1.96855
9000 2.25182 1.76441 1.96855
10000 2.25182 1.76441 1.96855
11000 2.25182 1.76441 1.96855
12000 2.25182 1.76441 1.96855
13000 2.25182 1.76441 1.96855
14000 2.25182 1.76441 1.96855
15000 2.25182 1.76441 1.96855
16000 2.25182 1.76441 1.96855
17000 2.25182 1.76441 1.96855
18000 2.25182 1.76441 1.96855
19000 2.25182 1.76441 1.96855
20000 2.25182 1.76441 1.96855
21000 2.25182 1.76441 1.96855
22000 2.25182 1.76441 1.96855
23000 2.25182 1.76441 1.96855
24000 2.25182 1.76441 1.96855
25000 2.25182 1.76441 1.96855
26000 2.25182 1.76441 1.96855
27000 2.25182 1.76441 1.96855
28000 2.25182 1.76441 1.96855
29000 2.25182 1.76441 1.96855
30000 2.25182 1.76441 1.96855
31000 2.25182 1.76441 1.96855
32000 2.25182 1.76441 1.96855
33000 2.25182 1.76441 1.96855
34000 2.25182 1.76441 1.96855
35000 2.25182 1.76441 1.96855
36000 2.25182 1.76441 1.96855
37000 2.25182 1.76441 1.96855
38000 2.25182 1.76441 1.96855
39000 2.25182 1.76441 1.96855
40000 2.25182 1.76441 1.96855
41000 2.25182 1.76441 1.96855
42000 2.25182 1.76441 1.96855
43000 2.25182 1.76441 1.96855
44000 2.25182 1.76441 1.96855
45000 2.25182 1.76441 1.96855
46000 2.25182 1.76441 1.96855
47000 2.25182 1.76441 1.96855
48000 2.25182 1.76441 1.96855
49000 2.25182 1.76441 1.96855
50000 2.25182 1.76441 1.96855
51000 2.25182 1.76441 1.96855
52000 2.25182 1.76441 1.96855
53000 2.25182 1.76441 1.96855
54000 2.25182 1.76441 1.96855
55000 2.25182 1.76441 1.96855
56000 2.25182 1.76441 1.96855
57000 2.25182 1.76441 1.96855
58000 2.25182 1.76441 1.96855
59000 2.25182 1.76441 1.96855
60000 2.25182 1.76441 1.96855
61000 2.25182 1.76441 1.96855
62000 2.25182 1.76441 1.96855
63000 2.25182 1.76441 1.96855
64000 2.25182 1.76441 1.96855
65000 2.25182 1.76441 1.96855
66000 2.25182 1.76441 1.96855
67000 2.25182 1.76441 1.96855
68000 2.25182 1.76441 1.96855
69000 2.25182 1.76441 1.96855
70000 2.25182 1.76441 1.96855
71000 2.25182 1.76441 1.96855
72000 2.25182 1.76441 1.96855
73000 2.25182 1.76441 1.96855
74000 2.25182 1.76441 1.96855
75000 2.25182 1.76441 1.96855
76000 2.25182 1.76441 1.96855
77000 2.25182 1.76441 1.96855
78000 2.25182 1.76441 1.96855
79000 2.25182 1.76441 1.96855
80000 2.25182 1.76441 1.96855
81000 2.25182 1.76441 1.96855
82000 2.25182 1.76441 1.96855
83000 2.25182 1.76441 1.96855
84000 2.25182 1.76441 1.96855
85000 2.25182 1.76441 1.96855
86000 2.25182 1.76441 1.96855
87000 2.25182 1.76441 1.96855
88000 2.25182 1.76441 1.96855
89000 2.25182 1.76441 1.96855
90000 2.25182 1.76441 1.96855
91000 2.25182 1.76441 1.96855
92000 2.25182 1.76441 1.96855
93000 2.25182 1.76441 1.96855
94000 2.25182 1.76441 1.96855
95000 2.25182 1.76441 1.96855
96000 2.25182 1.76441 1.96855
97000 2.25182 1.76441 1.96855
98000 2.25182 1.76441 1.96855
99000 2.25182 1.76441 1.96855
100000 2.25182 1.76441 1.96855
101000 2.25182 1.76441 1.96855
102000 2.25182 1.76441 1.96855
103000 2.25182 1.76441 1.96855
104000 2.25182 1.76441 1.96855
105000 2.25182 1.76441 1.96855
106000 2.25182 1.76441 1.96855
107000 2.25182 1.76441 1.96855
108000 2.25182 1.76441 1.96855
109000 2.25182 1.76441 1.96855
110000 2.25182 1.76441 1.96855
111000 2.25182 1.76441 1.96855
112000 2.25182 1.76441 1.96855
113000 2.25182 1.76441 1.96855
114000 2.25182 1.76441 1.96855
115000 2.25182 1.76441 1.96855
116000 2.25182 1.76441 1.96855
117000 2.25182 1.76441 1.96855
118000 2.25182 1.76441 1.96855
119000 2.25182 1.76441 1.96855
120000 2.25182 1.76441 1.96855
121000 2.25182 1.76441 1.96855
122000 2.25182 1.76441 1.96855
123000 2.25182 1.76441 1.96855
124000 2.25182 1.76441 1.96855
125000 2.25182 1.76441 1.96855
126000 2.25182 1.76441 1.96855
127000 2.25182 1.76441 1.96855
128000 2.25182 1.76441 1.96855
129000 2.25182 1.76441 1.96855
130000 2.25182 1.76441 1.96855
131000 2.25182 1.76441 1.96855
132000 2.25182 1.76441 1.96855
133000 2.25182 1.76441 1.96855
134000 2.25182 1.76441 1.96855
135000 2.25182 1.76441 1.96855
136000 2.25182 1.76441 1.96855
137000 2.25182 1.76441 1.96855
138000 2.25182 1.76441 1.96855
139000 2.25182 1.76441 1.96855
140000 2.25182 1.76441 1.96855
141000 2.25182 1.76441 1.96855
142000 2.25182 1.76441 1.96855
143000 2.25182 1.76441 1.96855
144000 2.25182 1.76441 1.96855
145000 2.25182 1.76441 1.96855
146000 2.25182 1.76441 1.96855
147000 2.25182 1.76441 1.96855
148000 2.25182 1.76441 1.96855
149000 2.25182 1.76441 1.96855
150000 2.25182 1.76441 1.96855
151000 2.25182 1.76441 1.96855
152000 2.25182 1.76441 1.96855
153000 2.25182 1.76441 1.96855
154000 2.25182 1.76441 1.96855
155000 2.25182 1.76441 1.96855
156000 2.25182 1.76441 1.96855
157000 2.25182 1.76441 1.96855
158000 2.25182 1.76441 1.96855
159000 2.25182 1.76441 1.96855
160000 2.25182 1.76441 1.96855
161000 2.25182 1.76441 1.96855
162000 2.25182 1.76441 1.96855
163000 2.25182 1.76441 1.96855
164000 2.25182 1.76441 1.96855
165000 2.25182 1.76441 1.96855
166000 2.25182 1.76441 1.96855
167000 2.25182 1.76441 1.96855
168000 2.25182 1.76441 1.96855
169000 2.25182 1.76441 1.96855
170000 2.25182 1.76441 1.96855
171000 2.25182 1.76441 1.96855
172000 2.25182 1.76441 1.96855
173000 2.25182 1.76441 1.96855
174000 2.25182 1.76441 1.96855
175000 2.25182 1.76441 1.96855
176000 2.25182 1.76441 1.96855
177000 2.25182 1.76441 1.96855
178000 2.25182 1.76441 1.96855
179000 2.25182 1.76441 1.96855
180000 2.25182 1.76441 1.96855
181000 2.25182 1.76441 1.96855
182000 2.25182 1.76441 1.96855
183000 2.25182 1.76441 1.96855
184000 2.25182 1.76441 1.96855
185000 2.25182 1.76441 1.96855
186000 2.25182 1.76441 1.96855
187000 2.25182 1.76441 1.96855
188000 2.25182 1.76441 1.96855
189000 2.25182 1.76441 1.96855
190000 2.25182 1.76441 1.96855
191000 2.25182 1.76441 1.96855
192000 2.25182 1.76441 1.96855
193000 2.25182 1.76441 1.96855
194000 2.25182 1.76441 1.96855
195000 2.25182 1.76441 1.96855
196000 2.25182 1.76441 1.96855
197000 2.25182 1.76441 1.96855
198000 2.25182 1.76441 1.96855
199000 2.25182 1.76441 1.96855
200000 2.25182 1.76441 1.96855
201000 2.25182 1.76441 1.96855
202000 2.25182 1.76441 1.96855
203000 2.25182 1.76441 1.96855
204000 2.25182 1.76441 1.96855
205000 2.25182 1.76441 1.96855
206000 2.25182 1.76441 1.96855
207000 2.25182 1.76441 1.96855
208000 2.25182 1.76441 1.96855
209000 2.25182 1.76441 1.96855
210000 2.25182 1.76441 1.96855
211000 2.25182 1.76441 1.96855
212000 2.25182 1.76441 1.96855
213000 2.25182 1.76441 1.96855
214000 2.25182 1.76441 1.96855
215000 2.25182 1.76441 1.96855
216000 2.25182 1.76441 1.96855
217000 2.25182 1.76441 1.96855
218000 2.25182 1.76441 1.96855
219000 2.25182 1.76441 1.96855
220000 2.25182 1.76441 1.96855
221000 2.25182 1.76441 1.96855
222000 2.25182 1.76441 1.96855
223000 2.25182 1.76441 1.96855
224000 2.25182 1.76441 1.96855
225000 2.25182 1.76441 1.96855
226000 2.25182 1.76441 1.96855
227000 2.25182 1.76441 1.96855
228000 2.25182 1.76441 1.96855
229000 2.25182 1.76441 1.96855
230000 2.25182 1.76441 1.96855
231000 2.25182 1.76441 1.96855
232000 2.25182 1.76441 1.96855
233000 2.25182 1.76441 1.96855
234000 2.25182 1.76441 1.96855
235000 2.25182 1.76441 1.96855
236000 2.25182 1.76441 1.96855
237000 2.25182 1.76441 1.96855
238000 2.25182 1.76441 1.96855
239000 2.25182 1.76441 1.96855
240000 2.25182 1.76441 1.96855
241000 2.25182 1.76441 1.96855
242000 2.25182 1.76441 1.96855
243000 2.25182 1.76441 1.96855
244000 2.25182 1.76441 1.96855
245000 2.25182 1.76441 1.96855
246000 2.25182 1.76441 1.96855
247000 2.25182 1.76441 1.96855
248000 2.25182 1.76441 1.96855
249000 2.25182 1.76441 1.96855
250000 2.25182 1.76441 1.96855
251000 2.25182 1.76441 1.96855
252000 2.25182 1.76441 1.96855
253000 2.25182 1.76441 1.96855
254000 2.25182 1.76441 1.96855
255000 2.25182 1.76441 1.96855
256000 2.25182 1.76441 1.96855
257000 2.25182 1.76441 1.96855
258000 2.25182 1.76441 1.96855
259000 2.25182 1.76441 1.96855
260000 2.25182 1.76441 1.96855
261000 2.25182 1.76441 1.96855
262000 2.25182 1.76441 1.96855
263000 2.25182 1.76441 1.96855
264000 2.25182 1.76441 1.96855
265000 2.25182 1.76441 1.96855
266000 2.25182 1.76441 1.96855
267000 2.25182 1.76441 1.96855
268000 2.25182 1.76441 1.96855
269000 2.25182 1.76441 1.96855
270000 2.25182 1.76441 1.96855
271000 2.25182 1.76441 1.96855
272000 2.25182 1.76441 1.96855
273000 2.25182 1.76441 1.96855
274000 2.25182 1.76441 1.96855
275000 2.25182 1.76441 1.96855
276000 2.25182 1.76441 1.96855
277000 2.25182 1.76441 1.96855
278000 2.25182 1.76441 1.96855
279000 2.25182 1.76441 1.96855
280000 2.25182 1.76441 1.96855
281000 2.25182 1.76441 1.96855
282000 2.25182 1.76441 1.96855
283000 2.25182 1.76441 1.96855
284000 2.25182 1.76441 1.96855
285000 2.25182 1.76441 1.96855
286000 2.25182 1.76441 1.96855
287000 2.25182 1.76441 1.96855
288000 2.25182 1.76441 1.96855
289000 2.25182 1.76441 1.96855
290000 2.25182 1.76441 1.96855
291000 2.25182 1.76441 1.96855
292000 2.25182 1.76441 1.96855
293000 2.25182 1.76441 1.96855
294000 2.25182 1.76441 1.96855
295000 2.25182 1.76441 1.96855
296000 2.25182 1.76441 1.96855
297000 2.25182 1.76441 1.96855
298000 2.25182 1.76441 1.96855
299000 2.25182 1.76441 1.96855
300000 2.25182 1.76441 1.96855
301000 2.25182 1.76441 1.96855
302000 2.25182 1.76441 1.96855
303000 2.25182 1.76441 1.96855
304000 2.25182 1.76441 1.96855
305000 2.25182 1.76441 1.96855
306000 2.25182 1.76441 1.96855
307000 2.25182 1.76441 1.96855
308000 2.25182 1.76441 1.96855
309000 2.25182 1.76441 1.96855
310000 2.25182 1.76441 1.96855
311000 2.25182 1.76441 1.96855
312000 2.25182 1.76441 1.96855
313000 2.25182 1.76441 1.96855
314000 2.25182 1.76441 1.96855
315000 2.25182 1.76441 1.96855
316000 2.25182 1.76441 1.96855
317000 2.25182 1.76441 1.96855
318000 2.25182 1.76441 1.96855
319000 2.25182 1.76441 1.96855
320000 2.25182 1.76441 1.96855
321000 2.25182 1.76441 1.96855
322000 2.25182 1.76441 1.96855
323000 2.25182 1.76441 1.96855
324000 2.25182 1.76441 1.96855
325000 2.25182 1.76441 1.96855
326000 2.25182 1.76441 1.96855
327000 2.25182 1.76441 1.96855
328000 2.25182 1.76441 1.96855
329000 2.25182 1.76441 1.96855
330000 2.25182 1.76441 1.96855
331000 2.25182 1.76441 1.96855
332000 2.25182 1.76441 1.96855
333000 2.25182 1.76441 1.96855
334000 2.25182 1.76441 1.96855
335000 2.25182 1.76441 1.96855
336000 2.25182 1.76441 1.96855
337000 2.25182 1.76441 1.96855
338000 2.25182 1.76441 1.96855
339000 2.25182 1.76441 1.96855
340000 2.25182 1.76441 1.96855
341000 2.25182 1.76441 1.96855
342000 2.25182 1.76441 1.96855
343000 2.25182 1.76441 1.96855
344000 2.25182 1.76441 1.96855
345000 2.25182 1.76441 1.96855
346000 2.25182 1.76441 1.96855
347000 2.25182 1.76441 1.96855
348000 2.25182 1.76441 1.96855
349000 2.25182 1.76441 1.96855
350000 2.25182 1.76441 1.96855
351000 2.25182 1.76441 1.96855
352000 2.25182 1.76441 1.96855
353000 2.25182 1.76441 1.96855
354000 2.25182 1.76441 1.96855
355000 2.25182 1.76441 1.96855
356000 2.25182 1.76441 1.96855
357000 2.25182 1.76441 1.96855
358000 2.25182 1.76441 1.96855
359000 2.25182 1.76441 1.96855
360000 2.25182 1.76441 1.96855
361000 2.25182 1.76441 1.96855
362000 2.25182 1.76441 1.96855
363000 2.25182 1.76441 1.96855
364000 2.25182 1.76441 1.96855
365000 2.25182 1.76441 1.96855
366000 2.25182 1.76441 1.96855
367000 2.25182 1.76441 1.96855
368000 2.25182 1.76441 1.96855
369000 2.25182 1.76441 1.96855
370000 2.25182 1.76441 1.96855
371000 2.25182 1.76441 1.96855
372000 2.25182 1.76441 1.96855
373000 2.25182 1.76441 1.96855
374000 2.25182 1.76441 1.96855
375000 2.25182 1.76441 1.96855
376000 2.25182 1.76441 1.96855
377000 2.25182 1.76441 1.96855
378000 2.25182 1.76441 1.96855
379000 2.25182 1.76441 1.96855
380000 2.25182 1.76441 1.96855
381000 2.25182 1.76441 1.96855
382000 2.25182 1.76441 1.96855
383000 2.25182 1.76441 1.96855
384000 2.25182 1.76441 1.96855
385000 2.25182 1.76441 1.96855
386000 2.25182 1.76441 1.96855
387000 2.25182 1.76441 1.96855
388000 2.25182 1.76441 1.96855
389000 2.25182 1.76441 1.96855
390000 2.25182 1.76441 1.96855
391000 2.25182 1.76441 1.96855
392000 2.25182 1.76441 1.96855
393000 2.25182 1.76441 1.96855
394000 2.25182 1.76441 1.96855
395000 2.25182 1.76441 1.96855
396000 2.25182 1.76441 1.96855
397000 2.25182 1.76441 1.96855
398000 2.25182 1.76441 1.96855
399000 2.25182 1.76441 1.96855
400000 2.25182 1.76441 1.96855
401000 2.25182 1.76441 1.96855
402000 2.25182 1.76441 1.96855
403000 2.25182 1.76441 1.96855
404000 2.25182 1.76441 1.96855
405000 2.25182 1.76441 1.96855
406000 2.25182 1.76441 1.96855
407000 2.25182 1.76441 1.96855
408000 2.25182 1.76441 1.96855
409000 2.25182 1.76441 1.96855
410000 2.25182 1.76441 1.96855
411000 2.25182 1.76441 1.96855
412000 2.25182 1.76441 1.96855
413000 2.25182 1.76441 1.96855
414000 2.25182 1.76441 1.96855
415000 2.25182 1.76441 1.96855
416000 2.25182 1.76441 1.96855
417000 2.25182 1.76441 1.96855
418000 2.25182 1.76441 1.96855
419000 2.25182 1.76441 1.96855
420000 2.25182 1.76441 1.96855
421000 2.25182 1.76441 1.96855
422000 2.25182 1.76441 1.96855
423000 2.25182 1.76441 1.96855
424000 2.25182 1.76441 1.96855
425000 2.25182 1.76441 1.96855
426000 2.25182 1.76441 1.96855
427000 2.25182 1.76441 1.96855
428000 2.25182 1.76441 1.96855
429000 2.25182 1.76441 1.96855
430000 2.25182 1.76441 1.96855
431000 2.25182 1.76441 1.96855
432000 2.25182 1.76441 1.96855
433000 2.25182 1.76441 1.96855
434000 2.25182 1.76441 1.96855
435000 2.25182 1.76441 1.96855
436000 2.25182 1.76441 1.96855
437000 2.25182 1.76441 1.96855
438000 2.25182 1.76441 1.96855
439000 2.25182 1.76441 1.96855
440000 2.25182 1.76441 1.96855
441000 2.25182 1.76441 1.96855
442000 2.25182 1.76441 1.96855
443000 2.25182 1.76441 1.96855
444000 2.25182 1.76441 1.96855
445000 2.25182 1.76441 1.96855
446000 2.25182 1.76441 1.96855
447000 2.25182 1.76441 1.96855
448000 2.25182 1.76441 1.96855
449000 2.25182 1.76441 1.96855
450000 2.25182 1.76441 1.96855
451000 2.25182 1.76441 1.96855
452000 2.25182 1.76441 1.96855
453000 2.25182 1.76441 1.96855
454000 2.25182 1.76441 1.96855
455000 2.25182 1.76441 1.96855
456000 2.25182 1.76441 1.96855
457000 2.25182 1.76441 1.96855
458000 2.25182 1.76441 1.96855
459000 2.25182 1.76441 1.96855
460000 2.25182 1.76441 1.96855
461000 2.25182 1.76441 1.96855
462000 2.25182 1.76441 1.96855
463000 2.25182 1.76441 1.96855
464000 2.25182 1.76441 1.96855
465000 2.25182 1.76441 1.96855
466000 2.25182 1.76441 1.96855
467000 2.25182 1.76441 1.96855
468000 2.25182 1.76441 1.96855
469000 2.25182 1.76441 1.96855
470000 2.25182 1.76441 1.96855
471000 2.25182 1.76441 1.96855
472000 2.25182 1.76441 1.96855
473000 2.25182 1.76441 1.96855
474000 2.25182 1.76441 1.96855
475000 2.25182 1.76441 1.96855
476000 2.25182 1.76441 1.96855
477000 2.25182 1.76441 1.96855
478000 2.25182 1.76441 1.96855
479000 2.25182 1.76441 1.96855
480000 2.25182 1.76441 1.96855
481000 2.25182 1.76441 1.96855
482000 2.25182 1.76441 1.96855
483000 2.25182 1.76441 1.96855
484000 2.25182 1.76441 1.96855
485000 2.25182 1.76441 1.96855
486000 2.25182 1.76441 1.96855
487000 2.25182 1.76441 1.96855
488000 2.25182 1.76441 1.96855
489000 2.25182 1.76441 1.96855
490000 2.25182 1.76441 1.96855
491000 2.25182 1.76441 1.96855
492000 2.25182 1.76441 1.96855
493000 2.25182 1.76441 1.96855
494000 2.25182 1.76441 1.96855
495000 2.25182 1.76441 1.96855
496000 2.25182 1.76441 1.96855
497000 2.25182 1.76441 1.96855
498000 2.25182 1.76441 1.96855
499000 2.25182 1.76441 1.96855
500000 2.25182 1.76441 1.96855
501000 2.25182 1.76441 1.96855
502000 2.25182 1.76441 1.96855
503000 2.25182 1.76441 1.96855
504000 2.25182 1.76441 1.96855
505000 2.25182 1.76441 1.96855
506000 2.25182 1.76441 1.96855
507000 2.25182 1.76441 1.96855
508000 2.25182 1.76441 1.96855
509000 2.25182 1.76441 1.96855
510000 2.25182 1.76441 1.96855
511000 2.25182 1.76441 1.96855
512000 2.25182 1.76441 1.96855
513000 2.25182 1.76441 1.96855
514000 2.25182 1.76441 1.96855
515000 2.25182 1.76441 1.96855
516000 2.25182 1.76441 1.96855
517000 2.25182 1.76441 1.96855
518000 2.25182 1.76441 1.96855
519000 2.25182 1.76441 1.96855
520000 2.25182 1.76441 1.96855
521000 2.25182 1.76441 1.96855
522000 2.25182 1.76441 1.96855
523000 2.25182 1.76441 1.96855
524000 2.25182 1.76441 1.96855
525000 2.25182 1.76441 1.96855
526000 2.25182 1.76441 1.96855
527000 2.25182 1.76441 1.96855
528000 2.25182 1.76441 1.96855
529000 2.25182 1.76441 1.96855
530000 2.25182 1.76441 1.96855
531000 2.25182 1.76441 1.96855
532000 2.25182 1.76441 1.96855
533000 2.25182 1.76441 1.96855
534000 2.25182 1.76441 1.96855
535000 2.25182 1.76441 1.96855
536000 2.25182 1.76441 1.96855
537000 2.25182 1.76441 1.96855
538000 2.25182 1.76441 1.96855
539000 2.25182 1.76441 1.96855
540000 2.25182 1.76441 1.96855
541000 2.25182 1.76441 1.96855
542000 2.25182 1.76441 1.96855
543000 2.25182 1.76441 1.96855
544000 2.25182 1.76441 1.96855
545000 2.25182 1.76441 1.96855
546000 2.25182 1.76441 1.96855
547000 2.25182 1.76441 1.96855
548000 2.25182 1.76441 1.96855
549000 2.25182 1.76441 1.96855
550000 2.25182 1.76441 1.96855
551000 2.25182 1.76441 1.96855
552000 2.25182 1.76441 1.96855
553000 2.25182 1.76441 1.96855
554000 2.25182 1.76441 1.96855
555000 2.25182 1.76441 1.96855
556000 2.25182 1.76441 1.96855
557000 2.25182 1.76441 1.96855
558000 2.25182 1.76441 1.96855
559000 2.25182 1.76441 1.96855
560000 2.25182 1.76441 1.96855
561000 2.25182 1.76441 1.96855
562000 2.25182 1.76441 1.96855
563000 2.25182 1.76441 1.96855
564000 2.25182 1.76441 1.96855
565000 2.25182 1.76441 1.96855
566000 2.25182 1.76441 1.96855
567000 2.25182 1.76441 1.96855
568000 2.25182 1.76441 1.96855
569000 2.25182 1.76441 1.96855
570000 2.25182 1.76441 1.96855
571000 2.25182 1.76441 1.96855
572000 2.25182 1.76441 1.96855
573000 2.25182 1.76441 1.96855
574000 2.25182 1.76441 1.96855
575000 2.25182 1.76441 1.96855
576000 2.25182 1.76441 1.96855
577000 2.25182 1.76441 1.96855
578000 2.25182 1.76441 1.96855
579000 2.25182 1.76441 1.96855
580000 2.25182 1.76441 1.96855
581000 2.25182 1.76441 1.96855
582000 2.25182 1.76441 1.96855
583000 2.25182 1.76441 1.96855
584000 2.25182 1.76441 1.96855
585000 2.25182 1.76441 1.96855
586000 2.25182 1.76441 1.96855
587000 2.25182 1.76441 1.96855
588000 2.25182 1.76441 1.96855
589000 2.25182 1.76441 1.96855
590000 2.25182 1.76441 1.96855
591000 2.25182 1.76441 1.96855
592000 2.25182 1.76441 1.96855
593000 2.25182 1.76441 1.96855
594000 2.25182 1.76441 1.96855
595000 2.25182 1.76441 1.96855
596000 2.25182 1.76441 1.96855
597000 2.25182 1.76441 1.96855
598000 2.25182 1.76441 1.96855
599000 2.25182 1.76441 1.96855
600000 2.25182 1.76441 1.96855
601000 2.25182 1.76441 1.96855
602000 2.25182 1.76441 1.96855
603000 2.25182 1.76441 1.96855
604000 2.25182 1.76441 1.96855
605000 2.25182 1.76441 1.96855
606000 2.25182 1.76441 1.96855
607000 2.25182 1.76441 1.96855
608000 2.25182 1.76441 1.96855
609000 2.25182 1.76441 1.96855
610000 2.25182 1.76441 1.96855
611000 2.25182 1.76441 1.96855
612000 2.25182 1.76441 1.96855
613000 2.25182 1.76441 1.96855
614000 2.25182 1.76441 1.96855
615000 2.25182 1.76441 1.96855
616000 2.25182 1.76441 1.96855
617000 2.25182 1.76441 1.96855
618000 2.25182 1.76441 1.96855
619000 2.25182 1.76441 1.96855
620000 2.25182 1.76441 1.96855
621000 2.25182 1.76441 1.96855
622000 2.25182 1.76441 1.96855
623000 2.25182 1.76441 1.96855
624000 2.25182 1.76441 1.96855
625000 2.25182 1.76441 1.96855
626000 2.25182 1.76441 1.96855
627000 2.25182 1.76441 1.96855
628000 2.25182 1.76441 1.96855
629000 2.25182 1.76441 1.96855
630000 2.25182 1.76441 1.96855
631000 2.25182 1.76441 1.96855
632000 2.25182 1.76441 1.96855
633000 2.25182 1.76441 1.96855
634000 2.25182 1.76441 1.96855
635000 2.25182 1.76441 1.96855
636000 2.25182 1.76441 1.96855
637000 2.25182 1.76441 1.96855
638000 2.25182 1.76441 1.96855
639000 2.25182 1.76441 1.96855
640000 2.25182 1.76441 1.96855
641000 2.25182 1.76441 1.96855
642000 2.25182 1.76441 1.96855
643000 2.25182 1.76441 1.96855
644000 2.25182 1.76441 1.96855
645000 2.25182 1.76441 1.96855
646000 2.25182 1.76441 1.96855
647000 2.25182 1.76441 1.96855
648000 2.25182 1.76441 1.96855
649000 2.25182 1.76441 1.96855
650000 2.25182 1.76441 1.96855
651000 2.25182 1.76441 1.96855
652000 2.25182 1.76441 1.96855
653000 2.25182 1.76441 1.96855
654000 2.25182 1.76441 1.96855
655000 2.25182 1.76441 1.96855
656000 2.25182 1.76441 1.96855
657000 2.25182 1.76441 1.96855
658000 2.25182 1.76441 1.96855
659000 2.25182 1.76441 1.96855
660000 2.25182 1.76441 1.96855
661000 2.25182 1.76441 1.96855
662000 2.25182 1.76441 1.96855
663000 2.25182 1.76441 1.96855
664000 2.25182 1.76441 1.96855
665000 2.25182 1.76441 1.96855
666000 2.25182 1.76441 1.96855
667000 2.25182 1.76441 1.96855
668000 2.25182 1.76441 1.96855
669000 2.25182 1.76441 1.96855
670000 2.25182 1.76441 1.96855
671000 2.25182 1.76441 1.96855
672000 2.25182 1.76441 1.96855
673000 2.25182 1.76441 1.96855
674000 2.25182 1.76441 1.96855
675000 2.25182 1.76441 1.96855
676000 2.25182 1.76441 1.96855
677000 2.25182 1.76441 1.96855
678000 2.25182 1.76441 1.96855
679000 2.25182 1.76441 1.96855
680000 2.25182 1.76441 1.96855
681000 2.25182 1.76441 1.96855
682000 2.25182 1.76441 1.96855
683000 2.25182 1.76441 1.96855
684000 2.25182 1.76441 1.96855
685000 2.25182 1.76441 1.96855
686000 2.25182 1.76441 1.96855
687000 2.25182 1.76441 1.96855
688000 2.25182 1.76441 1.96855
689000 2.25182 1.76441 1.96855
690000 2.25182 1.76441 1.96855
691000 2.25182 1.76441 1.96855
692000 2.25182 1.76441 1.96855
693000 2.25182 1.76441 1.96855
694000 2.25182 1.76441 1.96855
695000 2.25182 1.76441 1.96855
696000 2.25182 1.76441 1.96855
697000 2.25182 1.76441 1.96855
698000 2.25182 1.76441 1.96855
699000 2.25182 1.76441 1.96855
700000 2.25182 1.76441 1.96855
701000 2.25182 1.76441 1.96855
702000 2.25182 1.76441 1.96855
703000 2.25182 1.76441 1.96855
704000 2.25182 1.76441 1.96855
705000 2.25182 1.76441 1.96855
706000 2.25182 1.76441 1.96855
707000 2.25182 1.76441 1.96855
708000 2.25182 1.76441 1.96855
709000 2.25182 1.76441 1.96855
710000 2.25182 1.76441 1.96855
711000 2.25182 1.76441 1.96855
712000 2.25182 1.76441 1.96855
713000 2.25182 1.76441 1.96855
714000 2.25182 1.76441 1.96855
715000 2.25182 1.76441 1.96855
716000 2.25182 1.76441 1.96855
717000 2.25182 1.76441 1.96855
718000 2.25182 1.76441 1.96855
719000 2.25182 1.76441 1.96855
720000 2.25182 1.76441 1.96855
721000 2.25182 1.76441 1.96855
722000 2.25182 1.76441 1.96855
723000 2.25182 1.76441 1.96855
724000 2.25182 1.76441 1.96855
725000 2.25182 1.76441 1.96855
726000 2.25182 1.76441 1.96855
727000 2.25182 1.76441 1.96855
728000 2.25182 1.76441 1.96855
729000 2.25182 1.76441 1.96855
730000 2.25182 1.76441 1.96855
731000 2.25182 1.76441 1.96855
732000 2.25182 1.76441 1.96855
733000 2.25182 1.76441 1.96855
734000 2.25182 1.76441 1.96855
735000 2.25182 1.76441 1.96855
736000 2.25182 1.76441 1.96855
737000 2.25182 1.76441 1.96855
738000 2.25182 1.76441 1.96855
739000 2.25182 1.76441 1.96855
740000 2.25182 1.76441 1.96855
741000 2.25182 1.76441 1.96855
742000 2.25182 1.76441 1.96855
743000 2.25182 1.76441 1.96855
744000 2.25182 1.76441 1.96855
745000 2.25182 1.76441 1.96855
746000 2.25182 1.76441 1.96855
747000 2.25182 1.76441 1.96855
748000 2.25182 1.76441 1.96855
749000 2.25182 1.76441 1.96855
750000 2.25182 1.76441 1.96855
751000 2.25182 1.76441 1.96855
752000 2.25182 1.76441 1.96855
753000 2.25182 1.76441 1.96855
754000 2.25182 1.76441 1.96855
755000 2.25182 1.76441 1.96855
756000 2.25182 1.76441 1.96855
757000 2.25182 1.76441 1.96855
758000 2.25182 1.76441 1.96855
759000 2.25182 1.76441 1.96855
760000 2.25182 1.76441 1.96855
761000 2.25182 1.76441 1.96855
762000 2.25182 1.76441 1.96855
763000 2.25182 1.76441 1.96855
764000 2.25182 1.76441 1.96855
765000 2.25182 1.76441 1.96855
766000 2.25182 1.76441 1.96855
767000 2.25182 1.76441 1.96855
768000 2.25182 1.76441 1.96855
769000 2.25182 1.76441 1.96855
770000 2.25182 1.76441 1.96855
771000 2.25182 1.76441 1.96855
772000 2.25182 1.76441 1.96855
773000 2.25182 1.76441 1.96855
774000 2.25182 1.76441 1.96855
775000 2.25182 1.76441 1.96855
776000 2.25182 1.76441 1.96855
777000 2.25182 1.76441 1.96855
778000 2.25182 1.76441 1.96855
779000 2.25182 1.76441 1.96855
780000 2.25182 1.76441 1.96855
781000 2.25182 1.76441 1.96855
782000 2.25182 1.76441 1.96855
783000 2.25182 1.76441 1.96855
784000 2.25182 1.76441 1.96855
785000 2.25182 1.76441 1.96855
786000 2.25182 1.76441 1.96855
787000 2.25182 1.76441 1.96855
788000 2.25182 1.76441 1.96855
789000 2.25182 1.76441 1.96855
790000 2.25182 1.76441 1.96855
791000 2.25182 1.76441 1.96855
792000 2.25182 1.76441 1.96855
793000 2.25182 1.76441 1.96855
794000 2.25182 1.76441 1.96855
795000 2.25182 1.76441 1.96855
796000 2.25182 1.76441 1.96855
797000 2.25182 1.76441 1.96855
798000 2.25182 1.76441 1.96855
799000 2.25182 1.76441 1.96855
800000 2.25182 1.76441 1.96855
801000 2.25182 1.76441 1.96855
802000 2.25182 1.76441 1.96855
803000 2.25182 1.76441 1.96855
804000 2.25182 1.76441 1.96855
805000 2.25182 1.76441 1.96855
806000 2.25182 1.76441 1.96855
807000 2.25182 1.76441 1.96855
808000 2.25182 1.76441 1.96855
809000 2.25182 1.76441 1.96855
810000 2.25182 1.76441 1.96855
811000 2.25182 1.76441 1.96855
812000 2.25182 1.76441 1.96855
813000 2.25182 1.76441 1.96855
814000 2.25182 1.76441 1.96855
815000 2.25182 1.76441 1.96855
816000 2.25182 1.76441 1.96855
817000 2.25182 1.76441 1.96855
818000 2.25182 1.76441 1.96855
819000 2.25182 1.76441 1.96855
820000 2.25182 1.76441 1.96855
821000 2.25182 1.76441 1.96855
822000 2.25182 1.76441 1.96855
823000 2.25182 1.76441 1.96855
824000 2.25182 1.76441 1.96855
825000 2.25182 1.76441 1.96855
826000 2.25182 1.76441 1.96855
827000 2.25182 1.76441 1.96855
828000 2.25182 1.76441 1.96855
829000 2.25182 1.76441 1.96855
830000 2.25182 1.76441 1.96855
831000 2.25182 1.76441 1.96855
832000 2.25182 1.76441 1.96855
833000 2.25182 1.76441 1.96855
834000 2.25182 1.76441 1.96855
835000 2.25182 1.76441 1.96855
836000 2.25182 1.76441 1.96855
837000 2.25182 1.76441 1.96855
838000 2.25182 1.76441 1.96855
839000 2.25182 1.76441 1.96855
840000 2.25182 1.76441 1.96855
841000 2.25182 1.76441 1.96855
842000 2.25182 1.76441 1.96855
843000 2.25182 1.76441 1.96855
844000 2.25182 1.76441 1.96855
845000 2.25182 1.76441 1.96855
846000 2.25182 1.76441 1.96855
847000 2.25182 1.76441 1.96855
848000 2.25182 1.76441 1.96855
849000 2.25182 1.76441 1.96855
850000 2.25182 1.76441 1.96855
851000 2.25182 1.76441 1.96855
852000 2.25182 1.76441 1.96855
853000 2.25182 1.76441 1.96855
854000 2.25182 1.76441 1.96855
855000 2.25182 1.76441 1.96855
856000 2.25182 1.76441 1.96855
857000 2.25182 1.76441 1.96855
858000 2.25182 1.76441 1.96855
859000 2.25182 1.76441 1.96855
860000 2.25182 1.76441 1.96855
861000 2.25182 1.76441 1.96855
862000 2.25182 1.76441 1.96855
863000 2.25182 1.76441 1.96855
864000 2.25182 1.76441 1.96855
865000 2.25182 1.76441 1.96855
866000 2.25182 1.76441 1.96855
867000 2.25182 1.76441 1.96855
868000 2.25182 1.76441 1.96855
869000 2.25182 1.76441 1.96855
870000 2.25182 1.76441 1.96855
871000 2.25182 1.76441 1.96855
872000 2.25182 1.76441 1.96855
873000 2.25182 1.76441 1.96855
874000 2.25182 1.76441 1.96855
875000 2.25182 1.76441 1.96855
876000 2.25182 1.76441 1.96855
877000 2.25182 1.76441 1.96855
878000 2.25182 1.76441 1.96855
879000 2.25182 1.76441 1.96855
880000 2.25182 1.76441 1.96855
881000 2.25182 1.76441 1.96855
882000 2.25182 1.76441 1.96855
883000 2.25182 1.76441 1.96855
884000 2.25182 1.76441 1.96855
885000 2.25182 1.76441 1.96855
886000 2.25182 1.76441 1.96855
887000 2.25182 1.76441 1.96855
888000 2.25182 1.76441 1.96855
889000 2.25182 1.76441 1.96855
890000 2.25182 1.76441 1.96855
891000 2.25182 1.76441 1.96855
892000 2.25182 1.76441 1.96855
893000 2.25182 1.76441 1.96855
894000 2.25182 1.76441 1.96855
895000 2.25182 1.76441 1.96855
896000 2.25182 1.76441 1.96855
897000 2.25182 1.76441 1.96855
898000 2.25182 1.76441 1.96855
899000 2.25182 1.76441 1.96855
900000 2.25182 1.76441 1.96855
901000 2.25182 1.76441 1.96855
902000 2.25182 1.76441 1.96855
903000 2.25182 1.76441 1.96855
904000 2.25182 1.76441 1.96855
905000 2.25182 1.76441 1.96855
906000 2.25182 1.76441 1.96855
907000 2.25182 1.76441 1.96855
908000 2.25182 1.76441 1.96855
909000 2.25182 1.76441 1.96855
910000 2.25182 1.76441 1.96855
911000 2.25182 1.76441 1.96855
912000 2.25182 1.76441 1.96855
913000 2.25182 1.76441 1.96855
914000 2.25182 1.76441 1.96855
915000 2.25182 1.76441 1.96855
916000 2.25182 1.76441 1.96855
917000 2.25182 1.76441 1.96855
918000 2.25182 1.76441 1.96855
919000 2.25182 1.76441 1.96855
920000 2.25182 1.76441 1.96855
921000 2.25182 1.76441 1.96855
922000 2.25182 1.76441 1.96855
923000 2.25182 1.76441 1.96855
924000 2.25182 1.76441 1.96855
925000 2.25182 1.76441 1.96855
926000 2.25182 1.76441 1.96855
927000 2.25182 1.76441 1.96855
928000 2.25182 1.76441 1.96855
929000 2.25182 1.76441 1.96855
930000 2.25182 1.76441 1.96855
931000 2.25182 1.76441 1.96855
932000 2.25182 1.76441 1.96855
933000 2.25182 1.76441 1.96855
934000 2.25182 1.76441 1.96855
935000 2.25182 1.76441 1.96855
936000 2.25182 1.76441 1.96855
937000 2.25182 1.76441 1.96855
938000 2.25182 1.76441 1.96855
939000 2.25182 1.76441 1.96855
940000 2.25182 1.76441 1.96855
941000 2.25182 1.76441 1.96855
942000 2.25182 1.76441 1.96855
943000 2.25182 1.76441 1.96855
944000 2.25182 1.76441 1.96855
945000 2.25182 1.76441 1.96855
946000 2.25182 1.76441 1.96855
947000 2.25182 1.76441 1.96855
948000 2.25182 1.76441 1.96855
949000 2.25182 1.76441 1.96855
950000 2.25182 1.76441 1.96855
951000 2.25182 1.76441 1.96855
952000 2.25182 1.76441 1.96855
953000 2.25182 1.76441 1.96855
954000 2.25182 1.76441 1.96855
955000 2.25182 1.76441 1.96855
956000 2.25182 1.76441 1.96855
957000 2.25182 1.76441 1.96855
958000 2.25182 1.76441 1.96855
959000 2.25182 1.76441 1.96855
960000 2.25182 1.76441 1.96855
961000 2.25182 1.76441 1.96855
962000 2.25182 1.76441 1.96855
963000 2.25182 1.76441 1.96855
964000 2.25182 1.76441 1.96855
965000 2.25182 1.76441 1.96855
966000 2.25182 1.76441 1.96855
967000 2.25182 1.76441 1.96855
968000 2.25182 1.76441 1.96855
969000 2.25182 1.76441 1.96855
970000 2.25182 1.76441 1.96855
971000 2.25182 1.76441 1.96855
972000 2.25182 1.76441 1.96855
973000 2.25182 1.76441 1.96855
974000 2.25182 1.76441 1.96855
975000 2.25182 1.76441 1.96855
976000 2.25182 1.76441 1.96855
977000 2.25182 1.76441 1.96855
978000 2.25182 1.76441 1.96855
979000 2.25182 1.76441 1.96855
980000 2.25182 1.76441 1.96855
981000 2.25182 1.76441 1.96855
982000 2.25182 1.76441 1.96855
983000 2.25182 1.76441 1.96855
984000 2.25182 1.76441 1.96855
985000 2.25182 1.76441 1.96855
986000 2.25182 1.76441 1.96855
987000 2.25182 1.76441 1.96855
988000 2.25182 1.76441 1.96855
989000 2.25182 1.76441 1.96855
990000 2.25182 1.76441 1.96855
991000 2.25182 1.76441 1.96855
992000 2.25182 1.76441 1.96855
993000 2.25182 1.76441 1.96855
994000 2.25182 1.76441 1.96855
995000 2.25182 1.76441 1.96855
996000 2.25182 1.76441 1.96855
997000 2.25182 1.76441 1.96855
998000 2.25182 1.76441 1.96855
999000 2.25182 1.76441 1.96855
1000000 2.25182 1.76441 1.96855
