# DATE: 2025-11-27 UNITS: lj Created by pair_write
# Pair potential hybrid/overlay for atom types 1 1: i,r,energy,force

totalpotential
N 100 R 0.5 3

       1  0.5                    76.5111893112005       447.833489347008     
       2  0.525252525252525      65.8036183759793       400.915176772498     
       3  0.55050505050505       56.2286997522401       358.066826216758     
       4  0.575757575757576      47.688094984219        318.942786576752     
       5  0.601010101010101      40.0917701741552       283.230212802595     
       6  0.626262626262626      33.3572221378806       250.644896045242     
       7  0.651515151515151      27.4087993272187       220.9278868954       
       8  0.676767676767677      22.1771002508548       193.842706060303     
       9  0.702020202020202      17.5984364652608       169.172999984121     
      10  0.727272727272727      13.6143502424048       146.720540722015     
      11  0.752525252525253      10.1711791850813       126.303497555627     
      12  0.777777777777778      7.21966163288839       107.754927159906     
      13  0.803030303030303      4.71457786503965       90.9214425990098     
      14  0.828282828282828      2.61442298212667       75.6620309648055     
      15  0.853535353535354      0.881108020042638      61.8469963261392     
      16  0.878787878787879     -0.52031362791067       49.3570096577123     
      17  0.904040404040404     -1.6218969908148        38.0822511183913     
      18  0.929292929292929     -2.45303567916968       27.9216328269559     
      19  0.954545454545455     -3.04067332910499       18.782092397944      
      20  0.97979797979798      -3.40949801327752       10.5779491320527     
      21  1.00505050505051      -3.58212111203377       3.23031603176205     
      22  1.03030303030303      -3.57924197920898      -3.33343817582955     
      23  1.05555555555556      -3.41979960062744      -9.18018201526317     
      24  1.08080808080808      -3.12111232555492      -14.3714735847777     
      25  1.10606060606061      -2.6990066486529       -18.9639760285122     
      26  1.13131313131313      -2.1679359297799       -23.0098395121707     
      27  1.15656565656566      -1.54108985922557      -26.5570526764093     
      28  1.18181818181818      -0.830495405026233     -29.6497662204549     
      29  1.20707070707071      -0.0471099155950552    -32.3285909928405     
      30  1.23232323232323       0.79909300604462      -34.6308727280352     
      31  1.25757575757576       1.40400821440545       2.60789863917846     
      32  1.28282828282828       1.33983513035985       2.47603704756325     
      33  1.30808080808081       1.27888659390113       2.35240387534745     
      34  1.33333333333333       1.22096292812541       2.2363670234481      
      35  1.35858585858586       1.16587966507983       2.12735291046527     
      36  1.38383838383838       1.11346615007456       2.02484011770561     
      37  1.40909090909091       1.06356429624561       1.92835382432526     
      38  1.43434343434343       1.01602747084754       1.83746092230262     
      39  1.45959595959596       0.970719497319088      1.75176571797243     
      40  1.48484848484848       0.927513759335507      1.67090614100484     
      41  1.51010101010101       0.886292394905894      1.59455039351845     
      42  1.53535353535354       0.846945570145216      1.52239398189676     
      43  1.56060606060606       0.809370823693167      1.45415708217187     
      44  1.58585858585859       0.773472473902113      1.38958219682421     
      45  1.61111111111111       0.739161081904299      1.32843206674571     
      46  1.63636363636364       0.706352964519105      1.270487807109       
      47  1.66161616161616       0.674969751695491      1.21554724012815     
      48  1.68686868686869       0.644937983820099      1.16342340130772     
      49  1.71212121212121       0.616188744772583      1.11394319886083     
      50  1.73737373737374       0.588657327088603      1.06694620861502     
      51  1.76262626262626       0.562282926008171      1.02228358898807     
      52  1.78787878787879       0.537008359551184      0.979817102561726    
      53  1.81313131313131       0.512779812080457      0.939418232458198    
      54  1.83838383838384       0.489546599091746      0.900967383172107    
      55  1.86363636363636       0.467260951215314      0.864353156764013    
      56  1.88888888888889       0.445877815629187      0.829471696408299    
      57  1.91414141414141       0.425354673274288      0.79622609023263     
      58  1.93939393939394       0.405651370429316      0.764525829208417    
      59  1.96464646464646       0.386729963351612      0.734286313568978    
      60  1.98989898989899       0.368554574821611      0.705428402858868    
      61  2.01515151515152       0.351091261545064      0.677878005266628    
      62  2.04040404040404       0.334307891470794      0.651565702374467    
      63  2.06565656565657       0.318174030173926      0.626426405881183    
      64  2.09090909090909       0.302660835536711      0.602399043226691    
      65  2.11616161616162       0.287740960032394      0.579426269374439    
      66  2.14141414141414       0.273388459983126      0.557454202297494    
      67  2.16666666666667       0.259578711221615      0.536432179969979    
      68  2.19191919191919       0.246288330638794      0.51631253689223     
      69  2.21717171717172       0.233495103146976      0.497050398378958    
      70  2.24242424242424       0.2211779136304        0.478603491018189    
      71  2.26767676767677       0.209316683493237      0.460931967867449    
      72  2.29292929292929       0.197892311449482      0.443998247094978    
      73  2.31818181818182       0.186886618230201      0.427766862899778    
      74  2.34343434343434       0.176282294911588      0.412204327656797    
      75  2.36868686868687       0.166062854592592      0.397279004334124    
      76  2.39393939393939       0.15621258717381       0.382960988319108    
      77  2.41919191919192       0.146716517010081      0.369221997870971    
      78  2.44444444444444       0.137560363228047      0.356035272489879    
      79  2.46969696969697       0.12873050251705       0.343375478557461    
      80  2.49494949494949       0.120213934217259      0.331218621662221    
      81  2.52020202020202       0.11199824754307       0.319541965075961    
      82  2.54545454545455       0.104071590792677      0.308323953894743    
      83  2.57070707070707       0.0964226424064718     0.297544144400758    
      84  2.5959595959596        0.0890405837476047     0.287183138240127    
      85  2.62121212121212       0.0819150734878499     0.277222521046597    
      86  2.64646464646465       0.075036223490829      0.267644805172771    
      87  2.67171717171717       0.0683945760928441     0.258433376219124    
      88  2.6969696969697        0.061981082689044      0.249572443077104    
      89  2.72222222222222       0.0557870835395212     0.241046991226147    
      90  2.74747474747475       0.0498042887162246     0.232842739045919    
      91  2.77272727272727       0.0440247601173532     0.224946096924557    
      92  2.7979797979798        0.0384408944812049     0.21734412896142     
      93  2.82323232323232       0.0330454073363342     0.210024517079036    
      94  2.84848484848485       0.027831317829364      0.202975527373642    
      95  2.87373737373737       0.0227919343759347     0.196185978547177    
      96  2.8989898989899        0.017920841084078      0.189645212275841    
      97  2.92424242424242       0.0132118849028278     0.183343065381574    
      98  2.94949494949495       0.00865916345211482    0.177269843683076    
      99  2.97474747474747       0.00425701349299085    0.171416297412343    
     100  3                      0                      0                    
